200 84
64 70
43 100
34 33
42 66
85 94
89 30
50 65
8 66
27 87
14 39
60 73
11 39
66 16
76 92
29 32
33 67
81 91
51 52
79 10
32 67
57 34
21 52
21 21
28 89
65 9
61 49
65 99
14 45
89 60
81 30
65 94
7 17
62 87
71 95
19 36
49 59
77 46
41 57
23 19
88 58
11 58
87 68
28 44
30 29
42 67
88 31
87 41
20 83
90 48
54 47
68 86
64 4
2 25
99 89
91 43
14 81
38 59
71 43
7 90
48 11
12 83
12 68
95 83
94 86
58 33
65 62
91 64
98 93
36 88
90 95
72 69
11 16
83 21
75 74
97 72
56 92
49 14
52 1
19 13
93 57
78 22
79 91
33 90
83 48
55 8
84 94
44 80
10 67
23 83
63 12
28 39
100 48
18 52
98 81
23 70
35 86
86 29
66 18
53 61
84 29
64 65
86 48
97 57
27 1
58 87
98 20
69 93
55 31
20 38
18 30
52 72
84 42
10 39
8 75
36 28
59 59
6 8
97 63
96 13
77 47
88 31
20 10
92 72
47 1
71 19
82 75
45 97
42 76
37 38
10 33
97 7
68 97
90 59
12 28
20 94
50 32
61 100
41 83
42 72
40 63
35 36
71 99
96 33
79 43
98 4
90 23
64 8
85 7
74 33
67 85
34 99
46 19
93 76
95 95
69 81
79 43
2 80
31 90
82 23
34 39
28 87
75 53
38 32
15 10
79 80
35 100
72 63
91 44
17 66
78 17
22 78
60 76
9 84
17 44
34 85
49 65
76 22
12 45
41 18
79 28
2 52
90 41
25 53
91 22
73 34
72 23
81 22
55 77
39 47
81 11
42 60
3 90
38 14
69 15
99 65
98 65
17 82
78 29
63 67
84 9
