200 60
73 37
30 1
25 84
84 21
36 45
17 54
12 93
20 87
99 85
42 27
43 5
79 93
18 19
12 64
100 14
57 37
96 21
14 3
67 86
85 24
4 55
25 64
46 4
96 35
78 33
61 41
64 48
70 26
3 86
97 12
55 81
5 36
68 77
33 44
28 2
35 46
47 74
89 33
83 75
36 46
80 83
46 51
67 34
52 1
39 46
65 90
18 97
82 55
80 39
30 76
7 21
4 3
13 23
54 89
65 100
25 55
71 65
9 82
34 11
41 9
95 75
40 34
16 59
82 83
87 69
17 68
65 98
4 55
82 36
32 35
25 67
17 55
87 71
61 55
54 64
18 76
83 52
95 30
31 79
76 22
82 84
28 81
58 87
52 28
51 53
9 96
11 37
55 21
12 56
2 64
27 50
91 29
93 18
64 46
10 58
14 39
74 85
74 19
80 23
88 12
68 40
6 78
77 53
26 64
38 11
74 10
99 89
47 37
100 36
71 90
84 75
17 95
64 56
54 25
90 98
19 12
95 38
100 34
6 50
24 67
18 67
43 19
70 91
21 12
52 11
66 75
38 31
11 18
83 88
30 69
65 37
73 25
33 26
34 9
58 42
42 10
23 43
44 56
76 56
47 20
51 97
18 72
72 27
30 20
66 84
45 78
62 52
32 66
2 64
97 80
69 24
13 31
58 31
41 27
57 24
31 80
90 50
63 43
13 76
13 99
5 81
29 43
62 42
31 73
53 86
24 67
87 3
69 23
62 64
28 42
100 73
38 49
85 27
77 90
53 24
86 20
29 45
66 59
40 51
7 80
91 15
46 94
67 3
81 83
98 89
19 2
14 49
11 29
69 99
60 26
37 63
19 26
99 3
91 98
92 18
45 59
38 2
98 81
96 21
11 19
