10000 32
44 17
6 2
82 50
25 82
81 74
66 24
74 93
29 26
42 14
54 34
26 91
26 3
54 54
82 19
84 36
31 23
70 35
23 51
90 99
25 25
86 25
100 53
32 3
18 52
40 60
75 19
81 94
7 62
64 23
39 75
88 94
91 8
94 56
32 72
9 54
53 52
58 35
94 15
81 100
44 24
65 32
1 4
45 68
78 85
86 51
96 82
46 64
68 57
29 74
73 99
86 42
1 40
38 29
43 40
93 63
67 67
63 30
14 5
77 22
7 100
60 52
27 78
74 88
25 68
21 40
86 25
63 72
15 19
13 74
78 50
100 7
68 14
40 37
96 90
15 37
78 10
34 18
61 35
20 11
33 99
31 27
81 53
33 85
2 57
28 16
19 75
3 74
19 43
96 60
69 36
61 29
63 17
92 40
81 76
45 2
39 80
40 4
99 44
47 97
12 48
12 44
21 66
75 16
3 78
69 9
13 100
7 62
39 19
69 52
89 36
27 9
20 10
40 54
36 28
49 31
71 69
32 20
73 45
42 60
4 80
88 61
86 91
1 75
27 27
27 35
14 80
98 9
34 12
12 44
18 23
50 85
78 87
99 49
86 33
73 20
35 58
39 52
8 54
56 81
46 37
15 49
53 72
27 55
24 42
26 33
67 95
58 21
94 19
25 62
48 86
92 51
60 32
63 55
83 34
67 82
67 44
8 32
23 94
13 96
19 43
2 56
94 83
82 86
65 58
32 58
62 7
67 44
64 6
41 81
15 69
33 9
2 10
73 88
7 85
33 81
65 55
76 5
79 25
6 15
9 13
48 40
44 4
15 2
16 72
36 62
62 36
45 8
52 82
86 19
98 16
43 74
58 29
28 74
98 42
63 82
26 84
40 71
71 21
13 41
7 65
7 97
8 48
12 80
33 82
81 25
27 57
69 12
78 69
61 12
92 99
97 76
100 32
80 85
80 77
43 53
54 60
68 37
28 73
74 47
88 61
92 64
73 43
72 20
20 93
66 7
92 47
80 19
95 25
80 19
12 52
6 27
86 76
18 54
6 62
11 91
27 83
16 73
83 75
53 95
35 90
55 42
51 31
24 29
56 37
52 11
53 90
65 19
13 18
29 75
45 53
86 76
44 74
73 27
90 71
52 32
15 83
73 32
78 3
69 25
17 29
35 48
47 47
92 42
15 32
10 34
36 100
92 13
58 90
66 39
66 32
5 43
70 28
48 54
94 28
90 98
85 89
71 36
85 5
69 65
24 51
40 60
48 80
83 67
16 8
95 95
44 23
94 94
79 35
100 47
74 4
29 37
40 69
58 32
78 40
53 91
9 17
24 94
50 31
61 89
39 47
52 93
7 84
16 27
91 76
100 95
12 39
40 69
25 19
68 52
53 92
12 16
79 43
67 94
12 14
53 82
61 60
47 59
51 71
90 93
60 12
59 52
56 65
70 48
58 84
6 8
83 13
60 57
91 14
53 99
56 4
87 11
98 82
28 22
34 50
30 51
66 77
81 54
67 70
87 90
70 38
19 79
37 85
80 37
18 69
56 92
52 13
30 38
94 18
84 11
88 44
99 53
23 48
58 74
64 15
58 78
65 25
3 2
17 77
43 90
12 43
80 16
52 11
64 23
18 89
99 48
26 52
47 83
61 43
10 44
75 96
23 42
98 83
97 83
66 25
76 42
38 11
80 64
33 46
76 70
86 71
56 89
5 2
16 6
22 69
87 70
76 82
34 56
53 92
58 100
1 48
86 62
19 58
59 65
30 64
19 89
14 68
29 26
60 53
52 68
38 66
95 64
32 55
54 37
63 89
13 35
88 56
86 80
79 34
19 12
45 10
5 98
47 95
12 34
93 90
80 13
83 65
15 59
12 85
73 32
17 31
37 91
8 51
78 62
19 26
96 83
28 13
67 97
72 11
2 87
40 97
55 66
79 31
11 62
22 39
34 90
7 47
69 75
39 69
18 15
50 72
88 17
20 43
64 16
82 55
49 12
14 80
82 81
52 44
63 79
66 93
74 87
3 33
55 87
95 78
44 46
60 17
62 11
99 69
41 64
73 73
54 72
3 42
87 96
67 59
79 21
99 57
75 67
2 10
56 16
60 71
58 49
98 44
1 52
46 59
67 93
64 12
88 75
15 44
94 71
88 74
33 99
37 94
43 24
91 13
17 83
24 30
56 60
57 71
16 42
59 78
65 98
17 78
89 35
4 39
33 41
51 77
73 98
95 53
47 66
37 62
94 18
71 62
36 59
66 35
42 5
82 37
83 77
71 44
100 92
17 96
39 38
74 38
94 86
90 84
70 60
37 94
45 64
91 3
65 66
85 65
23 17
85 68
14 31
2 3
39 81
46 64
46 38
73 97
62 26
5 43
14 70
16 39
57 75
17 63
8 63
23 68
32 99
55 77
34 27
67 37
33 17
85 34
48 85
49 22
34 59
17 74
84 12
97 73
12 8
49 50
33 5
25 80
93 71
20 67
32 57
58 43
2 28
14 41
98 78
77 42
68 49
20 3
36 49
92 76
50 94
25 91
27 96
1 39
87 70
39 18
81 42
47 72
28 58
96 46
78 15
49 39
14 20
85 2
80 76
38 13
90 99
48 76
24 96
51 47
99 34
27 10
57 3
49 67
56 27
39 88
39 50
42 21
82 62
14 33
14 50
13 93
38 31
73 23
86 4
8 85
100 59
88 70
25 38
75 97
93 87
60 37
34 1
90 10
50 51
11 42
35 66
66 85
53 68
8 54
19 84
65 15
54 59
67 74
79 50
51 66
35 32
53 79
47 91
44 17
17 48
71 26
80 65
34 81
83 89
71 66
3 23
71 14
21 53
35 93
96 44
69 79
85 57
94 73
58 90
14 43
83 72
81 93
25 82
1 45
34 65
19 74
45 40
48 9
1 91
56 44
92 68
19 78
68 10
33 23
41 36
34 53
85 35
39 36
49 78
63 17
35 66
11 38
70 5
27 55
53 96
25 80
87 98
81 40
98 62
44 58
51 91
46 83
36 5
11 88
95 97
64 88
75 34
50 50
65 8
47 94
91 81
50 92
9 61
83 41
18 38
58 91
84 97
21 3
76 42
43 26
70 72
95 24
14 79
20 44
70 21
21 38
62 7
39 28
62 5
77 39
30 13
70 54
44 35
79 63
15 2
84 32
97 89
83 88
38 58
58 92
20 25
5 96
86 31
2 100
29 87
78 30
2 14
98 2
3 19
12 88
33 62
93 94
13 87
60 79
58 41
26 45
82 34
3 75
64 64
75 76
97 77
79 11
70 66
35 35
78 95
30 50
2 44
12 90
48 56
38 51
42 29
28 74
53 63
40 7
72 40
69 26
43 72
33 80
23 46
57 1
72 23
20 80
88 61
42 90
69 1
73 15
24 25
77 16
44 80
40 41
9 62
77 42
93 76
7 79
82 77
55 64
90 6
79 60
44 39
90 33
66 4
52 58
20 91
56 10
98 8
1 49
71 79
39 64
65 95
82 88
24 77
92 19
78 39
55 90
30 37
38 35
34 92
1 97
24 34
50 4
92 98
6 92
38 89
60 14
74 5
72 34
85 93
48 79
75 59
1 98
19 62
66 62
25 39
23 40
1 19
71 55
95 5
25 41
1 79
42 15
77 95
66 20
54 97
59 44
68 71
47 9
85 73
70 30
64 34
73 42
100 33
43 7
45 82
59 66
47 69
84 88
99 25
16 39
8 30
85 89
57 41
21 77
78 52
42 52
49 56
20 18
19 24
52 62
95 53
75 72
89 98
79 26
42 20
70 21
38 26
60 62
11 75
69 60
24 43
40 62
65 41
16 76
50 66
54 89
72 9
65 20
37 3
58 52
40 41
21 24
34 65
25 77
33 35
85 73
4 7
68 10
37 11
34 31
2 13
55 27
25 99
21 88
11 82
46 39
12 40
12 76
20 28
56 59
22 21
97 75
89 40
46 82
18 40
12 81
74 30
96 3
53 63
95 47
91 44
21 15
13 77
96 31
51 61
34 22
8 21
63 69
24 30
62 30
98 36
13 96
73 86
25 56
10 94
31 29
45 59
60 29
71 83
82 40
45 74
76 79
67 16
68 37
68 20
47 7
85 33
63 74
13 78
82 100
72 97
51 33
80 14
14 79
85 66
94 90
83 49
79 33
41 70
27 83
33 40
51 35
49 65
70 66
93 37
69 80
47 58
37 59
37 42
19 91
9 31
83 85
14 44
87 1
61 23
83 58
56 73
25 64
60 61
84 42
86 44
63 63
25 6
28 5
95 23
46 73
89 22
32 60
91 40
21 35
29 78
84 11
11 55
28 10
34 99
37 86
92 91
8 72
50 26
9 48
11 20
85 30
63 73
34 48
2 100
24 88
90 53
80 15
34 19
53 65
63 96
84 4
41 83
1 86
73 100
89 81
33 41
17 46
92 5
15 43
3 65
34 7
75 40
2 60
67 62
86 85
65 8
32 93
9 52
74 58
92 59
4 94
65 4
38 37
32 23
64 22
61 96
95 8
98 18
70 52
39 11
3 81
33 66
27 4
44 44
97 31
7 71
93 13
73 56
64 66
38 21
45 85
82 16
9 21
100 95
57 23
94 64
69 99
79 51
16 89
96 71
81 42
38 71
92 63
69 34
22 24
98 67
25 14
68 25
47 25
80 35
7 33
40 77
87 15
45 80
33 55
61 79
50 55
8 49
30 66
74 39
10 18
68 56
79 88
89 77
96 58
40 78
48 38
30 24
78 57
13 53
88 23
39 43
91 97
58 11
19 18
36 67
92 54
62 30
72 29
84 52
82 69
34 40
70 18
62 95
27 60
68 18
3 94
8 71
92 97
13 71
79 41
78 82
67 19
77 45
34 78
52 46
55 89
33 25
69 34
15 47
46 14
63 99
17 47
100 86
99 25
69 10
35 82
46 3
72 78
13 13
78 21
1 36
54 91
51 92
14 61
9 78
17 85
16 34
90 19
70 44
97 72
22 11
92 70
18 59
94 55
3 26
9 27
92 92
20 63
10 40
2 35
93 54
34 90
85 76
9 2
98 2
51 56
81 98
71 55
36 64
16 32
22 13
61 99
57 50
37 40
48 96
44 23
50 95
88 11
68 75
37 70
60 13
1 88
44 87
100 100
56 86
100 47
1 48
2 12
49 95
18 10
19 84
28 44
63 55
39 64
87 15
51 92
84 100
8 58
46 53
17 89
15 54
21 6
33 8
48 2
99 8
69 46
88 20
50 52
11 1
48 35
9 63
42 67
98 7
58 22
32 57
4 80
69 76
68 10
94 41
19 74
72 71
88 95
22 6
12 15
40 3
93 75
62 62
76 65
4 75
40 85
52 72
51 25
1 82
90 46
11 93
42 92
1 69
68 58
12 67
16 55
5 92
52 14
86 61
14 20
11 35
7 63
25 80
1 47
21 2
86 92
86 54
36 7
94 28
90 57
96 78
9 54
8 3
83 8
26 1
34 37
65 3
14 25
46 40
81 66
59 81
93 33
61 75
66 9
93 37
48 81
33 20
14 7
100 38
10 23
71 63
32 9
38 62
19 33
51 24
12 74
55 17
66 16
80 86
44 25
41 81
87 95
66 28
96 97
52 68
83 29
14 54
99 67
49 79
85 5
89 10
77 39
55 25
87 66
3 64
59 64
36 22
99 91
34 93
51 44
24 1
30 75
37 4
77 92
64 77
5 85
31 87
24 92
23 16
27 90
46 9
49 5
87 30
31 70
66 73
27 11
84 38
72 27
27 55
92 34
25 38
90 23
39 70
6 82
37 39
92 49
73 49
29 61
81 71
59 56
20 38
27 13
76 2
64 26
71 89
46 84
100 41
57 89
49 1
46 38
26 55
32 49
95 99
51 95
48 47
92 31
83 99
14 75
60 99
43 3
11 91
80 62
56 99
52 79
37 87
25 79
39 6
78 62
37 60
10 56
25 95
16 95
13 97
46 16
83 90
75 62
10 45
20 71
4 42
4 24
13 44
35 88
78 2
22 31
76 37
86 78
85 69
89 96
16 72
42 64
30 5
73 32
64 83
21 8
41 51
1 22
41 62
27 33
38 17
42 89
33 37
24 54
20 14
35 70
9 26
19 36
24 86
24 8
4 72
52 52
6 25
64 61
51 68
15 11
75 18
52 6
62 64
31 84
53 72
97 22
21 19
30 16
35 32
17 11
67 59
93 81
72 10
12 61
37 4
85 21
83 25
19 8
34 67
44 44
2 49
81 91
48 48
52 3
17 76
12 11
79 77
72 75
57 21
65 89
35 45
40 61
47 59
23 88
7 89
45 86
4 27
16 89
14 26
74 97
23 55
66 86
63 72
29 13
93 61
78 52
67 79
90 39
62 17
42 19
24 72
100 55
14 72
11 83
86 73
73 44
75 11
20 88
14 72
25 8
69 99
8 37
71 4
8 57
82 15
38 93
10 16
80 30
8 77
81 43
4 40
75 60
84 93
63 99
93 65
38 72
66 87
3 58
19 96
3 34
92 46
3 46
63 73
24 73
5 43
44 26
78 90
1 53
42 2
56 46
37 57
100 43
9 10
24 60
81 98
34 80
57 16
41 66
35 59
99 59
54 52
83 40
73 25
50 51
93 74
40 28
30 39
40 82
17 40
95 53
23 90
11 8
100 19
85 90
14 8
68 66
11 98
16 60
1 83
73 42
95 15
14 84
79 44
87 45
90 87
90 20
41 64
53 73
79 64
76 81
85 6
69 65
74 33
7 5
94 1
84 51
69 41
17 25
64 84
65 91
70 93
38 23
23 79
91 36
87 60
80 39
41 4
3 55
87 71
30 15
86 6
87 12
39 34
69 3
10 76
18 25
47 75
49 15
3 93
33 76
21 52
81 89
13 63
77 14
39 43
84 13
75 30
28 6
27 78
96 24
97 6
62 82
48 19
92 9
51 21
16 100
63 92
16 52
56 45
97 64
71 44
41 67
7 70
71 23
95 79
64 34
62 75
83 61
26 90
6 51
55 50
59 20
31 56
35 63
89 84
65 23
17 62
35 16
43 7
1 31
73 6
55 13
31 16
97 26
79 41
97 20
87 46
51 75
28 86
23 15
29 98
55 98
100 88
66 77
4 43
97 95
10 33
89 74
3 35
2 81
78 42
95 15
10 35
55 43
86 80
74 20
22 89
72 3
25 28
45 24
100 80
95 51
18 95
71 86
12 39
5 11
19 59
72 24
9 11
75 75
1 92
11 54
10 97
51 44
71 59
38 66
10 43
44 43
31 95
20 97
38 54
7 44
90 81
78 61
72 52
75 76
38 18
54 32
29 26
98 76
70 57
32 3
12 88
49 31
62 63
67 51
70 93
32 23
34 12
90 85
97 57
56 100
51 14
53 51
36 11
40 19
53 25
22 45
31 46
65 30
45 62
27 90
80 12
12 73
4 56
54 67
55 16
52 45
52 79
1 29
49 16
29 29
25 73
96 30
4 65
90 57
2 16
5 43
78 70
5 60
33 29
7 57
22 54
97 83
94 23
40 85
79 74
12 10
95 31
57 53
39 51
60 44
93 96
24 71
71 52
49 18
54 33
19 3
94 26
78 60
50 6
85 27
26 5
47 76
11 53
34 15
88 94
18 59
4 11
51 81
7 30
44 5
99 90
40 75
79 36
99 63
98 53
18 2
57 64
21 57
13 84
50 11
45 57
66 99
27 25
80 22
40 58
31 33
77 71
99 37
58 1
70 86
57 56
52 67
88 64
2 49
26 64
96 20
4 72
93 77
2 21
74 34
27 63
4 52
55 97
66 91
10 8
55 70
20 61
95 72
17 20
5 15
80 70
50 1
66 92
8 82
48 69
3 81
56 8
64 85
46 62
87 93
24 99
93 16
8 65
5 33
81 61
82 64
88 88
57 79
18 30
50 95
13 65
39 22
82 1
59 39
19 54
60 85
29 75
53 18
9 65
98 21
42 82
28 60
37 61
14 23
26 46
17 22
64 85
99 73
53 18
91 81
39 37
69 90
14 10
54 37
90 75
34 53
50 49
3 96
66 16
35 33
49 7
30 99
48 29
32 4
1 54
64 55
26 6
64 83
70 52
97 88
98 44
13 62
21 3
52 56
76 81
66 70
47 87
29 43
2 98
75 12
14 56
68 100
50 45
15 20
95 9
45 36
69 39
77 29
46 35
79 90
20 70
51 8
57 56
87 5
77 96
92 84
96 4
46 100
54 57
67 60
71 55
83 48
18 99
69 20
65 83
5 88
68 95
26 5
62 47
44 15
19 17
22 77
69 45
43 20
1 100
92 39
14 78
88 13
100 92
10 61
59 91
68 89
58 74
9 38
3 26
50 29
87 67
93 89
15 45
32 90
68 93
56 3
61 98
79 29
92 68
53 75
82 99
99 22
100 54
87 11
29 11
46 72
56 76
79 66
90 31
70 91
44 23
84 13
41 2
80 61
91 36
71 62
34 72
71 77
97 98
97 37
86 28
47 99
32 55
24 10
17 10
30 72
22 34
12 89
59 99
86 42
13 42
55 25
57 15
21 15
44 66
24 72
98 34
30 46
16 56
97 64
69 95
51 86
82 50
31 30
33 20
43 15
87 17
90 62
82 53
69 82
38 15
100 43
1 35
19 82
50 69
20 62
41 80
66 54
45 19
55 39
65 9
47 42
51 89
40 30
78 56
74 22
21 20
92 12
12 69
76 44
28 100
53 98
77 92
42 36
67 1
41 25
74 95
11 68
20 61
66 23
4 30
49 96
60 12
10 35
97 73
64 27
22 37
38 45
5 83
79 18
22 90
30 54
21 41
71 65
44 52
80 82
90 26
56 84
92 8
38 33
72 28
87 70
20 52
80 73
81 94
19 76
17 79
83 71
42 23
18 10
26 42
4 52
62 55
72 35
55 34
33 83
30 49
73 6
42 32
30 10
97 35
28 32
89 96
84 64
87 5
40 30
59 26
77 10
58 51
16 59
46 7
14 5
65 68
81 6
96 26
46 17
49 77
40 95
77 31
75 96
74 81
17 74
23 85
81 52
73 81
94 31
71 73
72 30
68 56
42 18
60 50
76 56
38 44
60 40
60 43
96 21
86 63
39 86
19 66
38 95
36 14
76 6
70 90
32 75
42 1
44 55
43 5
82 76
35 12
86 47
27 86
70 60
78 33
82 44
18 43
70 20
17 24
17 40
82 59
83 22
33 79
11 36
15 96
87 82
19 99
22 34
42 88
87 22
61 12
51 58
93 83
61 49
14 57
45 35
20 91
81 2
60 9
42 19
7 65
52 13
18 78
9 35
11 55
1 59
6 71
4 46
48 86
24 67
12 74
15 44
26 42
77 70
75 35
99 55
17 5
49 58
23 93
90 99
50 90
26 12
2 94
79 32
42 17
49 25
83 7
66 73
95 50
23 20
47 17
15 2
44 58
82 89
12 64
75 47
66 37
76 55
60 50
46 27
76 43
25 35
52 88
33 66
91 14
29 66
92 16
63 8
84 55
58 27
86 9
97 61
4 12
9 75
38 2
19 64
72 38
22 5
90 79
46 58
66 53
92 46
98 93
51 70
87 38
49 9
63 100
12 71
85 26
46 75
85 7
60 70
48 73
16 24
38 69
1 23
42 31
51 59
16 73
37 62
57 8
35 57
24 1
41 80
97 24
92 19
45 51
14 68
21 61
16 95
76 48
59 45
71 67
46 89
63 5
59 95
36 35
52 81
37 12
44 42
18 72
37 38
68 25
10 62
41 36
40 85
55 69
66 93
33 16
46 23
29 36
61 43
75 98
92 68
72 87
47 34
99 50
48 48
5 59
48 56
34 98
66 57
71 65
12 27
76 14
97 64
72 94
89 37
7 22
100 51
76 19
59 61
85 54
8 65
10 48
21 68
9 67
7 22
3 73
68 46
65 55
69 93
77 86
92 72
39 51
91 56
41 34
63 68
9 24
86 95
99 75
2 15
50 80
34 25
49 3
62 90
12 75
34 70
54 2
98 6
63 12
4 38
87 41
55 75
56 97
13 76
95 29
58 33
61 90
29 94
55 2
76 57
59 78
90 1
87 8
49 8
32 38
42 8
92 33
79 48
72 20
57 64
49 46
11 83
17 45
64 12
58 37
19 61
38 14
36 5
75 83
4 55
92 5
82 66
48 77
63 63
58 44
68 14
29 71
46 80
9 51
58 62
12 33
64 89
66 63
46 77
81 65
5 83
94 80
96 55
11 37
63 25
79 19
5 82
8 51
79 47
4 14
91 47
27 98
65 26
42 10
45 23
61 44
38 16
93 46
54 57
81 68
24 54
59 90
33 20
85 5
100 29
20 34
57 48
58 40
85 93
15 22
49 69
86 3
80 39
83 47
82 33
28 60
22 2
4 100
68 96
75 89
1 16
34 12
45 49
30 18
1 28
96 93
27 79
42 20
36 81
67 79
25 59
20 6
32 3
64 78
40 72
76 14
48 19
31 74
40 15
11 35
19 7
85 57
91 65
67 86
39 57
40 57
55 86
70 16
23 58
71 36
63 1
43 45
24 85
79 29
90 62
38 2
14 15
98 45
69 8
33 15
55 10
95 2
61 40
14 11
58 95
80 19
10 87
30 51
17 84
98 13
28 90
13 72
87 44
89 50
93 90
75 68
33 20
8 39
49 26
32 49
24 42
21 91
74 80
60 24
58 16
91 67
92 56
56 66
95 25
3 28
86 82
57 29
93 3
92 100
35 49
72 87
77 22
29 53
80 39
41 48
67 67
89 9
22 83
24 76
29 97
52 22
30 3
29 66
44 97
90 73
74 93
82 61
80 27
63 35
5 8
14 87
100 20
18 66
10 56
98 40
35 45
56 35
93 44
14 34
33 9
62 6
39 58
65 87
97 62
99 99
3 76
36 36
27 52
92 1
16 95
17 21
11 24
70 83
85 36
66 18
25 58
50 61
63 88
24 46
85 73
69 28
79 51
21 93
64 52
68 49
66 75
72 55
17 8
68 89
25 66
11 95
64 86
20 93
63 48
30 32
95 77
70 57
90 3
8 76
66 42
70 61
66 71
96 14
86 69
35 81
3 59
79 65
15 30
19 42
82 87
73 52
93 87
62 76
79 2
89 48
53 66
63 80
43 68
59 98
53 18
62 78
67 10
21 28
55 41
14 38
75 74
76 16
23 27
52 21
25 5
51 10
7 37
18 26
90 61
6 68
83 54
100 46
60 7
82 64
52 18
30 100
89 78
76 20
7 21
65 43
51 88
16 37
91 28
84 94
46 4
65 88
63 29
53 10
91 80
76 5
5 71
80 60
84 78
72 29
82 40
70 22
74 76
31 11
82 81
18 31
24 29
64 63
23 84
93 90
64 18
61 32
37 11
56 33
78 22
43 35
5 70
10 54
4 73
71 85
64 49
45 20
95 45
67 58
80 84
53 18
93 33
78 96
56 26
30 13
18 38
44 1
3 63
14 75
10 94
7 11
16 29
75 59
80 16
3 11
32 16
17 32
51 96
44 96
90 20
73 17
92 26
45 71
29 67
72 53
32 23
43 62
81 7
37 65
37 76
3 16
63 11
24 93
76 77
92 13
97 81
55 22
24 13
67 98
35 35
71 7
27 28
6 30
56 97
11 71
71 58
84 80
53 54
53 51
3 19
28 2
59 43
92 3
95 99
22 80
90 10
87 98
67 56
91 88
52 8
73 18
19 29
3 54
55 51
19 51
72 29
58 72
8 81
20 88
100 48
24 31
23 88
87 82
51 62
19 39
73 29
20 23
42 18
66 72
96 83
48 41
36 12
23 76
44 28
23 1
22 24
28 30
20 92
52 25
9 74
90 76
32 57
65 88
31 36
87 70
71 93
89 71
44 90
53 56
78 11
89 98
48 19
29 99
70 43
78 37
17 78
7 36
10 59
19 65
3 73
22 69
27 20
69 40
7 28
52 47
93 76
41 32
27 62
62 53
10 14
70 61
44 33
15 60
5 30
65 40
51 46
56 95
15 12
37 31
2 11
66 5
32 12
47 1
1 37
28 52
22 59
88 23
69 35
63 2
22 26
19 83
67 37
63 79
6 81
46 71
38 95
54 7
89 40
37 36
93 51
27 55
9 44
52 32
96 88
53 88
51 49
26 38
14 61
65 68
36 61
97 50
63 51
30 28
70 76
98 4
30 53
94 36
30 97
50 51
15 24
41 89
100 28
76 50
7 14
7 44
6 71
89 56
60 94
50 21
93 37
64 14
91 47
41 47
44 26
31 2
96 51
34 38
39 91
70 9
63 85
1 71
72 36
51 63
22 3
62 77
93 69
5 21
90 58
48 31
55 80
16 13
40 77
58 79
16 52
15 70
48 78
57 77
22 32
76 19
19 40
76 11
19 30
41 53
20 48
10 48
26 54
77 53
27 45
53 62
91 24
38 33
19 52
44 71
28 96
58 58
65 68
84 64
86 59
75 83
57 18
22 35
2 70
50 34
44 99
51 95
90 2
73 61
65 42
2 14
43 43
38 15
61 64
93 89
25 13
85 57
91 38
55 19
33 28
72 94
6 82
31 57
49 66
53 96
81 3
4 98
72 56
96 84
89 34
56 44
55 16
4 68
95 90
30 23
18 47
40 64
8 9
47 88
4 94
56 43
13 16
67 95
71 25
68 69
17 30
41 96
29 17
74 61
12 19
38 35
3 69
53 95
75 8
75 81
90 37
99 97
14 33
42 22
94 34
87 3
86 1
6 18
77 46
96 59
14 41
47 82
54 89
55 84
78 34
28 54
97 84
78 32
57 8
82 87
57 53
12 82
32 13
85 74
66 84
75 22
93 68
92 32
60 92
7 53
87 38
1 78
72 3
3 52
71 63
96 10
31 82
48 68
65 3
29 63
67 64
75 97
35 19
9 11
89 85
85 48
43 97
68 15
94 72
56 6
37 43
61 3
34 18
93 85
72 12
49 84
41 79
30 22
38 87
23 25
2 66
89 24
81 34
85 44
8 17
1 95
48 30
36 48
65 51
92 45
78 97
35 97
18 41
3 95
41 3
70 34
89 64
48 94
74 78
27 47
11 13
70 51
11 70
12 33
76 23
50 62
95 51
47 56
78 68
1 2
27 75
26 36
16 86
71 16
51 76
22 10
7 39
77 60
32 30
18 22
11 48
70 8
65 41
36 100
59 87
30 7
13 47
91 42
64 94
3 40
72 53
66 71
22 5
22 73
31 73
16 61
51 98
15 73
64 93
9 80
10 19
9 12
22 85
47 41
79 22
66 59
81 97
62 4
88 98
67 81
77 65
40 42
65 17
63 78
33 22
16 97
49 28
17 41
80 75
33 9
13 17
5 93
81 64
55 89
73 37
67 79
50 96
41 26
10 24
28 43
79 83
20 94
92 56
99 28
55 83
17 18
33 87
5 29
41 62
3 84
44 98
27 21
12 87
11 70
11 49
95 90
26 78
82 55
41 15
19 37
81 56
66 79
12 37
48 48
37 16
39 80
56 2
97 12
1 21
28 100
8 77
44 14
65 68
22 96
18 56
56 52
29 41
61 53
74 71
18 86
45 78
35 92
99 43
79 13
27 89
7 53
64 40
47 32
100 36
17 25
73 67
88 71
9 84
74 44
84 84
99 39
87 12
15 51
31 8
33 74
92 23
84 24
86 10
33 52
49 12
45 89
82 68
61 37
94 6
39 23
62 15
68 14
99 83
96 68
6 63
10 50
77 2
14 41
70 4
53 66
2 4
72 20
7 22
26 14
99 69
93 53
72 8
68 85
14 21
1 11
96 55
100 71
98 17
55 18
97 60
18 60
93 34
60 11
54 82
44 35
38 51
89 39
58 63
54 10
15 2
51 62
91 35
100 80
36 82
99 25
20 43
13 15
34 35
1 82
18 66
5 47
77 22
86 64
44 63
82 22
7 10
54 15
53 76
64 6
39 22
18 25
6 34
57 15
17 53
74 97
42 95
64 10
31 36
9 2
18 32
33 53
74 40
59 80
89 38
7 59
18 4
56 17
17 70
89 50
20 70
11 67
88 82
88 13
19 89
10 48
100 75
36 12
78 96
55 87
45 70
86 65
41 75
13 40
87 25
80 86
51 7
13 78
10 82
88 17
75 20
57 10
36 28
94 12
95 25
94 64
53 49
12 24
62 47
2 2
4 20
42 55
81 52
96 87
74 1
69 86
58 56
65 47
17 65
18 6
30 19
12 15
4 43
30 15
86 19
84 83
17 14
33 95
3 45
66 51
40 61
98 3
14 40
88 92
55 20
75 64
49 11
70 95
25 1
93 77
47 19
61 41
78 87
18 88
76 46
93 25
71 79
15 57
39 26
5 54
13 73
41 50
23 36
31 17
5 80
65 83
72 44
35 71
48 55
44 93
15 80
77 38
48 74
17 63
50 12
3 80
6 90
79 42
4 99
32 41
6 64
69 85
74 57
43 79
84 58
30 36
28 42
85 13
85 24
1 46
65 92
39 48
24 22
100 11
75 97
8 85
17 67
6 56
29 81
78 43
82 14
76 6
40 42
30 71
98 25
96 44
62 8
8 15
25 55
93 31
72 73
95 51
100 22
15 69
58 8
57 3
48 54
12 14
88 79
97 64
40 97
63 6
41 36
3 57
22 72
66 1
46 49
5 90
89 82
3 61
99 92
47 27
94 82
80 34
87 31
42 40
66 76
26 55
40 48
85 54
70 77
64 26
7 26
2 19
95 24
77 62
89 9
29 87
58 58
87 57
41 31
59 35
48 29
89 80
50 24
40 26
15 12
22 56
98 51
25 90
87 83
33 85
58 22
49 4
41 97
7 15
38 24
33 53
62 87
36 7
7 66
20 59
36 18
77 89
45 85
95 74
75 67
67 45
93 65
92 90
14 12
77 75
78 43
22 60
20 43
2 24
94 69
100 68
26 9
81 57
60 87
59 77
83 6
6 40
47 18
84 86
27 6
83 99
83 66
92 17
20 84
62 31
5 38
58 54
5 19
36 37
21 39
75 16
50 89
73 86
91 68
3 52
49 48
63 73
90 30
42 98
31 15
92 26
34 72
48 64
54 25
64 7
76 1
50 75
27 25
55 19
73 38
98 6
83 35
5 64
40 3
26 8
25 59
17 97
42 95
11 43
70 64
56 70
66 32
49 95
27 56
46 72
33 66
67 96
52 87
92 14
39 21
80 52
29 24
78 50
94 78
21 18
52 92
89 40
93 19
12 89
50 67
23 52
66 54
58 4
35 44
87 17
38 83
46 18
4 53
64 93
86 80
56 56
89 48
75 7
6 19
62 58
30 47
28 6
72 16
23 30
96 84
42 52
70 46
51 80
35 14
86 84
47 79
56 67
73 56
69 29
12 40
77 79
74 69
5 58
19 19
84 67
75 65
73 77
43 66
7 64
17 72
41 61
26 59
8 3
94 81
19 71
14 65
8 38
80 22
90 81
73 25
56 85
28 83
31 48
6 69
32 51
5 96
93 26
45 42
42 78
61 61
11 70
8 98
75 21
35 2
23 82
39 32
20 65
72 79
29 94
2 99
54 76
79 73
43 61
18 30
51 36
96 64
54 78
92 35
2 21
48 69
44 94
100 39
96 16
75 54
30 31
41 95
70 41
84 83
26 15
33 49
47 74
90 4
98 61
82 69
18 82
65 61
100 25
35 92
78 98
66 78
2 82
83 50
12 61
37 9
46 69
100 77
87 78
42 52
78 10
81 68
28 87
23 43
67 60
91 59
100 80
15 4
28 32
66 59
11 79
84 67
90 60
91 9
28 42
97 37
18 61
10 57
57 94
1 24
92 25
50 78
8 44
8 70
21 72
34 76
60 89
79 5
65 43
84 26
48 27
89 70
70 70
23 61
76 100
100 40
53 54
29 99
7 92
77 70
54 47
17 62
52 90
34 89
69 77
90 84
80 89
10 73
6 67
39 24
28 94
65 93
67 22
87 28
67 62
65 43
88 15
59 97
64 41
44 88
85 2
23 61
44 42
77 33
26 50
74 63
37 62
84 27
35 80
38 24
13 94
93 62
59 83
14 65
38 23
73 11
38 95
65 41
85 13
92 23
33 61
40 2
44 82
87 66
69 34
47 40
89 31
2 48
90 85
61 95
66 97
61 94
36 33
79 96
4 13
73 40
90 74
68 98
33 42
42 100
19 3
26 86
34 7
81 51
48 11
100 77
43 38
53 8
14 8
46 72
50 93
84 35
2 65
12 81
86 78
96 89
21 32
85 41
92 80
27 85
3 40
82 42
4 35
92 86
53 71
53 42
84 61
52 13
25 84
61 47
86 18
86 44
14 87
52 83
30 79
90 54
25 90
97 6
46 18
51 88
67 47
44 97
76 84
39 64
27 67
47 41
33 42
73 62
91 84
37 40
32 37
89 64
40 8
25 46
13 88
47 54
57 25
44 10
90 68
9 35
6 88
39 81
82 50
2 39
63 15
53 41
9 14
11 13
6 87
10 30
75 36
27 94
41 87
47 58
39 14
83 56
71 73
32 48
55 15
70 88
85 20
4 91
24 87
26 7
34 4
34 34
40 96
34 8
4 32
55 1
43 33
53 11
38 83
58 47
26 62
35 79
22 41
3 61
38 10
11 71
44 92
78 46
41 75
9 11
65 35
97 33
32 55
94 71
97 44
23 29
69 64
5 59
37 71
58 65
46 25
38 12
36 15
35 32
56 84
35 71
61 62
75 77
80 14
86 32
91 54
31 77
11 97
43 15
86 4
13 33
76 49
51 65
82 7
32 44
5 39
96 87
34 63
58 81
19 34
32 15
100 94
98 33
8 60
36 6
82 61
32 21
92 79
29 65
82 50
92 88
32 3
26 77
18 95
79 1
75 7
23 74
70 81
85 58
43 57
32 42
54 84
11 72
72 11
37 99
91 97
16 93
2 3
90 98
5 30
31 67
23 28
31 70
80 88
41 6
9 44
96 68
52 83
90 62
87 25
79 96
13 49
11 85
69 96
67 69
89 73
6 36
47 69
98 94
77 36
7 79
19 67
47 13
66 80
81 52
50 42
74 37
64 60
5 37
24 96
98 10
66 43
44 2
98 30
56 71
26 2
4 28
8 95
64 77
81 21
21 19
26 41
68 53
29 17
39 69
23 40
83 54
52 14
33 6
34 43
32 50
73 78
7 44
99 40
58 33
55 93
79 72
79 12
28 49
65 63
28 84
86 88
35 18
98 27
96 17
10 21
83 65
30 76
99 8
96 55
1 60
4 92
52 64
14 12
99 34
2 11
24 81
11 53
41 78
48 25
30 70
19 33
83 24
23 46
93 57
28 57
66 94
94 28
46 90
95 13
85 21
87 31
49 31
50 83
62 75
11 99
33 50
75 60
38 71
54 45
2 22
62 26
37 36
68 99
28 76
5 31
82 32
50 98
16 38
74 75
98 24
9 45
48 72
36 28
80 87
58 99
28 14
49 68
60 63
64 38
99 9
1 11
41 36
93 41
9 24
31 92
87 77
1 5
84 1
96 52
7 40
26 99
1 26
22 78
47 71
1 85
98 88
89 66
48 62
94 97
11 63
31 53
95 74
49 75
69 53
74 38
30 2
74 83
9 54
7 6
33 23
51 68
73 3
90 79
46 31
69 5
44 9
45 46
12 98
72 32
35 33
100 2
82 38
62 28
59 67
41 29
27 98
74 22
86 79
1 68
95 10
21 92
28 96
97 15
30 99
71 20
43 18
82 60
79 90
16 6
48 51
72 94
12 15
11 55
45 74
85 64
30 59
68 25
65 41
69 78
19 31
69 57
91 79
76 81
38 50
81 9
21 22
94 26
61 45
70 21
99 74
29 6
3 79
95 84
100 72
37 51
23 48
38 82
42 100
35 1
80 3
87 49
1 84
40 68
59 9
16 64
92 4
78 41
56 7
15 28
65 36
28 55
61 59
62 96
18 45
58 7
60 89
30 93
40 65
29 84
12 87
85 96
24 80
15 55
3 18
31 47
21 93
51 57
52 47
91 82
70 22
100 49
21 74
33 43
54 87
29 52
84 21
48 40
57 33
10 27
38 89
32 35
94 36
18 12
90 39
74 13
72 40
94 94
17 9
38 3
62 78
2 76
57 3
40 87
84 62
75 14
49 3
28 63
75 98
26 33
7 12
99 32
72 94
20 24
39 97
13 77
48 40
98 15
15 47
71 49
74 78
17 5
38 70
94 39
85 23
95 54
47 43
90 14
93 88
25 37
42 8
42 9
79 95
71 44
100 6
88 48
76 72
60 59
50 9
89 2
28 36
27 23
45 50
21 56
10 22
65 31
90 29
61 4
17 48
10 31
93 46
28 53
60 52
85 17
27 96
76 21
70 28
62 6
53 61
69 69
33 65
60 51
87 61
89 45
61 41
56 13
84 33
36 13
36 37
74 51
69 68
37 29
93 5
65 11
29 46
53 20
70 75
37 87
100 70
44 30
43 13
48 80
78 97
22 93
96 33
78 88
65 76
23 20
56 82
76 74
72 38
64 35
25 32
55 18
23 88
63 92
86 53
8 64
60 30
71 70
69 90
77 86
2 91
79 43
79 73
65 26
72 7
29 24
39 33
1 2
77 70
40 46
57 48
56 48
23 51
35 9
83 66
69 19
14 90
62 85
69 72
98 97
92 22
77 74
27 67
83 48
1 80
4 32
49 35
33 79
88 99
7 66
82 5
91 66
37 17
52 92
31 82
58 27
70 84
100 92
37 30
90 17
30 98
9 38
97 98
18 59
70 9
100 83
80 47
79 53
93 28
31 20
80 67
51 5
58 93
21 81
48 77
60 48
42 86
34 43
74 34
58 34
88 88
79 91
9 52
70 73
65 67
77 81
49 53
87 79
63 48
96 17
89 88
73 96
16 68
83 53
74 27
6 43
94 68
98 32
58 85
41 35
11 4
34 73
95 59
35 72
75 100
88 88
78 8
74 73
34 27
43 5
78 36
96 87
32 95
98 18
27 6
54 81
69 6
100 10
71 74
37 31
69 68
99 51
75 62
95 80
25 28
32 18
54 36
26 77
34 54
56 94
94 2
3 82
22 56
46 62
47 15
97 72
17 84
56 100
68 3
98 2
57 85
53 68
31 20
9 100
7 85
10 67
23 31
65 26
95 5
15 7
77 15
75 10
50 55
74 46
93 21
35 100
26 77
23 84
71 82
40 49
27 99
52 4
10 68
42 97
98 11
59 22
88 38
21 61
50 38
9 99
16 48
91 11
88 68
100 9
79 88
67 25
44 7
69 45
43 60
39 9
91 57
97 54
5 60
87 66
8 4
26 54
34 94
76 26
4 55
51 43
78 99
47 84
82 65
80 98
85 26
12 78
16 15
83 68
49 34
59 94
74 15
23 18
68 79
54 91
17 47
84 96
30 75
52 40
39 38
75 91
12 87
75 52
5 69
78 90
70 89
94 14
100 47
89 4
69 12
81 90
86 76
69 95
10 66
72 16
3 86
20 74
24 9
18 92
47 49
94 12
80 77
12 28
76 19
77 9
76 68
51 64
51 44
33 48
86 43
68 23
42 17
3 59
9 100
30 70
17 95
6 57
67 5
27 6
32 24
37 94
28 72
40 72
51 83
64 77
23 56
50 51
80 7
63 28
38 96
27 7
80 45
6 9
2 98
37 27
82 56
77 95
61 81
63 90
97 11
69 61
22 18
10 87
35 9
90 12
26 1
7 77
9 98
94 66
38 8
56 71
18 80
78 81
93 28
33 37
82 92
71 73
36 29
29 40
26 19
96 82
87 60
24 55
29 66
46 1
100 36
63 76
16 76
26 63
64 33
56 45
58 53
33 43
64 78
83 40
97 13
65 99
35 2
8 26
44 75
82 39
68 9
45 62
67 19
33 100
62 17
78 54
59 72
60 63
57 91
13 86
57 64
63 13
67 3
4 26
38 12
68 94
51 1
86 45
77 51
59 65
16 28
24 94
19 50
84 89
93 80
15 41
26 12
46 72
35 51
97 74
17 55
11 50
44 27
49 79
99 28
72 11
92 25
20 41
10 24
96 11
40 11
17 40
25 100
9 11
97 2
78 46
38 55
93 69
96 54
70 66
55 73
17 80
31 90
27 97
55 38
54 57
47 35
73 78
33 42
23 75
4 94
84 3
80 71
94 58
10 9
34 89
88 84
64 46
6 77
57 78
72 22
18 9
55 32
45 1
39 18
34 34
90 65
38 21
68 20
36 23
7 56
33 91
33 73
40 36
37 14
58 56
74 64
11 2
91 4
92 55
14 30
21 65
72 61
26 48
81 59
22 38
74 34
6 83
1 30
10 22
51 21
55 87
69 63
39 71
59 72
67 92
26 86
56 67
96 21
91 63
84 28
37 48
62 30
70 3
37 25
49 51
67 93
88 100
58 76
78 64
19 37
72 94
21 84
20 2
12 23
99 6
85 74
10 73
34 61
67 86
79 57
53 54
2 98
12 81
13 48
3 91
65 31
96 70
18 32
28 80
9 75
81 65
45 38
100 79
17 83
84 73
95 11
50 42
34 98
73 26
17 82
43 67
5 81
32 91
62 60
93 49
84 20
31 56
9 71
42 4
41 80
22 51
35 55
61 89
94 25
63 55
14 72
47 40
47 20
42 78
70 12
45 87
26 94
55 49
84 32
32 81
62 57
35 89
14 96
61 81
93 90
30 35
65 91
17 39
29 17
40 67
26 23
31 58
29 88
27 80
35 40
2 12
36 17
20 54
16 93
76 88
82 83
94 20
87 99
31 4
48 75
26 78
69 56
48 56
61 67
56 86
97 2
58 41
87 50
42 28
77 97
98 91
80 96
95 78
39 60
53 43
98 15
4 89
96 73
26 62
42 25
58 61
28 24
46 17
4 36
75 70
36 25
88 34
7 19
47 12
46 32
34 66
83 87
46 73
11 62
30 54
82 2
45 21
26 91
28 24
76 73
7 36
56 76
33 90
97 99
60 87
27 60
25 36
1 26
78 40
8 84
95 45
73 92
73 45
63 77
73 21
73 46
21 94
43 3
24 82
94 97
94 76
77 97
54 69
65 20
11 40
93 11
53 91
7 35
52 91
92 86
61 28
52 12
59 22
19 15
69 71
83 73
35 63
57 3
2 57
99 96
100 58
79 13
50 71
39 3
80 15
26 15
26 9
36 70
66 22
43 52
52 28
42 60
67 35
38 56
58 48
38 90
1 58
85 56
86 36
6 38
37 61
37 15
90 26
53 29
96 49
34 72
55 14
98 70
15 24
79 99
41 31
61 79
83 81
39 26
38 1
62 82
27 8
57 37
10 95
92 95
21 79
82 91
10 9
86 80
36 89
47 48
88 22
84 9
3 71
32 12
99 55
98 38
15 58
17 15
83 85
71 13
80 23
52 38
32 30
53 90
19 17
32 13
26 49
14 13
83 35
35 8
78 73
35 45
96 41
6 15
11 42
21 100
70 74
46 61
98 49
27 66
88 12
62 57
41 23
37 88
55 92
65 88
58 81
33 34
99 44
7 18
4 32
10 73
88 99
28 81
44 74
78 34
80 55
18 64
76 75
3 43
28 36
57 23
91 94
2 88
81 4
25 88
71 63
11 61
21 90
11 71
41 43
41 22
19 12
39 5
26 15
31 11
98 37
15 68
27 93
55 6
13 53
60 3
32 24
18 11
48 39
66 54
25 77
82 95
50 99
73 23
36 46
12 40
83 11
29 35
35 48
70 66
59 82
87 58
40 92
71 74
36 54
38 75
61 85
66 9
7 34
86 13
66 44
98 71
80 13
54 69
45 62
15 38
53 73
27 8
39 79
44 92
88 53
89 5
6 24
52 13
63 60
71 71
15 10
88 3
3 97
13 39
88 8
81 95
69 78
28 52
58 75
78 34
43 64
84 61
18 88
12 40
34 94
24 54
89 30
29 27
90 8
31 9
28 8
91 10
9 95
30 93
31 25
58 98
59 30
38 36
60 81
93 87
98 63
2 20
15 13
86 43
71 67
97 32
13 7
64 92
81 6
80 36
51 5
26 83
28 74
78 33
64 95
35 78
18 58
3 20
25 83
34 72
94 63
9 43
20 32
19 69
99 25
51 55
40 24
97 16
58 81
15 56
51 54
82 20
81 52
71 19
74 86
86 83
29 90
6 80
33 69
90 44
85 45
17 72
65 9
42 91
52 68
45 66
68 59
57 19
26 70
76 83
2 83
88 39
28 39
90 20
88 21
15 13
74 54
16 39
58 87
10 9
24 14
40 80
5 76
51 76
48 47
73 80
53 82
95 83
25 4
53 44
81 47
83 100
1 18
16 13
55 20
84 84
3 29
71 2
16 80
77 94
86 19
17 61
84 11
22 19
8 60
14 46
81 13
89 3
17 9
54 9
18 2
99 51
27 45
6 1
44 35
87 80
10 6
100 82
79 58
55 54
98 93
8 14
95 45
66 79
19 42
9 65
19 97
49 84
16 41
88 87
43 90
53 38
62 83
19 95
17 2
42 90
8 73
32 12
29 16
58 17
74 25
61 54
19 100
100 43
3 60
82 61
85 27
1 22
100 40
19 93
90 26
86 76
27 84
32 61
84 70
19 58
63 19
94 75
43 30
61 82
33 28
14 90
13 74
98 13
96 85
62 34
8 68
34 12
39 37
90 81
74 53
14 91
84 94
33 91
4 33
77 10
24 16
66 68
78 76
16 20
69 20
51 97
30 34
47 63
75 9
67 9
34 47
63 88
72 92
90 71
49 65
23 50
89 36
10 98
50 98
92 20
85 44
17 36
58 24
90 98
72 84
99 30
3 88
76 60
6 84
20 32
98 60
97 46
8 70
24 14
59 98
21 39
39 55
88 25
19 94
25 93
22 54
62 37
10 7
2 79
72 87
55 20
48 89
63 56
40 78
68 61
93 56
21 44
95 86
94 29
45 2
46 36
42 96
98 8
41 12
47 80
9 86
46 70
93 46
32 8
81 80
78 9
28 40
46 20
94 22
13 92
28 62
35 74
57 19
34 91
18 98
44 93
7 2
43 10
90 98
34 57
59 91
20 27
91 76
59 51
91 12
53 81
89 22
60 42
21 82
98 56
15 2
78 61
65 22
92 3
31 62
96 84
25 43
37 3
47 82
78 74
89 82
17 80
4 49
90 10
97 27
2 11
68 21
56 46
66 69
47 5
1 20
68 28
92 20
13 15
92 19
86 76
69 76
19 16
37 37
73 92
19 63
91 72
50 94
100 26
25 3
56 73
29 88
78 62
17 39
78 58
12 4
85 42
41 2
97 1
66 47
26 89
39 73
54 40
42 7
47 49
37 37
13 40
62 60
95 44
98 95
100 38
34 16
59 56
28 100
57 42
75 89
1 3
34 92
12 33
2 42
15 50
44 33
90 92
29 94
40 74
73 59
95 15
82 8
71 7
97 100
54 92
72 29
52 27
59 47
38 68
48 65
17 9
47 76
3 78
9 56
16 49
97 60
8 24
51 56
95 59
5 76
65 30
49 60
88 98
80 42
1 96
86 65
47 38
59 75
55 50
9 22
28 96
98 15
81 32
57 3
87 6
58 34
57 98
42 28
7 64
82 79
62 77
91 76
30 98
60 52
29 75
3 20
59 51
34 41
28 61
55 2
65 82
44 18
25 78
36 5
65 29
80 2
100 36
95 36
63 16
87 98
10 95
28 88
57 7
21 49
45 90
2 88
65 70
55 37
28 25
64 66
59 100
30 86
21 23
38 78
80 17
13 30
18 39
2 26
77 5
83 36
37 21
2 25
16 13
53 10
92 57
9 4
64 29
46 28
42 8
4 66
27 53
92 77
37 57
10 95
70 5
82 32
39 36
83 82
72 44
83 87
59 59
23 53
14 98
67 71
93 36
93 34
9 41
19 55
71 92
10 59
25 61
26 14
22 34
19 93
86 27
95 84
42 50
52 59
78 92
97 88
71 26
15 39
66 1
59 34
31 95
33 33
86 14
30 29
28 84
90 11
30 47
93 94
35 85
62 90
82 93
82 17
79 29
70 14
58 28
56 71
62 58
80 43
42 78
77 19
65 25
72 44
7 78
26 68
93 2
6 89
61 76
100 91
90 61
28 74
13 42
18 30
26 46
1 91
26 40
92 14
63 55
51 64
68 31
51 14
8 61
62 21
6 78
1 25
11 29
16 53
47 7
82 74
23 46
37 91
74 22
32 69
65 45
88 99
53 63
89 64
91 5
4 21
34 68
28 93
60 75
91 12
36 20
15 42
48 56
11 30
80 41
77 87
23 67
50 47
34 48
67 63
47 81
43 1
72 51
90 41
48 53
100 27
85 91
89 49
57 78
73 1
28 57
20 24
76 52
38 14
20 94
64 83
79 59
23 47
23 49
79 28
11 20
63 92
19 10
22 91
96 77
58 80
3 35
21 93
66 52
38 55
25 10
29 83
52 84
33 77
49 93
19 94
87 38
42 10
55 80
58 36
51 25
76 39
94 32
2 4
86 33
9 46
42 35
66 90
58 6
71 26
6 83
64 92
72 75
24 62
38 40
11 17
31 74
97 23
53 63
82 5
10 19
66 31
41 71
76 23
7 2
78 11
21 69
22 42
12 94
46 28
88 60
53 72
67 55
11 100
70 55
96 47
12 87
61 34
54 13
24 59
87 64
23 93
13 56
50 6
39 50
3 96
6 64
27 71
58 1
11 23
8 73
2 14
93 6
84 34
24 5
77 88
92 13
49 49
89 86
32 66
2 92
9 100
15 40
35 7
79 46
76 46
84 20
86 60
87 44
65 72
87 61
46 98
63 45
45 98
33 63
21 24
55 33
12 60
29 9
16 34
35 97
63 35
66 59
8 77
96 50
69 21
90 40
77 44
72 66
56 58
12 56
20 21
65 61
59 43
74 55
64 43
19 12
10 40
95 83
60 67
24 96
63 52
21 48
57 95
9 11
50 64
74 18
33 100
28 29
86 38
89 32
11 6
4 56
6 52
52 77
75 93
15 83
61 88
73 87
97 21
25 88
19 3
47 10
33 76
97 51
46 2
95 74
89 100
33 93
71 72
32 86
25 12
85 5
73 46
41 70
29 1
65 10
28 70
82 59
24 26
66 49
64 25
49 42
37 19
47 66
43 22
96 93
78 55
78 88
43 28
98 9
48 94
28 26
87 93
16 58
98 24
5 16
4 18
70 66
89 9
35 36
43 51
76 51
26 97
6 81
40 72
7 34
83 96
9 74
50 89
91 59
30 68
50 62
42 51
23 47
46 83
42 40
22 73
21 54
47 36
58 95
18 68
96 89
55 100
76 96
55 72
38 15
92 35
65 79
43 17
21 69
95 18
59 80
99 17
33 59
11 51
26 21
83 2
40 76
9 39
40 84
67 55
66 59
35 64
10 100
20 32
12 95
43 81
43 65
72 5
74 87
79 35
57 93
8 43
100 81
26 92
26 38
66 93
24 9
45 35
5 52
52 12
18 26
24 82
78 53
18 80
99 56
68 87
62 22
38 24
53 87
88 100
54 22
39 8
77 61
55 52
11 74
8 3
93 99
96 17
21 55
48 52
34 79
35 88
29 2
61 76
16 5
43 69
67 48
18 55
19 50
73 23
25 11
94 45
42 52
42 14
10 54
6 99
13 50
14 96
20 55
54 38
23 64
20 18
62 32
84 81
20 15
24 34
61 81
31 90
79 85
35 3
47 23
92 81
34 73
63 93
85 45
13 71
53 33
84 9
98 77
77 37
97 65
40 35
9 51
4 62
59 56
2 38
27 1
74 34
16 71
14 65
24 21
65 86
16 80
11 26
75 39
70 86
93 37
60 93
52 79
1 55
69 24
35 73
76 100
98 21
11 28
55 23
43 47
79 92
30 2
3 61
16 84
6 7
45 83
82 27
26 26
2 12
78 46
17 25
53 85
68 58
78 46
47 80
50 65
87 67
93 75
57 67
87 1
29 46
1 86
89 7
68 74
11 10
23 93
95 32
10 27
62 64
71 78
63 29
90 87
21 38
98 97
37 92
3 10
55 3
68 28
2 82
40 32
34 28
47 63
73 4
73 52
54 53
14 99
57 77
30 44
80 61
71 26
78 63
22 36
22 13
59 100
84 61
25 17
91 60
61 37
99 48
25 77
10 45
26 3
100 54
9 61
34 16
85 33
18 88
33 44
30 50
60 10
63 39
44 79
11 2
99 72
70 25
47 21
14 80
88 21
68 68
53 27
89 70
15 77
30 88
49 38
73 69
4 95
100 100
85 26
90 92
73 77
87 25
65 79
88 79
72 90
74 93
49 34
5 2
62 65
48 84
96 73
54 24
47 35
19 89
14 9
86 51
26 69
30 17
1 7
83 32
3 3
54 3
49 93
9 34
10 85
59 12
75 53
23 7
49 16
36 64
51 19
53 61
80 23
92 5
18 70
23 51
3 76
75 61
65 19
94 91
57 1
42 88
91 79
9 84
79 65
25 32
13 93
9 37
67 55
57 42
24 48
57 22
68 52
29 85
58 33
76 89
1 5
70 54
52 98
90 81
40 28
55 58
17 44
72 35
6 8
14 31
78 43
3 11
65 16
15 74
14 42
34 91
57 60
81 8
58 46
98 93
63 35
19 1
40 32
27 87
95 63
44 77
58 46
96 36
87 68
17 25
4 66
73 77
13 48
39 7
32 51
2 31
98 53
29 97
54 14
17 19
19 34
16 36
79 7
88 25
20 77
66 68
21 79
8 36
78 49
87 72
26 25
6 2
65 88
16 64
62 52
68 54
23 95
57 54
3 15
43 33
84 1
68 85
63 68
83 42
5 92
59 62
67 37
22 66
26 3
6 40
58 23
13 80
89 74
24 47
69 96
78 17
14 61
46 48
64 25
5 42
27 25
94 47
40 55
74 96
46 76
5 16
75 52
90 77
95 12
47 2
20 39
65 78
26 53
27 76
84 71
44 79
73 62
12 60
1 48
34 61
81 69
7 41
86 55
32 77
92 82
71 25
86 2
52 56
51 79
14 61
40 29
87 10
68 30
64 9
65 74
47 59
92 68
15 71
8 50
85 50
85 26
1 34
57 77
24 90
87 85
53 62
23 74
75 8
23 96
21 94
13 1
41 9
40 45
40 39
13 15
77 29
27 32
54 52
95 36
69 19
58 22
39 89
11 86
57 63
64 84
53 37
86 5
17 32
44 45
72 17
18 49
25 14
34 73
2 2
84 87
97 88
53 61
86 95
100 48
44 45
37 12
56 29
3 5
66 20
19 47
88 72
79 78
8 50
69 53
27 43
92 99
6 20
57 44
40 65
36 87
32 99
7 62
71 80
40 71
18 7
12 69
23 72
9 82
91 50
21 6
96 55
90 32
93 46
82 65
34 23
72 91
24 66
35 35
29 66
34 59
15 55
58 100
25 60
44 80
71 25
81 32
35 58
28 24
4 16
36 49
44 62
21 83
71 64
93 88
85 79
85 2
65 74
36 11
14 43
47 62
65 51
64 55
36 49
74 79
6 98
9 54
94 1
33 49
95 88
7 6
74 42
35 24
39 4
13 81
76 72
17 51
81 37
97 87
47 15
95 73
98 45
76 99
29 46
42 88
41 45
27 91
84 11
34 30
28 75
68 70
34 63
77 16
13 73
41 77
54 64
94 5
29 13
63 28
58 21
88 48
59 68
95 50
61 63
92 51
91 49
29 40
27 18
69 47
45 95
34 39
63 34
85 46
40 9
95 84
15 41
79 26
47 44
66 44
95 89
87 53
2 71
28 1
87 19
86 39
59 58
89 71
56 9
78 57
58 52
11 24
10 66
90 75
94 64
73 2
2 3
95 3
86 84
96 57
34 6
77 100
53 51
7 68
72 21
76 21
88 41
57 81
68 95
80 20
46 91
23 27
55 95
21 82
41 94
48 43
76 83
65 8
8 87
47 13
26 71
81 18
35 32
37 74
62 88
100 57
86 72
27 11
50 45
32 36
25 12
51 15
11 45
25 99
63 16
70 51
89 100
11 22
53 36
71 22
40 26
33 55
45 37
100 30
59 19
51 86
20 21
78 13
78 17
38 49
5 90
63 75
15 93
4 70
81 19
83 51
46 30
20 42
96 92
93 7
62 76
34 13
86 76
15 51
80 5
41 92
48 61
84 87
9 74
32 36
41 57
64 17
96 73
97 100
45 45
81 74
90 14
29 47
35 91
17 46
41 22
28 89
5 57
30 8
22 48
31 76
17 58
88 47
16 19
85 40
91 39
1 65
24 59
4 48
46 93
6 22
55 11
5 41
83 7
26 15
52 58
27 56
90 35
8 70
17 64
51 79
52 63
99 51
72 47
57 88
29 49
13 38
69 55
34 73
54 13
98 14
91 52
95 70
7 19
14 60
29 74
82 38
21 9
33 18
86 42
73 82
92 68
67 22
55 78
49 4
89 59
76 12
55 7
84 22
22 87
82 23
39 83
70 79
96 88
63 14
16 47
35 14
3 60
92 66
62 32
61 26
93 73
50 96
84 22
66 3
61 39
84 82
89 48
49 5
9 94
19 73
95 11
35 87
3 71
64 47
13 81
41 42
97 80
6 92
85 48
70 97
6 78
61 93
80 42
62 30
95 78
20 61
36 37
53 31
35 98
96 56
26 20
79 20
52 2
29 66
57 89
40 95
34 91
75 70
55 13
53 25
57 59
59 25
59 39
41 94
7 60
71 10
92 14
59 78
5 86
10 100
71 20
87 82
52 17
46 10
5 43
34 33
60 69
23 63
35 55
37 24
89 57
1 52
75 64
76 34
12 88
44 7
70 100
78 80
55 41
86 25
7 86
87 59
4 31
49 82
91 4
23 70
2 85
79 60
24 65
11 8
69 29
96 34
28 16
74 61
66 30
86 82
73 31
71 31
55 51
37 88
81 53
85 11
17 77
25 74
1 91
85 55
55 42
20 71
50 51
28 66
14 42
98 89
22 87
42 3
80 38
91 54
97 71
86 94
51 27
79 93
14 74
96 91
35 92
53 49
33 93
21 62
64 94
16 55
47 86
28 11
98 5
40 33
64 30
64 66
46 27
99 84
23 19
52 39
68 80
82 97
56 62
85 42
76 63
62 79
56 42
49 67
11 4
72 6
98 85
94 66
3 62
71 90
93 33
17 17
25 58
69 38
79 70
15 28
73 46
16 52
44 22
37 54
89 87
45 46
43 77
79 95
34 66
100 3
31 75
37 84
58 15
46 77
63 26
16 69
6 11
62 23
89 97
33 66
87 84
79 84
20 35
93 13
42 78
49 47
94 55
100 85
6 77
54 25
43 83
80 40
70 99
66 16
55 80
89 96
99 25
26 77
42 67
90 66
30 49
19 53
95 52
58 70
41 32
43 77
98 5
32 23
24 10
26 16
62 37
89 85
22 96
42 71
4 32
11 76
60 17
32 37
55 82
98 59
87 37
31 48
36 8
7 20
23 42
86 23
9 44
31 84
60 7
98 41
59 77
46 88
68 98
64 79
7 39
1 47
38 3
52 35
40 29
89 42
8 88
66 79
24 25
24 30
60 76
30 90
36 15
90 20
95 32
40 66
66 12
76 96
77 20
98 1
76 57
46 26
5 30
64 64
24 17
87 27
7 89
15 82
86 53
90 11
44 48
66 21
15 80
31 29
3 9
20 13
18 76
8 96
90 11
43 73
80 84
60 97
82 84
21 22
83 63
59 9
20 44
84 41
64 100
9 10
99 55
52 50
92 39
31 88
14 18
45 21
62 66
33 10
39 94
64 49
24 27
42 48
100 96
47 3
64 61
40 46
26 68
7 94
14 8
20 7
85 90
93 10
18 53
7 64
58 100
91 89
54 15
89 98
96 74
42 48
49 23
83 72
16 75
19 59
86 73
75 100
24 89
91 94
11 36
41 32
81 98
83 99
75 26
29 8
22 35
85 3
81 17
42 69
86 24
7 97
78 82
59 33
42 12
47 1
5 98
15 32
18 76
17 39
60 65
31 47
69 44
11 91
61 1
5 4
85 47
6 22
76 22
50 76
35 36
92 18
26 51
67 88
88 51
73 16
56 73
15 4
17 47
44 38
97 47
79 93
76 26
62 98
59 84
28 71
76 29
99 35
7 45
20 47
79 53
81 78
72 63
30 30
63 29
86 23
66 23
27 71
77 9
8 64
79 87
73 25
63 18
69 78
98 74
36 92
1 52
42 25
51 36
99 23
8 75
21 56
19 80
60 98
22 56
55 65
90 27
3 85
95 14
14 90
43 100
66 1
78 48
96 88
100 68
75 21
40 17
21 2
10 84
13 36
84 39
22 93
3 47
75 28
73 31
63 61
18 67
66 36
97 75
39 90
45 76
94 62
1 81
18 41
98 25
17 44
44 12
48 5
58 90
82 93
25 21
75 44
32 24
18 41
55 60
59 29
17 79
8 58
25 16
73 22
59 33
26 11
8 70
44 14
68 94
82 8
35 57
14 77
14 24
21 17
85 14
91 35
94 25
56 60
64 62
30 86
15 62
93 66
19 81
32 84
50 70
8 13
94 80
91 77
95 87
79 8
62 47
22 3
73 82
27 11
42 21
81 45
96 22
99 38
47 8
97 89
28 15
82 25
26 78
41 75
42 55
6 24
31 4
58 71
54 87
65 90
35 91
43 97
75 19
33 9
43 94
100 4
53 28
56 43
61 55
62 44
17 41
59 80
45 19
2 63
33 53
20 83
11 41
3 85
40 17
30 55
98 14
13 26
32 40
37 27
26 83
77 76
12 70
35 90
72 3
20 9
54 87
45 37
54 86
35 96
97 73
98 12
38 53
77 49
62 11
44 56
48 33
2 44
87 1
69 43
95 96
67 75
77 55
58 48
100 25
24 68
41 96
89 68
41 73
27 19
92 48
47 43
64 50
62 81
14 100
63 58
1 29
19 13
18 9
88 53
93 19
47 45
29 81
95 67
68 58
59 26
58 35
51 76
100 67
63 84
5 30
84 51
41 93
55 37
6 32
70 91
17 65
91 37
18 10
78 66
12 52
23 23
68 18
64 32
57 41
42 68
20 20
41 29
93 68
9 89
94 70
89 37
24 87
25 54
56 49
26 31
33 95
72 73
25 93
37 87
33 87
5 45
100 53
11 55
24 16
3 38
9 48
85 51
58 90
40 94
80 72
90 67
34 10
96 95
73 65
10 99
86 19
35 26
53 1
92 54
63 95
29 84
7 84
3 55
48 27
88 33
55 57
37 26
39 65
88 73
23 99
70 52
45 81
42 47
63 77
2 57
35 97
95 23
3 95
78 23
74 55
51 91
54 37
51 42
70 15
28 66
62 38
42 54
88 70
21 48
56 31
96 16
36 90
52 58
30 36
52 1
76 70
65 38
91 61
70 2
90 36
30 57
46 25
87 66
67 34
33 1
1 55
33 49
11 17
38 66
29 88
62 9
96 86
87 74
86 33
44 70
60 68
2 73
8 72
4 56
87 28
34 19
37 67
78 78
98 48
16 31
56 33
54 68
75 67
77 79
61 27
4 59
77 15
23 93
82 85
2 56
51 46
88 89
22 56
34 73
72 21
24 100
76 2
13 65
82 3
29 28
14 10
49 75
88 81
67 81
21 57
74 21
7 75
95 90
3 59
89 53
16 12
73 2
18 96
24 81
84 63
74 91
40 67
59 22
11 86
93 68
2 69
34 60
25 54
78 91
74 36
36 68
77 19
91 5
86 74
28 99
82 65
11 54
40 21
95 3
55 88
96 50
65 25
45 9
73 78
69 4
83 49
2 84
21 86
49 49
32 72
44 100
16 46
21 21
91 89
52 82
90 35
20 84
49 97
99 70
84 57
22 54
8 26
44 47
63 11
19 79
92 72
13 80
2 44
27 95
80 50
49 90
27 85
33 99
66 90
44 3
78 19
59 100
45 59
87 18
20 25
57 82
14 79
62 63
89 11
53 36
34 63
51 39
48 59
28 30
5 86
7 95
48 49
48 36
75 94
32 60
53 71
75 10
75 100
60 22
45 50
61 96
52 61
34 2
74 41
12 80
41 65
23 33
4 14
5 100
50 60
72 95
72 42
62 66
45 28
20 98
13 41
74 37
85 72
67 44
95 43
96 57
39 63
50 75
88 5
79 42
49 36
87 77
84 95
83 69
96 11
9 52
9 71
10 84
1 55
81 16
91 57
54 76
67 49
71 73
46 90
93 39
26 69
11 77
73 61
68 16
7 36
51 89
67 48
34 27
4 3
17 34
99 59
3 64
27 35
47 62
38 8
81 78
15 47
30 47
22 47
59 37
36 29
37 81
97 78
70 33
32 30
22 4
3 9
5 13
50 8
70 85
100 30
41 27
72 82
90 8
39 32
82 10
14 61
12 82
44 92
31 25
35 42
12 19
99 18
93 79
92 37
44 63
19 46
70 65
28 46
66 33
40 24
66 30
48 86
50 23
79 29
11 33
20 62
76 34
45 62
23 95
57 61
56 100
54 90
43 25
14 47
74 56
24 73
7 7
76 41
18 69
83 53
4 68
19 7
45 30
20 23
89 22
83 69
56 25
99 33
67 44
76 49
98 47
33 10
52 46
5 34
71 30
55 68
1 15
24 34
81 30
42 55
91 29
50 5
71 32
68 44
44 1
94 70
88 36
64 86
76 34
84 48
12 49
80 25
97 9
94 29
45 44
2 59
33 14
3 3
98 90
62 69
84 73
96 60
88 40
65 6
50 40
15 4
33 96
96 85
100 17
100 2
7 84
50 60
15 33
67 59
29 12
48 84
13 58
77 93
5 38
52 64
38 64
63 87
12 37
15 100
50 5
6 91
29 7
16 31
12 40
46 58
100 48
72 38
54 44
78 45
91 97
66 36
64 21
39 34
71 35
43 11
25 10
60 71
13 47
16 75
26 26
4 43
77 85
44 69
61 25
21 53
23 85
41 12
25 92
82 96
4 55
87 66
17 36
37 86
42 18
82 54
97 21
56 35
100 19
2 68
38 24
65 16
59 55
92 4
14 24
40 71
52 91
93 8
2 33
82 76
40 73
95 33
32 88
2 96
82 21
46 97
100 1
52 96
44 68
83 12
12 14
33 99
29 76
100 70
21 100
15 10
92 43
47 77
96 19
91 75
40 89
96 39
70 30
6 89
79 4
55 7
52 1
30 56
63 46
17 61
52 14
54 50
25 98
9 11
44 38
44 56
40 13
91 1
90 35
79 12
68 4
22 86
2 21
4 92
4 88
30 12
53 53
82 11
1 14
23 53
48 86
72 14
8 74
89 12
63 82
100 16
76 47
7 50
94 32
12 85
43 20
32 42
63 66
66 27
66 76
51 38
23 12
51 30
89 35
33 28
28 73
35 8
41 3
96 5
8 47
92 42
31 46
19 51
28 88
19 67
62 13
94 51
59 1
50 65
26 27
7 61
80 40
28 6
92 33
57 55
31 42
52 93
93 56
95 5
31 36
35 24
22 88
86 95
51 88
33 15
55 93
95 62
4 48
28 99
4 34
6 52
55 7
10 14
65 14
92 23
93 62
32 21
91 42
96 39
36 33
27 84
34 63
44 76
50 73
87 34
25 91
90 58
68 47
89 86
43 70
39 89
89 37
42 96
59 98
36 58
35 41
4 98
64 70
15 17
53 82
48 32
34 37
72 38
40 18
3 71
57 24
61 29
62 87
26 30
91 15
63 38
80 71
20 54
49 7
45 90
7 26
40 9
32 100
51 84
37 42
50 8
40 78
5 15
97 15
60 37
41 25
21 48
44 95
23 67
3 76
44 62
85 68
72 55
13 90
57 14
91 43
74 30
95 53
4 50
61 98
2 47
17 50
7 91
14 43
28 9
29 68
53 46
90 15
17 95
36 63
62 74
32 33
8 16
21 98
48 94
58 11
62 23
49 15
73 75
5 18
87 60
82 5
6 59
47 75
77 19
49 23
52 86
18 73
60 69
21 44
7 98
16 82
87 40
75 28
43 87
25 91
62 30
48 7
55 57
17 90
35 72
94 52
11 90
86 71
67 54
3 41
75 27
40 95
88 51
79 41
99 100
9 84
79 95
95 21
26 45
49 75
81 24
25 4
33 75
22 67
40 41
96 23
13 5
34 93
76 2
89 69
65 4
61 19
5 7
44 66
71 72
6 99
39 20
24 65
28 98
95 62
89 98
4 54
8 82
78 85
42 42
6 60
21 11
34 30
91 61
1 16
88 81
37 5
11 91
52 28
45 43
68 8
91 6
70 55
79 43
80 62
53 89
74 79
70 20
49 93
79 53
64 14
38 7
91 38
38 69
23 17
69 40
96 30
70 95
53 97
94 9
54 85
11 42
57 13
91 81
23 98
34 54
11 3
11 90
8 26
31 39
40 44
33 59
5 6
63 25
2 97
50 72
37 48
64 2
6 62
95 38
38 20
38 51
45 32
87 12
80 64
27 42
98 37
24 50
62 43
87 54
12 87
5 46
88 11
82 100
29 49
47 55
15 84
66 32
44 31
91 18
16 52
19 31
89 22
13 97
99 56
66 91
9 66
39 78
47 51
84 3
89 7
22 100
32 24
62 69
19 61
20 62
68 38
79 57
2 78
93 49
17 18
75 43
53 52
32 98
72 49
24 43
25 17
72 9
9 11
44 93
69 93
80 98
6 22
37 58
62 100
20 23
50 40
93 84
98 38
33 5
99 15
43 79
43 65
19 33
96 75
37 12
35 42
41 39
75 6
47 6
26 39
2 91
27 56
22 30
100 1
63 66
99 42
91 46
39 18
97 14
34 86
37 30
24 37
77 54
88 35
32 28
71 10
24 77
74 42
4 37
7 13
28 52
30 94
92 91
50 85
74 37
13 76
87 89
35 24
32 84
97 25
67 89
77 59
3 75
46 16
15 25
82 34
57 84
42 86
61 74
55 1
90 18
75 52
12 44
58 59
19 83
42 62
89 57
43 1
48 15
100 58
58 39
28 2
86 67
43 48
43 68
46 56
23 94
87 51
3 96
85 68
63 58
12 57
32 65
9 100
78 57
90 46
24 65
50 19
90 44
39 94
91 42
7 44
30 33
57 62
86 76
12 32
11 71
18 85
79 38
96 37
63 90
14 75
71 89
93 19
62 7
50 88
67 76
57 57
11 7
32 44
22 44
7 45
57 44
79 90
26 59
73 53
86 61
25 52
49 32
41 18
29 21
67 8
78 99
6 20
86 55
11 42
1 36
54 14
6 77
64 64
75 76
75 13
96 55
98 93
78 32
53 17
75 68
74 34
6 31
88 76
80 74
86 89
53 59
11 15
30 66
21 47
85 61
44 80
80 53
16 74
83 97
76 17
57 65
35 85
21 32
20 89
85 11
85 80
73 12
57 25
45 27
87 3
28 95
3 38
29 24
31 4
21 50
26 36
52 30
81 47
64 19
49 62
92 98
93 31
21 66
64 5
70 98
9 61
59 49
10 33
39 68
86 12
43 54
45 75
18 47
78 43
41 71
68 45
30 41
6 88
49 21
44 25
82 76
23 66
92 66
26 71
21 26
22 37
3 41
60 27
4 17
63 2
77 41
25 96
80 43
23 34
57 50
62 40
38 24
42 14
60 36
89 4
7 38
93 37
86 9
3 89
81 29
52 41
74 46
84 78
32 100
65 78
2 19
63 72
95 31
49 82
45 3
20 94
55 41
12 100
82 47
81 79
86 22
40 52
43 34
8 24
84 6
76 67
26 64
85 56
43 32
87 94
52 7
98 52
70 7
67 76
42 53
30 10
83 11
17 92
38 82
21 11
88 30
98 41
51 13
52 25
86 52
85 95
41 77
70 83
11 48
39 86
25 57
89 82
46 39
78 91
28 32
11 96
52 46
15 64
48 16
41 62
49 94
12 92
12 61
51 88
44 46
7 90
17 14
36 47
55 97
9 27
23 21
87 54
90 35
84 73
24 93
84 24
51 98
74 45
41 38
20 93
81 18
92 53
69 18
89 81
30 38
7 56
77 69
79 91
91 79
32 84
78 60
79 86
88 68
6 60
79 55
94 72
9 46
87 13
86 23
65 29
42 81
23 91
36 51
92 70
36 13
12 84
14 49
89 29
36 1
53 25
30 64
35 73
28 73
6 38
76 11
72 13
45 56
33 31
17 9
73 8
94 24
76 77
95 2
55 35
96 23
34 4
36 70
67 52
78 38
42 23
35 29
20 59
89 20
99 7
13 53
14 97
33 28
21 39
16 69
73 24
87 67
57 8
23 40
41 99
64 23
1 96
68 90
63 29
82 82
2 39
43 89
23 78
44 19
75 14
88 28
73 30
55 45
22 80
43 71
9 100
1 3
76 98
27 84
52 97
74 93
23 19
40 32
93 45
13 2
42 31
100 99
83 40
29 54
24 99
41 4
58 57
83 48
71 14
50 89
71 21
92 86
90 68
42 27
10 3
49 45
31 87
99 5
81 57
30 47
97 11
12 64
16 72
67 49
87 66
80 23
20 46
25 2
33 84
58 45
49 91
70 17
83 14
10 90
44 61
7 73
66 21
53 75
76 97
77 55
41 66
71 6
47 51
55 12
50 15
70 18
37 78
33 32
72 7
60 87
97 60
97 27
88 20
22 31
59 26
38 100
46 43
55 55
81 65
100 60
36 6
80 23
30 87
27 32
75 91
68 52
13 56
35 15
4 65
37 12
51 74
58 9
25 91
8 71
50 57
10 93
22 88
25 71
37 22
77 99
84 67
42 40
85 42
51 48
64 70
94 31
77 63
22 74
34 85
2 15
62 35
72 36
31 2
82 48
68 3
51 92
44 1
98 24
72 21
69 100
12 16
61 22
46 48
24 87
42 32
49 39
70 75
94 79
78 17
87 60
53 90
21 95
11 48
45 78
31 2
56 37
99 42
29 84
5 91
87 56
69 26
91 69
74 52
45 34
82 72
59 92
67 82
10 74
94 79
99 18
44 48
85 33
8 45
3 44
39 83
57 93
87 42
43 93
47 96
39 41
21 97
30 51
19 44
74 100
61 61
53 14
37 32
44 12
57 55
71 81
68 39
99 95
20 82
75 47
11 70
7 41
62 53
8 87
100 5
76 25
94 1
85 73
28 59
69 95
74 7
77 67
53 59
27 95
97 53
18 44
46 71
67 41
49 49
19 52
83 60
72 70
86 56
67 15
43 12
7 100
54 29
52 37
6 43
41 40
96 76
88 39
60 76
37 28
73 92
99 92
11 53
81 47
17 58
96 76
51 81
1 26
90 89
41 17
28 17
35 28
66 44
21 51
13 43
80 58
69 29
89 63
48 72
3 54
90 87
98 3
28 76
46 12
34 47
56 38
71 34
71 15
87 28
40 49
23 14
22 86
31 6
65 26
93 59
66 30
51 48
87 27
88 4
27 22
99 86
39 20
55 89
72 57
14 94
78 61
24 58
20 52
4 27
88 97
85 93
58 91
5 98
10 26
21 7
67 73
67 89
80 2
12 3
67 53
8 47
37 47
83 53
33 42
47 92
23 10
10 58
87 2
20 49
79 7
64 79
35 92
6 1
39 34
47 85
37 90
46 58
22 15
40 93
55 53
68 20
31 69
86 99
61 100
32 55
87 19
30 54
72 85
31 31
18 47
79 30
84 31
87 34
64 29
63 36
78 7
77 15
12 24
17 9
73 75
86 32
37 82
68 26
85 52
44 26
31 9
67 72
31 82
18 54
48 76
19 82
50 65
84 96
33 10
62 64
98 10
94 57
98 37
99 90
47 56
68 4
37 86
86 94
90 77
68 48
75 11
53 41
1 62
69 15
55 83
25 49
55 83
59 7
51 45
53 35
27 46
51 50
42 64
38 45
40 92
38 53
42 40
83 2
43 33
6 17
7 27
25 40
23 59
12 15
27 53
26 78
85 67
44 53
53 27
31 85
38 40
51 96
39 90
52 94
86 30
76 40
69 76
4 6
74 69
18 21
23 93
44 67
35 22
92 28
41 10
84 47
90 84
77 15
67 61
85 6
22 10
80 36
75 71
8 26
68 45
33 29
35 23
19 17
29 99
33 47
99 69
60 34
11 34
17 53
51 64
45 61
46 67
9 80
3 87
41 91
35 13
60 99
55 4
52 11
59 47
30 39
91 86
65 67
76 53
59 23
80 20
30 87
49 52
40 36
86 91
62 65
63 61
27 67
11 45
55 59
29 44
27 51
29 14
99 25
70 19
71 12
61 76
51 54
40 13
33 16
54 32
11 89
42 49
86 82
59 66
41 90
69 91
93 16
42 61
54 6
84 49
42 6
70 3
80 46
96 23
91 8
22 27
87 74
49 90
25 2
72 63
60 9
82 26
45 18
58 50
23 49
25 79
44 95
99 68
88 25
64 68
50 45
62 20
22 98
83 72
7 28
43 10
67 85
3 100
5 3
62 66
43 22
6 67
6 93
82 67
25 74
84 89
37 32
22 17
59 58
4 85
53 75
28 88
33 62
61 86
34 56
66 63
11 16
42 64
66 83
2 67
73 72
50 64
22 26
13 63
79 62
23 19
35 13
81 23
17 83
70 43
45 86
54 37
69 16
36 5
96 66
73 64
53 71
24 73
46 50
51 93
12 28
26 17
46 42
51 65
35 77
53 44
39 80
77 24
53 17
27 96
99 16
1 82
47 12
44 40
99 98
68 51
30 26
84 42
21 33
34 4
26 28
79 43
97 34
1 60
8 18
14 26
69 56
89 49
86 69
15 88
9 14
34 92
93 68
49 84
75 45
25 81
40 31
2 69
62 65
61 75
84 76
69 43
18 62
65 85
84 33
25 82
26 25
22 28
45 57
40 59
40 99
39 27
10 79
80 47
53 48
1 36
86 75
11 23
55 86
31 75
84 48
36 54
92 16
51 22
5 80
3 18
22 40
98 33
44 24
67 59
60 33
42 70
62 38
75 86
52 11
13 86
7 17
14 32
60 84
35 89
60 6
72 69
11 87
75 4
7 1
79 16
24 13
54 18
56 94
46 3
88 29
37 62
11 43
64 7
80 43
25 50
12 17
26 92
88 75
48 82
81 80
69 22
33 6
10 23
22 73
59 6
60 90
8 15
65 26
74 34
93 15
19 59
24 67
89 24
44 35
86 32
29 75
48 61
67 62
89 94
4 65
15 60
35 56
76 19
48 67
93 60
80 56
12 87
53 83
11 82
23 60
3 86
83 77
26 2
77 69
18 13
12 65
92 22
49 97
31 85
12 75
4 6
17 24
3 7
17 71
21 58
34 72
11 58
63 93
30 82
72 58
54 32
95 97
38 14
16 42
68 38
18 90
26 77
18 99
36 90
32 82
96 52
68 89
89 94
42 97
52 80
71 12
57 27
26 42
26 45
22 94
34 12
67 94
45 2
63 29
81 26
71 1
85 88
44 97
47 6
69 16
51 53
23 57
1 65
1 97
62 53
17 31
90 1
89 71
41 77
55 65
89 40
9 27
100 57
36 98
68 69
11 36
52 98
68 86
62 59
76 78
62 8
81 32
97 1
69 48
96 38
7 97
22 96
18 53
95 20
89 72
2 68
94 12
19 25
48 24
43 17
34 77
32 7
98 34
95 11
49 21
3 19
66 2
12 52
57 93
92 13
78 12
76 66
88 52
100 76
3 99
23 6
23 18
38 68
27 23
27 51
80 53
26 34
52 42
94 1
36 49
33 41
16 34
47 4
17 17
12 1
45 90
23 79
12 100
84 38
64 43
23 9
82 6
76 70
37 24
28 12
45 36
64 22
32 47
71 8
69 96
32 67
16 69
70 15
32 50
79 27
72 26
26 70
28 41
21 73
92 12
21 76
46 54
45 69
2 27
74 53
96 85
66 82
33 2
85 25
54 54
25 22
15 34
31 31
98 1
88 55
29 24
77 45
13 29
51 6
39 51
70 28
88 47
45 73
2 47
80 1
59 56
11 7
43 93
19 47
87 23
16 51
14 94
82 19
40 3
72 93
3 67
74 61
93 57
95 50
8 2
26 98
65 38
55 67
98 51
47 2
87 79
78 18
16 13
97 3
95 12
8 48
48 18
90 18
65 60
14 97
7 76
8 17
68 23
17 85
33 70
36 32
21 17
100 57
98 74
70 85
42 100
50 22
16 50
11 73
3 82
27 90
34 91
66 95
17 99
24 98
53 65
67 35
4 59
27 88
64 21
69 28
67 35
40 52
45 43
80 77
51 24
40 12
51 80
44 14
36 78
8 39
75 56
78 86
8 80
40 36
79 96
46 5
34 57
11 65
61 38
68 15
48 30
32 84
59 24
26 88
98 37
47 83
3 75
97 61
70 6
18 52
8 65
36 92
79 52
13 18
66 7
18 15
88 26
78 54
94 5
85 6
2 95
14 41
65 12
7 61
100 7
40 77
31 17
45 27
58 54
78 80
21 92
75 62
86 76
43 27
24 78
25 89
12 4
68 91
88 54
87 4
70 78
74 51
58 95
31 32
21 26
75 55
15 43
35 52
78 95
84 12
48 69
31 24
47 92
20 37
23 3
58 33
18 13
16 5
88 42
7 63
80 60
63 15
54 37
7 25
82 45
1 11
45 32
70 46
54 49
48 78
49 75
89 73
37 98
94 36
91 71
80 87
53 89
87 76
27 29
76 23
62 65
14 8
19 32
67 76
87 79
38 43
76 76
17 4
64 37
38 49
90 23
91 83
84 82
42 99
53 86
28 47
95 70
73 83
78 38
21 90
39 21
25 51
52 64
30 10
23 83
88 86
40 5
37 5
68 89
99 28
47 84
90 70
15 72
14 7
92 35
64 91
54 6
71 31
87 37
8 95
43 10
43 30
31 26
23 35
18 94
33 31
29 20
85 5
39 74
74 18
52 28
78 32
45 32
48 62
54 72
24 55
36 38
37 66
52 48
17 44
62 62
18 5
9 59
71 77
15 98
4 53
94 3
72 49
87 89
23 3
82 45
50 61
18 73
50 4
17 35
30 53
71 53
37 32
42 4
38 60
31 83
38 47
100 8
86 25
55 50
26 93
21 48
84 2
83 92
64 85
38 32
80 6
43 91
84 5
1 4
94 92
63 33
74 13
63 27
20 49
58 93
73 30
83 72
97 10
33 55
64 25
17 40
20 33
71 65
31 18
80 18
51 71
67 35
55 79
6 45
24 1
76 91
24 41
94 97
28 53
74 65
68 71
68 4
84 22
54 72
11 92
38 83
66 44
61 98
13 75
89 61
86 64
2 94
86 86
33 80
80 4
41 53
1 66
14 98
33 71
45 49
78 9
25 49
82 45
14 64
41 31
75 97
28 25
58 75
76 32
72 53
34 54
90 15
31 96
10 54
55 72
49 80
81 68
81 75
3 43
85 6
43 92
16 98
24 34
31 91
27 55
22 55
39 1
3 72
51 56
50 89
93 55
36 79
2 48
99 18
44 12
93 39
1 43
3 87
89 69
99 3
20 57
100 40
45 32
23 10
54 89
14 88
42 90
46 66
85 21
57 43
55 21
55 31
25 47
22 77
93 36
23 49
9 98
13 44
55 10
18 97
11 18
28 79
32 54
45 42
93 56
33 71
77 94
64 7
95 54
3 22
92 55
56 58
88 6
25 98
51 52
7 85
44 50
82 82
43 1
64 72
32 95
47 98
48 49
85 83
55 87
93 19
43 26
93 47
84 67
59 30
75 49
62 18
30 67
6 27
70 70
46 63
63 42
5 35
38 1
5 78
55 4
18 46
74 14
42 17
28 7
45 33
80 95
60 4
66 72
81 59
27 41
29 56
70 99
35 80
85 87
70 2
6 93
27 56
13 83
88 19
61 88
99 88
49 3
40 91
11 60
32 16
71 84
7 74
22 5
6 82
56 69
81 4
71 19
47 80
36 82
9 66
26 79
22 65
85 27
3 13
17 81
100 79
47 62
89 48
1 72
86 41
58 75
29 75
43 2
77 47
35 99
71 43
43 60
29 1
54 38
81 51
53 16
43 46
5 48
44 77
68 76
1 12
52 45
24 44
65 41
99 27
2 27
96 61
37 86
33 48
61 53
65 85
58 5
95 76
92 100
7 51
3 73
35 28
2 51
16 8
56 97
31 81
85 64
20 65
97 96
3 95
11 90
14 15
64 59
58 69
13 78
23 70
61 31
35 45
38 1
60 17
61 42
46 48
79 5
93 9
29 84
41 79
37 1
100 49
75 15
91 14
52 39
62 43
1 27
84 21
85 72
51 25
62 25
12 11
58 91
30 29
39 65
65 69
64 63
41 98
69 3
88 95
11 57
61 69
73 28
80 46
98 33
56 46
25 16
56 5
53 61
39 38
30 6
65 84
63 2
91 14
90 6
38 46
34 77
65 92
48 53
87 15
44 26
55 34
98 75
32 25
54 15
80 46
4 31
39 65
23 45
93 49
99 51
26 56
95 55
46 11
75 19
27 86
87 31
79 35
51 46
34 79
79 72
30 95
26 78
99 91
21 8
32 8
55 27
48 62
61 76
58 90
41 98
26 75
81 80
36 7
7 45
78 56
28 39
57 28
57 27
39 69
14 85
45 98
67 7
16 59
74 40
93 18
43 90
32 93
57 97
78 6
74 51
35 92
23 5
9 38
11 63
84 33
39 6
25 56
95 43
27 57
44 96
81 93
49 96
72 45
75 56
34 78
20 57
75 13
38 37
96 55
6 17
65 19
43 53
35 9
100 81
52 99
1 36
52 61
52 46
26 2
84 91
82 22
69 10
69 16
22 24
79 11
61 48
6 61
91 58
66 14
83 35
98 48
84 78
81 87
98 22
23 20
60 43
36 72
31 68
26 22
4 60
47 64
79 18
27 100
60 87
24 41
51 47
96 97
88 18
4 88
46 52
26 91
26 96
37 2
7 5
6 66
61 18
76 93
100 60
55 42
46 87
51 71
44 10
91 72
49 88
80 26
46 28
70 71
83 99
49 32
75 12
45 46
66 15
79 15
14 25
24 15
77 52
58 64
63 15
56 15
34 55
9 57
27 7
89 82
5 27
21 50
95 1
8 68
71 96
61 31
86 6
84 93
44 16
88 5
45 81
27 42
99 94
77 53
95 78
78 45
1 50
16 72
42 39
76 67
88 88
32 89
19 90
27 86
95 83
43 20
11 58
30 50
2 66
16 70
64 43
1 66
95 57
18 30
30 30
89 2
23 89
27 74
80 15
95 44
54 66
65 19
30 57
39 72
48 67
76 71
6 17
33 87
16 37
57 1
14 31
57 73
97 50
11 39
67 39
44 32
36 17
35 13
35 69
86 81
42 72
44 12
81 1
8 73
84 26
57 77
39 43
26 3
79 5
67 67
24 21
29 32
93 39
16 100
77 67
70 28
17 91
71 69
90 28
1 16
48 81
36 22
96 28
11 45
87 2
53 11
78 100
1 11
78 29
87 56
83 36
70 62
5 57
59 27
87 22
75 59
25 48
50 21
45 62
49 94
93 12
74 90
36 26
65 52
24 5
93 86
50 97
97 15
80 27
34 59
82 15
35 99
75 46
8 53
35 80
69 80
92 6
80 82
27 44
1 87
25 14
46 47
31 11
28 50
6 62
75 38
31 77
98 21
59 45
84 44
31 9
10 57
54 20
12 16
24 71
10 12
58 49
48 78
92 56
47 20
37 67
16 54
92 12
6 27
87 38
27 42
83 52
5 25
88 55
50 18
12 14
25 60
15 89
88 97
35 57
19 37
19 11
73 38
87 18
39 25
20 99
91 61
76 60
37 91
78 50
87 82
64 8
47 82
61 75
100 30
59 63
95 25
34 83
67 84
53 51
90 9
91 89
18 43
64 98
76 32
29 83
50 40
75 95
3 42
60 5
92 69
48 67
7 20
40 39
1 43
95 22
33 95
91 94
42 23
27 73
7 73
1 59
77 90
16 23
43 63
27 23
54 72
58 13
33 42
92 77
37 9
86 54
48 27
21 90
84 64
86 16
30 11
93 61
34 14
13 73
79 54
22 52
16 66
62 34
19 63
68 60
49 59
24 6
83 30
61 88
72 64
53 60
76 40
21 89
91 66
49 39
96 27
27 20
7 37
28 30
63 91
34 92
7 85
82 66
76 14
75 93
89 53
6 7
91 95
82 11
10 49
37 20
77 33
84 53
48 39
4 41
56 87
52 54
6 78
57 10
34 42
11 79
37 30
64 84
12 17
65 96
44 97
82 24
63 98
26 96
27 96
82 51
91 90
28 52
48 58
41 53
67 58
41 29
78 1
97 67
11 97
20 21
3 46
72 23
80 11
24 46
77 15
32 9
57 59
8 3
65 62
44 10
38 31
3 14
79 100
1 77
3 79
74 92
60 79
2 58
40 93
87 69
10 15
50 11
8 66
31 55
35 34
86 81
40 59
22 93
52 93
17 5
21 94
43 56
69 79
83 94
1 2
20 78
87 91
94 51
91 39
59 92
56 77
13 22
99 29
66 80
17 71
88 4
25 70
92 17
65 99
74 67
83 98
39 76
76 79
65 13
35 61
74 83
15 65
76 78
64 72
64 98
60 1
95 5
29 87
96 37
23 29
89 87
19 45
13 68
48 43
36 73
96 47
45 84
10 60
9 85
7 35
23 62
78 69
13 41
84 11
76 17
19 90
55 99
95 11
55 75
35 23
21 43
88 72
19 8
20 12
45 84
68 36
4 33
40 61
41 4
96 23
63 86
9 95
47 41
94 21
57 77
52 12
76 55
61 10
19 28
38 78
91 18
83 45
21 96
34 38
34 49
67 84
7 85
23 17
59 2
89 62
34 91
43 55
82 41
91 16
34 69
16 70
6 56
85 85
21 17
99 21
64 99
49 17
4 42
46 72
67 70
47 43
61 92
86 17
85 21
11 45
38 43
86 48
53 82
57 83
91 80
89 26
37 39
84 47
76 16
72 81
66 61
96 94
53 90
71 20
100 55
28 67
77 71
52 27
30 65
90 78
39 23
96 29
12 30
24 33
89 5
84 5
87 76
82 77
73 3
26 11
22 5
63 83
38 58
90 74
77 50
44 39
48 93
83 91
58 71
53 51
67 64
75 16
