10000 14
77 22
50 24
72 47
7 81
87 44
98 82
19 8
96 29
96 84
72 95
74 20
80 29
1 34
11 18
48 77
14 6
65 2
5 53
24 31
48 38
36 97
43 64
8 32
3 67
5 46
89 45
96 39
59 75
32 22
70 19
46 10
92 12
61 29
46 25
73 91
89 33
15 67
94 78
23 10
98 27
68 86
81 12
63 5
89 89
53 57
18 89
67 11
50 56
57 33
100 67
44 12
41 14
41 44
18 26
86 69
80 32
32 88
28 9
16 97
31 66
13 96
65 48
96 51
23 89
57 51
77 16
69 44
91 25
37 15
70 85
31 90
62 55
10 89
45 18
7 45
51 39
93 99
7 8
81 89
22 15
76 48
66 94
49 88
58 45
95 51
82 72
3 24
36 14
42 18
27 23
39 14
49 40
20 37
63 92
31 82
96 38
43 14
19 61
34 34
30 46
36 90
42 24
36 24
50 31
21 82
54 86
74 40
32 87
78 45
92 65
37 15
2 6
43 79
96 49
47 69
50 55
28 33
65 45
68 2
87 79
1 27
55 59
18 29
47 49
81 79
2 48
74 12
91 44
72 68
48 24
66 78
64 1
98 71
11 1
73 87
57 88
66 70
54 62
20 64
70 78
27 18
53 47
46 15
44 18
65 33
86 98
87 61
35 82
98 99
37 18
23 32
77 85
55 93
17 4
27 72
67 21
79 37
93 35
11 60
2 50
59 21
84 62
36 68
82 6
3 43
90 39
7 88
94 81
60 1
55 3
14 28
5 99
86 24
8 19
51 61
83 56
84 87
59 61
93 11
41 17
100 53
63 40
29 95
35 60
80 67
76 97
55 81
93 45
49 38
90 39
75 67
85 41
34 43
82 54
55 53
41 45
16 66
44 7
9 3
96 69
47 72
8 50
37 51
30 76
3 25
32 53
97 26
58 55
19 95
40 49
41 8
88 79
99 4
19 24
16 33
4 43
26 47
52 13
65 44
27 68
57 6
57 4
31 69
55 52
100 95
20 49
23 27
51 63
43 68
47 47
44 5
93 4
56 71
69 85
26 16
11 31
20 11
90 51
5 92
34 63
84 25
64 98
98 17
30 18
72 48
52 64
35 59
8 88
61 65
72 87
32 60
8 3
31 73
72 44
93 99
65 74
74 90
16 95
34 16
72 82
30 53
69 39
7 2
18 37
56 30
72 38
100 44
19 56
94 11
29 27
84 75
94 1
74 44
17 44
81 6
13 95
39 60
78 89
25 32
8 17
31 82
63 54
69 64
8 51
28 34
15 44
39 28
69 37
15 76
78 15
79 30
63 42
60 78
2 16
77 59
36 11
73 50
8 98
60 64
14 22
95 23
68 44
69 53
82 44
73 57
77 28
25 43
44 33
74 6
77 94
83 46
28 54
8 35
22 37
40 65
87 57
14 68
18 31
46 87
48 76
10 82
34 97
31 38
67 100
9 75
85 32
66 40
87 2
10 50
22 71
20 50
18 86
95 65
11 70
32 45
56 8
18 82
15 36
1 58
84 11
73 37
72 43
39 91
62 6
78 25
94 37
37 80
38 4
29 36
78 44
56 9
96 57
5 60
69 32
57 2
59 85
97 73
83 5
79 68
78 1
46 50
57 86
64 20
74 14
19 72
55 28
20 50
61 91
42 40
7 42
99 19
77 65
87 59
25 27
15 8
12 36
30 50
78 74
94 43
92 86
94 53
98 7
95 42
89 40
64 78
37 54
72 89
43 45
3 17
66 8
62 12
99 47
15 54
59 100
46 83
53 63
61 26
9 11
26 4
87 57
83 33
71 21
63 32
80 69
3 32
83 26
95 21
88 79
81 30
43 33
35 48
66 7
63 59
69 28
55 58
27 41
80 26
51 22
49 16
89 84
89 70
8 59
76 52
77 12
42 43
90 23
8 98
28 80
38 19
51 24
89 8
49 42
3 11
5 90
87 85
23 54
98 22
46 86
73 72
95 42
66 18
62 7
26 73
11 47
38 51
78 91
82 44
7 93
76 71
53 4
35 33
5 17
51 93
1 53
20 11
70 88
91 86
98 78
40 83
14 54
90 46
97 5
14 32
86 98
17 80
7 98
90 97
24 93
61 15
86 74
75 39
99 14
33 70
28 19
100 4
94 67
69 91
30 58
63 66
98 13
55 11
27 25
31 91
28 99
66 34
87 70
5 15
84 39
15 55
30 91
31 62
47 16
53 55
95 26
14 85
13 42
36 52
75 31
25 93
35 80
27 5
42 81
35 75
24 27
70 3
70 69
3 63
2 2
60 71
25 84
48 83
6 68
91 1
100 65
95 40
52 73
33 63
66 24
7 7
8 84
18 11
24 14
96 46
54 56
9 26
3 31
68 78
39 70
15 100
44 49
43 30
65 12
44 14
70 35
15 52
49 92
18 61
74 76
99 16
19 84
12 94
1 97
39 60
84 71
6 1
57 64
91 11
84 66
61 5
45 34
57 99
52 97
24 43
62 59
67 36
75 38
78 68
93 20
42 23
46 67
11 49
96 90
44 26
14 76
76 71
60 33
6 81
69 90
47 65
52 87
30 11
35 2
28 94
64 4
25 6
54 52
65 25
91 44
27 51
35 45
4 35
81 25
52 43
56 18
89 27
72 80
42 47
31 79
16 13
45 24
33 15
90 42
5 72
54 22
22 77
83 74
6 3
44 2
64 81
99 53
83 3
64 100
75 13
35 56
50 34
39 8
66 51
73 81
68 39
19 38
19 12
52 46
79 64
28 70
93 10
51 59
70 22
44 17
26 94
20 40
22 32
32 39
71 15
28 82
74 51
94 39
14 85
94 95
36 44
82 67
47 78
1 95
13 92
95 19
8 62
7 38
68 97
69 77
78 19
92 70
84 82
72 74
98 85
70 33
16 98
77 43
53 56
79 39
88 35
72 88
79 29
19 90
24 50
5 79
60 20
22 28
30 8
41 4
72 39
98 66
27 28
68 54
92 16
23 19
92 51
50 60
15 68
65 95
33 98
73 3
61 81
78 32
16 7
23 11
14 55
7 97
100 42
45 70
99 48
24 34
39 60
21 51
69 15
48 34
12 44
69 69
26 27
77 85
85 92
21 32
19 49
27 48
80 55
98 65
29 98
40 100
54 10
13 61
69 77
19 31
63 26
16 98
13 23
44 57
71 89
8 97
63 27
52 88
46 59
18 69
83 8
69 85
74 96
84 90
26 66
96 81
21 89
85 94
11 67
31 22
86 71
72 47
49 94
69 2
59 75
46 3
93 31
2 86
40 88
35 11
98 62
19 48
20 57
65 83
23 13
71 93
72 35
46 26
70 68
8 46
91 62
86 49
7 17
1 39
18 19
94 62
24 18
36 23
37 60
74 93
55 57
30 42
48 82
60 90
80 58
35 41
55 2
54 7
75 49
100 45
94 78
46 29
35 73
84 4
45 3
26 77
29 2
51 61
18 22
88 25
78 92
75 54
66 15
94 85
1 48
94 38
61 34
25 18
7 28
45 65
14 63
68 85
23 28
33 85
74 47
20 88
85 74
72 82
75 42
73 15
4 24
78 60
3 16
13 58
52 2
51 40
34 43
23 67
71 19
17 12
28 23
31 59
61 56
69 93
74 62
23 8
55 19
62 25
76 33
56 32
97 56
91 35
24 81
4 57
81 12
34 30
20 8
26 56
75 60
91 87
36 64
53 99
62 25
69 98
12 19
26 41
69 95
82 81
91 6
68 13
69 82
97 86
39 2
17 31
83 88
59 1
16 69
57 86
78 71
70 86
92 28
19 15
9 27
19 40
33 63
22 67
80 86
21 75
9 22
17 17
4 57
67 100
58 30
68 52
85 22
42 25
89 100
26 3
79 55
24 48
97 40
98 69
99 100
16 38
89 35
8 9
14 18
19 62
95 55
21 53
94 36
72 80
68 33
16 14
78 59
6 64
15 2
4 49
83 50
58 90
53 44
35 13
42 16
85 16
99 58
28 70
79 81
76 76
20 81
94 19
78 8
74 16
87 71
17 85
92 79
70 50
27 40
44 93
41 25
44 76
81 34
27 32
84 45
11 1
89 86
4 60
81 35
77 51
37 8
24 51
58 82
56 15
71 97
20 98
59 15
47 33
57 81
31 69
5 52
14 31
25 82
14 48
59 69
98 65
39 82
97 12
71 83
53 40
1 72
61 80
5 98
85 17
99 5
66 44
67 77
74 15
89 16
30 47
58 8
10 96
71 82
52 98
81 48
33 32
70 79
79 63
54 94
98 90
57 3
91 63
57 62
62 84
32 50
63 39
90 20
19 95
17 87
99 60
59 17
83 83
53 84
52 16
76 1
36 25
56 35
38 45
73 31
17 5
51 23
79 88
71 75
16 3
24 80
75 47
50 46
27 78
47 40
53 70
46 41
80 53
96 86
26 66
93 37
8 66
55 89
42 32
61 78
94 24
59 33
10 95
89 84
100 37
46 7
89 21
85 31
97 58
21 26
40 51
11 28
25 63
21 13
70 96
72 85
34 82
23 13
37 70
96 98
18 85
87 60
25 10
30 59
100 35
24 65
14 35
74 51
4 80
57 96
47 24
77 44
78 50
34 33
30 57
27 67
51 69
47 14
60 7
48 14
53 2
23 42
63 89
87 20
85 49
51 98
9 18
90 28
65 77
74 28
5 26
100 70
90 92
57 84
19 12
76 21
18 60
97 63
65 38
82 11
94 6
9 16
35 10
58 87
99 57
72 43
9 71
5 7
81 27
83 28
12 23
99 45
75 33
64 46
51 36
27 44
38 86
48 88
10 74
90 7
14 20
58 98
5 21
21 83
74 70
44 91
6 57
42 8
48 62
92 74
67 63
66 12
83 54
50 41
87 83
7 79
42 51
89 23
33 55
80 24
41 79
35 4
6 1
9 37
26 47
61 33
71 67
67 92
86 72
70 26
99 28
48 82
76 42
56 55
89 76
28 78
61 31
3 31
94 17
68 33
43 11
49 35
39 76
29 22
32 56
83 23
5 37
15 44
70 34
27 70
37 23
79 3
22 1
15 12
46 5
41 65
46 76
59 63
13 33
73 88
11 75
2 98
7 43
89 68
68 59
9 2
63 62
19 74
29 19
4 69
3 9
10 10
26 15
37 48
25 53
91 38
67 62
1 46
62 74
82 77
37 62
24 73
16 96
80 29
29 56
60 99
96 56
71 86
48 37
96 15
86 38
6 68
65 22
66 32
49 58
32 59
20 39
10 93
37 9
20 77
43 81
77 44
79 92
50 67
41 93
85 51
70 62
43 8
51 5
48 3
99 69
86 36
96 16
97 59
15 63
69 30
36 79
22 62
47 38
47 60
90 78
40 50
21 88
3 38
7 87
48 6
77 60
56 90
34 18
58 76
12 57
98 71
37 73
24 14
78 46
17 51
55 25
80 33
71 75
44 81
71 2
64 13
26 58
9 34
45 55
10 15
27 46
60 51
71 51
68 90
71 16
3 1
82 9
92 100
80 60
98 54
59 91
36 79
46 43
10 85
77 46
8 27
23 99
36 24
19 12
97 68
89 17
36 6
54 3
74 97
84 19
92 67
15 70
19 71
63 38
84 4
27 52
78 37
60 77
45 12
17 2
46 52
94 65
87 59
62 7
9 1
56 65
44 9
86 77
63 39
75 63
91 14
40 10
68 18
29 60
95 9
22 90
94 7
19 8
36 1
21 86
24 32
21 81
93 65
51 58
15 21
29 99
9 14
72 63
6 18
32 83
99 40
37 81
42 73
96 8
49 85
30 55
44 99
33 33
14 25
38 50
1 76
57 56
39 80
14 1
67 26
72 66
66 15
64 63
99 93
67 57
43 17
94 2
72 4
84 8
79 52
23 65
53 50
73 53
35 28
6 38
50 78
34 21
39 50
18 25
94 2
87 94
44 47
8 12
9 5
92 63
59 17
31 92
16 54
58 87
36 28
55 22
27 58
24 20
96 82
16 95
33 63
74 46
34 81
55 10
18 16
14 85
69 85
20 83
7 61
20 62
25 64
12 81
70 95
15 24
8 27
70 65
57 66
27 48
35 10
14 3
42 50
83 82
38 3
71 60
27 55
59 38
74 44
81 87
12 59
43 94
68 79
15 30
72 29
15 83
89 84
41 42
30 82
76 32
22 60
5 42
39 58
92 99
24 26
21 45
80 98
60 87
56 66
84 75
53 12
98 3
87 40
13 100
65 59
16 52
25 95
2 62
56 9
85 72
7 16
66 91
52 76
26 17
84 13
87 43
61 35
44 67
54 25
26 25
18 93
31 39
23 94
1 72
55 18
95 15
47 67
23 89
87 39
17 22
58 42
98 58
34 80
33 69
100 68
12 48
93 79
25 61
49 54
25 58
10 67
20 92
3 81
17 53
1 31
29 91
19 60
37 11
18 95
46 22
61 48
23 9
55 56
80 78
56 84
61 94
1 52
3 40
25 100
18 71
60 11
99 97
27 30
58 85
46 17
100 90
14 12
6 97
56 39
19 64
84 25
97 45
40 57
47 46
5 62
23 80
7 19
38 81
47 9
44 69
65 25
20 56
56 31
12 29
80 83
81 95
54 36
15 60
48 85
87 16
87 21
38 35
88 29
50 90
72 67
58 25
10 85
60 18
83 37
70 40
83 52
33 36
28 50
64 69
93 30
70 82
14 45
27 47
80 5
13 66
72 43
44 68
4 21
85 68
90 14
42 99
48 8
37 80
28 50
31 38
38 56
14 96
32 3
82 1
89 3
86 54
46 65
84 44
17 56
62 75
2 10
28 67
3 37
99 65
91 15
79 49
43 82
84 14
56 5
86 65
5 81
76 15
50 22
32 57
78 10
56 52
52 31
42 80
7 31
31 1
51 97
64 64
5 28
19 73
37 16
62 99
39 94
64 12
5 5
12 74
97 4
73 8
32 10
15 97
81 61
61 79
22 65
27 13
78 75
17 58
47 64
47 21
33 62
17 52
79 69
38 7
55 89
77 58
52 36
30 85
68 67
7 64
26 13
99 98
59 44
58 3
39 32
44 29
13 80
34 53
15 1
82 28
35 38
6 21
48 60
41 35
20 66
53 90
9 61
34 10
99 18
43 78
16 82
41 4
6 43
33 16
100 83
8 78
42 35
74 43
25 86
78 59
55 91
45 21
66 99
79 4
31 60
94 47
53 64
59 92
94 60
49 12
74 94
34 38
32 47
85 61
93 61
27 82
18 83
17 62
25 44
6 87
47 2
5 21
85 15
14 66
81 24
68 47
63 47
30 67
59 45
9 61
59 71
22 15
39 73
83 79
88 16
60 86
73 7
79 86
4 72
37 93
62 60
90 24
63 52
22 22
6 94
30 66
54 23
53 91
90 18
77 52
12 21
47 3
50 61
56 8
65 16
50 21
71 85
46 51
7 28
30 81
28 16
81 97
84 24
80 69
98 53
37 59
42 63
61 4
54 55
52 31
80 90
9 89
100 48
8 69
88 27
62 13
70 92
56 25
81 20
67 52
87 69
4 56
83 29
33 19
47 70
60 9
30 5
23 78
1 55
57 47
22 69
65 79
87 26
16 99
49 99
67 6
100 23
8 51
85 52
67 37
12 64
16 38
30 74
68 3
29 25
2 24
22 48
72 33
43 67
91 22
72 51
49 100
70 22
14 21
35 40
29 40
32 73
1 32
46 93
84 42
81 37
84 91
79 62
42 31
22 19
65 56
55 63
46 73
81 60
83 14
17 40
72 38
38 13
21 30
56 25
64 53
96 89
18 49
53 30
84 19
37 16
95 44
44 50
8 27
4 80
62 97
91 17
73 28
76 78
62 12
71 97
63 20
36 17
55 56
58 27
77 4
60 79
22 61
44 96
35 31
30 56
53 22
86 7
53 33
50 94
47 52
10 42
86 30
94 69
3 85
82 84
41 86
75 90
70 42
4 84
23 44
58 87
81 72
78 76
29 36
54 17
82 88
7 11
31 20
78 70
5 41
44 77
12 36
72 93
47 39
67 40
25 81
20 49
47 76
18 47
21 49
48 15
98 40
26 23
5 63
24 86
96 14
68 7
37 33
78 43
25 66
59 37
45 3
70 16
41 71
28 77
83 27
16 65
47 90
19 5
18 65
78 34
46 33
53 24
26 79
1 77
95 69
76 24
47 50
15 76
21 80
81 88
10 29
66 15
73 49
63 25
40 27
30 13
57 77
68 76
75 29
82 61
62 63
9 25
13 56
44 3
26 34
50 77
44 65
90 8
65 75
79 16
54 90
52 76
36 48
60 10
5 35
54 20
33 41
10 75
25 19
31 20
88 95
66 93
100 25
24 50
43 93
88 78
84 6
32 78
67 78
58 38
3 7
47 32
57 62
26 62
58 37
89 88
80 74
58 3
8 89
20 94
77 75
52 49
25 8
12 26
56 27
3 71
53 5
24 38
92 80
93 7
62 28
37 91
76 82
47 34
98 82
19 60
37 97
52 52
92 59
14 39
37 58
57 98
84 64
53 22
54 60
16 20
15 18
21 67
71 89
42 99
21 33
29 91
89 25
10 55
41 47
23 86
65 78
90 91
54 36
2 28
96 42
64 36
43 21
86 27
10 52
60 31
63 48
52 68
45 90
47 62
3 48
61 40
43 45
86 60
45 11
46 58
68 88
4 75
44 57
16 48
68 8
71 28
91 47
39 36
45 92
1 25
22 11
13 83
57 6
60 48
50 46
19 28
53 8
12 48
55 31
28 100
53 22
52 97
65 44
58 67
90 57
79 40
75 80
40 79
100 78
2 50
7 39
72 92
42 10
1 37
94 10
96 55
66 76
98 98
65 100
34 70
41 76
49 45
23 34
42 43
4 37
46 63
64 47
90 82
31 81
62 23
92 52
49 44
34 43
35 38
15 71
17 18
98 40
29 16
1 36
94 96
14 10
7 19
76 7
84 85
54 3
9 86
27 37
66 27
89 85
6 44
92 52
81 77
28 87
67 32
3 71
22 65
20 24
52 74
76 18
67 65
6 79
60 10
65 25
25 6
48 5
72 84
41 73
48 74
100 38
42 3
45 26
23 87
19 34
44 76
48 95
66 1
88 90
94 15
11 85
28 61
68 46
46 24
47 99
11 88
52 39
12 13
50 80
66 55
92 32
10 96
47 45
95 38
54 44
48 85
13 60
31 90
43 1
56 93
53 10
45 24
41 88
59 82
21 84
97 80
29 29
17 34
54 59
40 73
4 65
22 20
87 20
64 84
81 96
55 96
82 36
7 55
35 51
17 80
82 37
99 81
23 53
79 2
29 30
44 43
52 54
46 78
27 60
42 97
41 76
65 39
30 56
41 75
61 39
34 68
84 48
74 7
65 28
6 19
94 26
24 84
21 75
4 53
11 32
84 97
12 7
43 25
6 20
93 64
62 29
3 94
45 56
58 35
93 51
61 97
27 30
65 58
12 63
20 3
13 38
19 33
10 49
81 61
55 81
93 57
89 87
89 39
70 57
82 80
98 27
88 48
54 21
76 31
21 15
7 19
7 78
79 96
67 17
94 19
33 83
72 49
93 36
74 99
61 91
97 37
69 20
15 98
29 74
83 43
10 61
67 80
39 57
96 13
17 18
5 60
23 99
73 74
40 71
64 69
100 20
78 98
70 57
76 98
63 47
32 98
46 37
56 30
54 93
54 87
89 53
93 4
2 74
68 64
35 4
28 37
98 4
76 70
10 14
98 15
45 84
85 48
43 60
73 65
68 86
86 86
7 56
29 93
38 85
78 55
71 52
17 27
57 69
68 95
87 84
61 88
64 31
91 8
15 61
21 13
34 81
32 100
52 89
17 87
14 13
23 71
26 17
25 4
44 26
57 65
53 35
84 24
21 44
43 81
36 80
53 37
64 25
56 11
53 44
14 20
18 44
4 30
69 17
82 46
47 56
34 9
42 83
97 61
18 59
23 42
100 55
57 75
100 36
68 56
22 9
56 8
9 22
95 32
76 46
22 76
100 88
96 48
38 4
95 15
4 14
72 54
57 58
96 34
9 70
57 28
51 87
71 2
39 15
53 72
21 59
40 90
71 43
38 67
64 79
78 47
83 22
24 85
16 14
58 6
39 21
6 86
17 77
13 22
100 25
7 78
20 11
71 83
68 27
55 59
85 4
81 1
98 69
23 97
54 6
45 34
69 100
82 58
30 40
61 81
2 83
81 2
75 50
72 59
87 27
43 11
29 90
67 26
86 84
85 81
52 79
47 90
16 36
51 47
19 72
44 85
93 48
54 13
57 78
41 31
25 1
16 59
27 11
91 5
19 77
15 56
13 85
55 17
56 43
26 79
26 7
79 11
44 55
30 1
74 93
81 46
22 98
37 47
85 7
43 15
79 28
61 32
14 37
69 43
66 56
26 13
53 66
85 33
61 40
7 11
27 41
82 20
63 36
13 50
53 73
44 44
45 53
92 32
69 99
51 92
80 76
31 33
9 4
3 36
95 58
49 53
71 21
45 34
21 54
42 69
28 2
98 35
76 31
36 51
44 51
56 86
51 75
93 17
78 64
4 25
52 54
51 35
65 58
10 42
83 76
45 3
38 9
54 23
17 18
68 77
89 97
91 28
89 62
74 53
28 70
83 35
53 7
29 24
70 94
76 37
57 29
9 76
29 70
72 76
30 97
53 66
63 19
41 22
43 46
86 38
7 85
53 43
61 33
5 79
66 41
27 28
42 33
91 63
36 61
38 19
56 51
70 33
6 40
72 31
47 17
90 96
78 32
21 87
45 19
18 73
18 82
28 14
54 59
83 31
12 82
1 61
17 39
23 90
30 77
10 11
91 95
9 57
43 46
34 74
12 88
88 88
49 4
19 2
47 59
28 50
60 42
7 89
100 49
85 32
65 70
25 24
48 36
35 13
40 87
42 46
46 46
1 75
51 11
70 38
13 44
52 76
32 67
74 77
70 2
48 23
18 23
46 2
33 36
35 95
29 7
40 68
22 97
63 26
15 54
63 45
23 20
28 15
87 5
40 84
8 75
19 35
95 62
15 38
11 8
37 93
15 39
20 79
2 96
88 90
48 65
95 88
11 3
78 28
3 21
59 72
99 7
91 1
34 12
34 28
78 69
77 15
20 22
7 1
2 8
47 86
43 68
95 54
37 87
43 8
29 29
80 46
39 6
23 86
67 3
10 83
10 86
95 80
47 100
96 90
48 31
70 68
59 26
58 88
25 38
21 91
2 90
84 59
40 84
47 16
49 31
6 85
98 41
47 23
67 86
51 79
32 87
12 60
34 86
52 52
52 29
76 53
84 43
44 31
12 70
65 63
48 14
21 75
17 28
98 51
29 47
77 100
85 64
69 72
38 55
33 68
6 95
98 94
74 75
27 97
89 72
100 26
83 86
49 61
80 60
22 42
30 88
33 43
78 78
17 30
76 37
3 97
37 46
65 66
27 8
2 48
79 4
6 18
20 97
20 65
82 19
78 51
44 80
89 97
41 39
66 83
9 39
4 25
91 31
63 55
24 31
33 44
36 87
82 64
3 85
92 83
87 70
100 80
83 37
65 39
27 90
58 10
78 9
87 73
53 44
3 10
56 92
4 93
72 39
14 48
22 62
94 6
62 60
58 76
94 96
28 50
85 15
44 13
35 71
60 82
74 3
47 43
7 57
30 87
36 67
4 21
84 37
37 14
53 38
40 86
16 36
45 84
19 33
70 100
40 17
32 67
95 58
87 1
77 35
93 15
59 71
68 15
66 15
33 59
42 79
8 92
83 100
19 37
92 57
14 60
6 86
16 70
44 72
52 87
78 96
10 5
35 29
57 36
57 17
78 28
83 90
30 82
67 80
67 70
16 59
45 39
62 96
55 43
36 81
5 74
92 91
77 61
78 29
21 11
4 5
49 97
36 71
80 14
77 29
20 13
26 85
37 49
71 17
1 57
94 82
82 100
4 94
62 35
77 23
8 3
9 37
92 2
68 93
18 91
36 51
20 44
64 2
46 68
74 24
63 1
34 31
17 100
62 6
24 60
27 65
55 49
57 7
82 31
9 7
25 98
22 90
92 37
7 35
65 19
76 90
61 87
70 7
33 15
98 79
87 68
77 86
33 45
47 79
98 61
97 65
59 90
85 74
97 16
74 20
27 56
77 68
81 57
35 39
40 53
87 62
61 5
28 13
92 95
6 66
90 96
54 43
13 92
60 31
70 45
1 91
51 87
63 76
50 29
91 66
40 35
9 71
90 5
57 91
98 17
94 66
90 12
70 53
100 91
90 6
14 58
91 10
40 68
4 98
99 55
42 3
54 88
78 79
54 5
65 36
39 50
98 63
34 3
40 14
14 72
9 24
48 33
81 11
24 32
55 35
79 88
45 47
35 38
95 24
46 93
68 41
30 97
98 61
51 18
64 25
86 42
74 71
75 68
21 56
5 49
74 86
51 30
69 45
95 55
79 20
45 47
79 91
98 41
77 89
19 37
80 64
86 91
62 92
66 21
63 86
62 39
55 34
71 42
100 94
48 73
89 46
45 83
80 8
86 60
3 24
42 23
96 10
67 66
19 18
65 69
74 43
85 35
40 15
18 22
91 41
90 7
32 31
35 45
47 74
80 39
28 95
39 78
71 96
13 26
39 37
76 32
55 14
28 66
11 33
99 74
52 42
55 26
11 65
12 6
61 96
74 7
94 34
82 69
53 80
99 52
11 62
26 65
24 36
14 10
6 39
7 50
1 13
88 33
43 94
91 22
41 14
1 35
59 31
92 63
48 87
98 67
59 24
36 49
76 39
57 12
97 84
27 73
79 93
23 34
86 66
68 74
88 49
71 5
46 65
25 87
80 85
91 86
45 96
21 70
7 20
78 79
44 4
72 35
57 92
17 61
80 37
6 87
39 61
36 7
7 46
3 38
84 21
21 8
65 3
65 59
26 32
44 95
38 16
6 43
54 53
40 59
95 74
64 86
82 77
1 46
49 35
1 61
45 46
97 5
89 93
75 90
75 86
8 28
89 26
30 59
62 6
65 100
80 21
39 22
8 38
88 43
53 26
18 89
62 43
48 85
72 31
70 95
58 54
49 39
55 10
96 80
71 72
14 66
8 76
21 4
52 69
38 99
98 73
73 50
18 22
6 37
18 95
14 48
56 22
92 75
100 21
78 86
66 21
44 62
58 50
17 42
90 65
9 55
36 38
11 16
13 11
21 1
25 27
31 42
30 25
90 64
80 57
86 14
25 11
5 11
14 84
41 85
70 100
15 20
96 59
26 91
70 53
21 36
62 53
74 47
13 13
100 50
47 13
6 42
68 12
100 65
23 17
7 67
39 18
61 45
2 18
34 51
93 39
100 16
76 75
77 22
59 87
91 72
14 63
44 79
58 79
5 52
29 96
36 85
34 39
34 67
98 53
20 43
10 24
7 85
47 51
80 62
10 97
79 77
45 17
87 13
40 31
89 74
13 22
22 31
3 70
4 41
92 73
42 28
57 98
1 4
37 54
87 95
27 57
8 21
53 39
41 41
59 8
55 7
49 9
18 24
84 47
61 92
35 28
21 5
90 23
35 32
78 86
51 19
99 50
24 34
83 3
30 86
8 21
40 62
78 47
40 83
47 96
4 99
24 48
86 72
30 92
1 14
74 71
27 19
30 48
83 26
96 60
16 51
83 37
81 35
24 100
74 15
23 16
84 38
17 93
48 7
96 59
28 33
75 22
47 40
29 98
54 8
98 95
74 15
3 72
76 93
30 10
52 47
37 22
69 61
36 8
52 78
79 1
88 96
71 18
68 63
49 51
69 1
95 25
65 83
38 30
15 22
9 1
71 40
75 41
39 76
1 93
9 75
9 16
97 27
7 71
65 51
18 56
83 84
39 46
20 98
83 88
16 46
80 83
84 100
11 95
41 20
19 73
29 24
76 35
54 30
2 92
24 70
12 15
45 41
45 38
69 81
73 74
56 68
89 64
98 57
3 35
36 60
97 91
49 88
6 99
78 86
2 94
15 44
4 27
71 5
55 38
93 13
53 45
61 64
82 97
18 17
47 53
92 12
20 28
67 68
95 77
77 20
3 92
82 61
87 96
5 77
22 61
2 14
3 26
68 70
43 24
73 96
73 75
10 77
65 5
50 9
16 8
63 26
86 77
54 63
42 11
99 77
68 62
74 89
79 74
37 14
82 78
17 81
76 68
46 100
34 22
57 56
25 12
6 73
11 83
70 1
21 7
33 48
22 71
12 37
89 15
34 50
45 38
68 10
49 11
14 36
42 79
31 33
27 73
6 32
79 16
53 1
58 1
46 94
21 14
34 25
43 77
40 77
3 53
31 94
50 33
66 41
51 56
21 63
95 15
24 90
27 21
44 24
70 5
37 89
37 67
68 14
33 83
41 53
66 52
30 58
68 3
14 35
95 31
92 39
15 33
50 75
7 7
43 18
82 51
24 85
99 49
88 2
79 34
78 71
79 88
44 38
31 50
47 16
22 27
6 94
64 20
3 67
20 57
58 18
31 83
42 45
52 9
16 45
80 4
59 73
70 11
34 12
34 69
29 98
54 69
86 72
90 33
61 24
12 79
46 56
2 31
48 36
32 76
28 56
39 41
30 71
88 15
26 32
42 11
48 76
77 93
40 9
20 61
81 78
6 32
72 99
61 26
22 27
84 12
27 12
75 68
42 50
45 43
41 44
28 29
74 16
56 56
79 85
23 8
55 28
37 91
65 43
48 33
43 100
83 26
87 61
13 49
7 66
80 39
30 70
35 28
29 74
52 42
31 97
3 54
11 90
13 70
38 40
86 72
39 94
54 34
73 1
15 54
80 47
38 73
58 96
54 27
72 40
36 72
96 68
85 54
66 26
16 92
72 83
95 26
19 33
2 43
39 25
93 73
49 5
70 72
10 64
39 78
86 42
22 27
5 57
17 25
4 63
46 25
88 30
4 61
58 65
74 94
87 100
85 37
10 72
93 45
18 84
56 91
43 93
47 14
22 18
63 46
1 42
50 74
77 19
4 28
49 29
62 88
72 83
45 64
81 86
59 71
16 14
91 71
75 13
1 36
63 54
8 49
24 76
33 69
69 44
67 1
40 43
33 60
23 93
84 70
61 11
65 66
78 84
47 22
85 94
55 4
24 8
4 73
53 9
5 66
48 69
15 36
88 7
11 49
68 73
35 71
61 29
77 95
99 22
1 54
100 4
85 4
60 29
81 79
1 35
17 49
28 38
46 38
45 5
17 56
23 93
15 82
97 26
18 72
46 83
81 50
33 39
21 75
50 71
1 98
76 36
81 35
44 9
80 56
10 93
66 5
17 92
34 98
38 9
74 5
2 93
4 72
56 5
62 79
58 57
59 33
38 100
73 93
87 73
44 99
77 72
49 15
13 100
22 5
84 41
84 42
4 88
23 73
43 59
57 70
30 66
10 33
45 60
57 19
15 72
38 75
53 19
59 72
8 74
84 71
5 97
62 62
24 84
36 64
84 71
18 63
85 62
81 18
53 79
77 89
52 59
64 15
95 54
19 8
17 89
1 2
40 86
92 29
36 36
7 5
49 2
67 23
5 63
39 67
58 19
57 23
75 1
72 14
49 75
93 85
42 77
12 27
4 99
27 23
37 99
43 25
16 62
6 9
60 77
72 84
15 64
39 90
5 33
43 45
48 55
4 81
78 100
51 10
8 24
1 72
12 83
9 42
7 25
33 95
85 18
69 88
80 20
80 60
99 79
25 79
45 66
78 68
51 5
21 13
46 98
78 12
87 49
8 66
17 28
58 64
63 83
51 88
68 33
74 88
61 97
91 97
12 44
23 92
24 34
31 29
99 85
89 85
46 34
69 61
40 11
9 10
20 66
2 95
92 6
41 69
20 89
54 33
54 93
9 22
64 42
87 82
92 62
62 55
84 97
47 41
86 42
57 39
27 85
45 76
77 95
35 81
50 59
38 24
3 12
17 89
43 37
53 44
99 7
18 84
92 37
88 67
75 54
97 86
9 19
87 57
33 67
91 58
69 26
23 9
20 39
74 49
67 36
39 59
29 13
11 26
41 46
21 35
21 84
55 5
36 57
86 70
92 21
100 8
36 84
6 64
1 82
39 23
53 91
26 90
6 96
48 88
33 12
13 95
45 13
85 34
3 43
65 74
25 6
11 79
64 77
81 66
29 28
59 28
85 37
86 10
75 82
12 56
60 17
57 65
23 38
72 55
69 86
7 3
7 86
76 69
8 64
85 63
28 47
88 65
61 19
17 49
68 1
49 13
80 4
95 34
71 15
33 41
59 4
65 10
2 48
43 23
94 39
42 39
80 27
1 40
5 34
45 24
94 35
36 14
32 21
48 59
80 63
68 79
69 97
33 36
40 95
48 71
80 23
3 45
83 76
30 57
34 51
9 71
65 95
42 41
89 14
62 58
13 70
91 76
91 69
86 81
64 33
73 59
61 43
99 93
36 31
15 71
45 68
32 61
83 46
63 38
6 80
72 83
86 55
6 34
42 79
41 32
63 49
26 12
1 44
5 38
44 17
36 32
53 66
67 53
10 39
70 2
23 1
74 14
50 49
88 5
93 95
83 19
65 5
51 86
31 34
55 100
6 16
19 41
30 51
49 46
50 28
84 49
50 94
54 90
73 27
100 30
55 7
12 73
86 83
23 86
71 29
32 64
77 71
16 94
20 55
70 8
11 72
41 49
24 27
86 30
78 67
91 30
57 82
15 61
60 4
91 29
77 12
77 94
24 20
93 99
31 91
26 98
2 84
33 64
62 69
8 30
36 65
69 39
24 23
80 94
38 100
39 76
35 87
77 51
93 38
18 76
43 2
34 66
35 7
53 49
42 94
91 53
78 7
70 89
43 84
89 100
61 96
44 55
61 26
51 76
39 82
91 86
50 29
3 71
26 28
19 89
85 4
92 83
84 87
13 61
57 62
21 27
29 74
13 5
22 41
94 60
93 1
60 53
47 72
71 13
10 57
5 63
23 17
56 50
72 94
12 20
8 29
44 20
63 28
7 69
74 39
29 78
73 46
94 39
87 27
86 93
54 64
94 49
4 30
31 5
54 47
23 46
25 65
76 55
6 55
30 67
100 39
9 33
2 81
99 69
10 100
34 52
69 79
90 18
12 73
34 51
81 8
43 68
34 5
94 11
92 35
44 67
9 94
49 41
97 20
23 83
85 35
30 84
50 90
82 70
5 84
74 44
5 9
86 39
89 63
95 44
94 97
71 70
10 37
22 55
34 98
16 76
46 81
49 68
82 1
39 2
44 33
59 53
13 40
40 59
56 34
16 25
88 26
23 2
12 68
84 69
48 81
27 12
46 62
25 98
49 8
94 97
77 60
66 78
31 48
24 1
52 96
16 64
34 3
58 20
17 11
50 72
81 65
40 56
54 22
60 78
8 58
73 26
87 36
74 10
66 42
63 82
86 84
67 58
83 20
49 81
64 15
18 73
17 18
71 67
68 36
66 86
37 89
87 97
58 96
95 28
26 31
76 47
72 71
47 64
49 78
100 76
20 32
3 32
5 94
8 16
60 81
3 96
78 100
60 45
51 23
17 91
45 69
46 66
88 67
22 30
18 76
62 41
34 27
59 73
62 83
26 32
95 4
51 43
45 77
54 26
3 92
6 13
85 76
77 1
84 72
47 39
92 10
35 53
30 100
87 27
6 41
68 31
49 83
2 54
31 61
96 64
8 27
72 8
34 20
19 70
83 76
68 52
79 19
83 17
39 48
95 18
28 69
80 59
20 12
34 10
68 50
90 29
15 18
3 36
99 94
76 76
40 10
26 2
95 84
71 53
77 39
26 54
56 57
58 25
77 87
24 38
86 56
29 23
74 44
70 37
19 99
40 10
48 79
9 83
11 94
99 94
75 36
64 65
53 51
99 17
79 27
95 23
70 53
2 71
58 36
92 11
80 31
10 21
28 38
17 2
24 95
8 45
65 54
100 91
37 29
55 37
13 82
71 42
82 25
82 14
47 85
46 84
14 42
32 29
4 84
96 52
24 34
61 71
99 7
12 6
35 69
38 97
9 30
73 39
42 40
18 80
54 13
29 89
30 67
64 40
12 24
61 82
31 25
81 7
65 88
48 11
33 98
18 28
73 19
2 80
24 70
55 17
6 10
82 68
64 31
98 37
57 45
24 73
50 92
15 86
60 98
37 58
61 19
54 65
100 69
40 95
42 81
84 47
41 79
72 6
68 28
32 59
57 14
96 44
91 50
25 57
38 93
62 49
23 49
36 59
77 62
23 74
21 28
96 47
81 50
47 42
51 77
2 80
99 52
65 40
93 86
76 5
52 45
33 33
19 3
28 77
60 53
88 25
78 88
85 42
53 96
27 16
95 30
43 61
6 73
36 45
80 87
43 94
81 47
79 88
89 31
95 2
64 31
4 71
70 82
60 27
84 23
81 67
57 58
9 78
74 82
95 61
74 73
25 15
87 18
53 32
43 23
89 35
75 93
100 7
64 36
89 5
23 93
25 91
29 59
23 90
58 98
20 88
30 58
40 29
46 51
1 25
46 90
61 73
22 38
90 41
8 58
29 7
54 10
64 72
42 28
38 68
3 98
40 81
55 51
55 91
64 11
67 93
60 31
85 25
26 90
33 69
62 72
12 22
24 21
7 93
53 11
9 74
34 25
64 39
12 27
45 90
60 66
3 29
78 35
73 42
37 65
5 56
56 30
19 62
49 81
36 40
16 100
50 73
44 16
4 71
68 51
54 27
7 59
42 13
71 39
68 55
25 71
24 10
13 50
83 39
60 59
3 100
74 39
79 64
45 17
2 50
17 64
52 56
64 44
19 86
37 5
47 52
79 70
23 1
54 90
95 89
62 1
30 71
90 21
34 51
14 77
42 99
29 41
96 72
72 52
46 57
26 2
72 23
74 68
92 75
81 88
25 97
45 58
83 23
75 22
6 4
6 19
22 22
92 77
100 94
33 53
90 89
9 90
43 72
92 10
18 84
46 63
48 93
32 4
21 36
95 82
21 54
10 46
28 14
92 61
74 88
57 41
27 69
40 53
62 74
77 53
21 67
24 12
50 18
36 44
4 38
95 35
63 20
81 85
15 76
73 31
60 51
96 76
61 1
3 33
79 25
33 66
25 32
56 87
7 3
4 69
100 29
32 69
84 89
23 31
43 86
35 3
81 27
91 45
24 38
69 16
59 7
94 43
15 28
45 50
53 59
41 85
25 22
9 2
88 74
46 4
18 14
96 47
72 47
44 11
33 70
40 98
99 12
54 85
7 7
77 75
36 67
8 10
56 65
67 10
64 58
79 82
91 66
41 23
8 30
53 75
92 35
7 20
50 55
12 31
55 43
64 92
71 16
56 25
69 21
76 96
67 95
11 29
13 74
4 66
26 43
38 86
17 18
63 13
28 32
42 35
62 41
27 97
67 94
12 49
10 84
54 77
41 85
61 76
16 75
10 70
96 93
83 19
79 95
52 90
64 57
22 38
66 62
58 70
62 46
37 75
5 61
5 45
23 98
19 63
26 35
26 48
58 6
84 50
75 43
25 48
49 46
84 54
10 59
1 34
28 68
29 100
12 81
51 10
90 82
51 26
37 98
69 25
52 26
51 28
96 82
51 68
27 85
100 20
55 41
71 84
50 4
69 14
28 91
25 42
12 63
24 78
33 30
22 94
42 55
77 43
66 5
52 100
70 5
22 66
6 65
96 82
43 52
42 98
53 74
74 49
65 68
60 26
9 72
21 72
29 90
73 80
31 69
50 34
80 86
25 17
86 35
50 42
91 59
76 57
90 59
47 43
24 58
71 49
26 38
33 60
72 68
67 2
25 62
25 49
96 53
59 53
61 92
86 87
30 44
2 42
95 61
28 79
17 22
22 3
24 44
31 74
67 85
10 30
16 59
41 9
42 50
29 88
64 34
52 66
26 54
11 70
88 100
44 62
67 18
95 48
66 50
61 23
75 74
47 35
11 64
64 51
54 56
73 89
86 90
45 64
84 26
95 44
17 91
8 82
47 65
31 47
40 62
72 54
68 73
83 86
98 98
26 34
24 98
60 80
26 1
17 36
7 18
15 28
30 7
38 14
64 22
70 76
58 64
100 7
78 55
6 81
55 60
44 43
66 18
82 70
64 46
33 75
2 24
66 85
82 79
51 47
85 61
87 28
16 98
68 67
74 8
46 9
93 35
23 22
6 73
91 22
10 65
39 64
84 96
81 47
48 90
44 80
6 61
49 24
81 91
15 78
60 71
34 2
19 63
92 11
64 67
75 98
46 94
66 56
38 38
68 96
26 90
11 39
71 2
42 25
28 63
79 94
34 85
78 8
97 77
33 9
76 41
94 60
71 94
33 29
70 49
3 84
41 45
3 84
3 93
47 89
48 57
14 61
57 80
68 96
78 95
78 87
8 67
18 79
41 45
55 95
97 2
25 40
57 95
94 34
47 91
44 13
51 68
16 97
64 28
26 50
30 4
78 43
54 13
80 3
45 33
42 80
99 61
37 62
22 35
36 19
97 89
29 95
96 72
44 98
96 11
97 49
77 10
52 79
69 34
29 6
55 100
43 49
26 29
33 37
43 65
95 58
1 23
59 87
81 70
10 99
49 37
52 37
96 99
88 56
98 62
55 31
24 49
37 62
58 60
25 28
18 65
93 81
89 65
74 91
88 33
7 79
22 96
54 95
71 12
7 94
97 62
86 92
95 21
94 46
44 8
70 4
44 63
20 96
3 18
14 28
77 73
31 68
45 89
92 17
12 2
63 80
51 87
36 6
4 77
30 29
96 82
38 42
4 55
85 22
83 33
2 72
87 61
38 72
54 70
23 13
22 38
88 16
83 11
44 82
40 6
50 74
7 12
57 18
42 23
42 83
25 44
20 33
66 81
67 47
25 66
6 37
5 19
11 58
16 13
34 90
40 2
5 65
35 31
37 4
84 47
49 89
32 38
95 27
90 29
19 23
65 40
17 84
72 78
20 17
5 95
56 29
12 86
47 47
37 87
46 29
34 12
69 73
45 68
15 66
18 91
81 49
49 80
14 95
18 48
40 27
39 61
12 49
77 97
61 47
68 27
46 99
12 100
56 89
36 34
50 48
78 64
44 100
2 9
61 47
8 10
81 59
60 13
61 89
54 34
67 37
15 72
77 13
13 30
84 83
67 42
59 51
7 41
32 1
69 82
88 19
86 71
96 79
77 40
74 62
8 36
38 58
77 85
74 91
27 47
12 44
13 48
96 71
96 17
72 13
72 8
41 98
71 30
39 74
97 3
52 48
58 44
69 44
94 39
75 52
29 55
99 76
8 42
45 89
38 40
36 21
34 35
50 43
26 94
91 29
2 67
62 21
16 77
22 35
73 17
23 65
36 12
91 90
6 68
14 1
2 32
83 82
83 2
69 80
81 74
81 73
84 68
42 84
28 19
63 83
26 71
6 98
54 28
70 65
68 93
22 79
20 86
18 94
17 25
30 2
49 73
10 64
93 70
79 72
40 47
74 100
72 14
3 32
87 83
41 79
76 84
86 91
56 8
71 29
38 64
53 88
58 95
26 14
93 52
71 49
23 89
3 44
53 72
28 63
25 19
55 11
70 14
23 27
4 35
96 13
71 93
71 30
45 58
57 11
56 65
19 8
62 53
38 60
13 13
73 37
80 98
13 33
95 100
92 41
65 69
35 1
2 73
74 91
71 37
10 27
42 33
38 97
62 77
40 65
39 34
81 80
14 81
40 17
18 77
61 32
52 83
34 13
26 32
71 99
66 21
66 31
53 41
31 32
87 16
12 2
87 60
53 31
90 90
1 37
39 97
100 60
14 52
26 10
62 28
74 61
93 51
45 23
16 75
41 21
16 70
100 87
81 10
6 41
97 75
97 66
46 43
69 19
35 30
51 77
73 13
34 23
28 30
27 99
25 52
45 95
21 33
91 13
18 24
25 50
31 44
46 11
62 12
22 80
100 77
60 75
22 58
19 81
26 95
86 80
8 83
77 32
35 34
96 62
69 78
18 73
47 32
72 25
85 79
43 87
88 54
56 96
47 96
23 27
6 33
5 35
26 19
2 54
38 90
82 38
84 88
54 56
49 65
51 74
88 28
70 88
35 85
91 54
28 80
3 37
14 48
8 94
28 67
53 35
32 15
48 21
91 18
58 9
52 36
5 26
47 27
54 84
46 34
10 16
54 48
57 3
33 7
96 97
35 36
74 63
66 77
92 59
22 88
73 89
30 60
65 69
24 50
96 100
94 20
86 23
45 21
54 7
88 80
69 90
60 91
29 71
41 27
67 64
29 4
78 33
25 58
14 64
95 67
46 53
76 54
5 88
66 60
92 4
33 87
56 80
64 23
46 92
44 21
46 21
60 96
23 2
45 29
22 49
84 61
75 3
14 83
57 30
25 2
24 29
14 77
29 49
55 76
62 61
38 66
55 53
23 14
64 90
74 29
73 14
99 69
19 8
24 36
66 2
35 28
1 17
11 75
69 49
57 61
67 20
95 72
10 41
64 59
51 33
85 71
8 91
77 17
24 19
19 74
76 51
41 36
92 29
50 54
33 79
40 85
93 34
40 19
43 81
85 68
25 28
50 29
25 24
33 95
95 10
2 22
9 97
9 1
37 13
77 49
32 54
63 35
92 79
18 28
89 77
30 12
29 46
67 66
52 75
19 43
41 4
71 60
60 53
53 19
73 68
84 87
72 69
67 32
60 94
48 64
97 43
28 18
66 66
67 12
35 49
96 23
38 80
86 44
2 77
97 92
45 6
87 11
25 41
57 39
77 88
64 88
60 12
3 43
38 36
90 97
15 84
41 94
57 94
45 50
86 54
27 47
99 44
10 33
41 13
93 96
59 71
14 73
61 44
42 73
2 22
72 75
51 53
85 47
14 66
75 28
63 81
77 59
35 1
99 78
53 43
6 7
39 98
30 13
75 71
71 59
85 24
94 55
6 98
94 67
89 28
55 27
99 26
33 23
9 96
97 72
8 16
72 75
56 87
77 27
56 14
39 6
41 25
47 56
27 93
56 36
14 12
35 47
1 54
65 62
75 32
68 12
46 25
68 57
28 39
80 74
41 80
22 45
77 8
13 42
50 55
66 32
51 84
50 98
95 78
100 43
37 41
2 22
22 50
32 35
26 98
65 7
1 100
66 38
66 47
43 84
5 86
96 85
94 62
4 73
80 25
42 96
1 91
20 19
64 81
98 36
13 52
12 31
3 17
5 89
8 53
26 32
56 13
8 6
38 25
32 17
59 40
32 74
30 19
75 31
85 51
42 26
40 16
100 14
70 37
18 6
97 27
29 27
26 81
12 69
58 94
81 10
82 65
84 44
51 5
53 73
7 7
92 81
42 39
52 57
61 50
9 28
77 43
2 18
98 88
11 93
82 14
63 78
59 94
92 44
62 27
75 39
38 29
73 41
52 66
71 90
28 66
32 42
40 49
5 16
86 100
40 34
36 52
17 9
43 11
70 23
20 74
86 1
85 18
19 44
34 58
22 8
9 43
8 19
58 19
2 20
67 15
13 35
97 26
95 27
39 17
40 67
72 36
43 12
22 13
47 35
68 59
27 39
16 87
48 13
91 72
29 11
73 62
35 9
40 67
15 75
87 23
87 15
43 21
93 62
48 54
42 8
73 12
96 54
15 39
10 67
91 26
8 31
25 69
59 3
82 95
18 69
66 42
69 1
20 12
72 62
5 28
70 5
36 26
13 98
48 27
2 32
77 76
100 52
74 9
2 6
24 42
35 47
16 75
65 23
63 66
89 56
57 43
26 93
60 77
91 58
49 49
3 25
71 71
15 31
5 85
48 21
27 17
57 16
42 17
13 59
77 19
3 99
81 17
99 47
75 95
37 23
6 97
7 72
16 14
100 70
85 69
73 25
24 4
34 77
61 96
96 68
34 78
81 10
97 80
84 70
11 80
5 12
78 62
56 45
25 27
52 83
37 38
100 20
49 96
44 74
5 89
60 64
32 57
66 6
16 63
20 15
74 74
66 23
25 52
36 94
94 91
63 97
74 89
61 54
71 79
98 81
57 49
57 92
67 1
96 92
91 98
23 1
67 61
13 56
71 34
23 73
85 35
41 68
29 9
73 42
47 96
87 3
64 86
95 53
72 43
13 46
54 24
17 11
18 74
98 85
31 78
44 84
16 98
56 63
48 81
13 78
16 50
47 36
47 94
6 8
22 7
91 87
35 92
21 33
44 91
48 24
24 67
92 68
99 3
96 80
84 14
52 97
30 3
34 42
10 43
16 75
81 65
50 20
55 20
71 46
32 93
73 93
64 99
55 94
99 96
60 90
17 97
45 20
95 79
52 75
7 83
13 23
29 97
5 44
33 14
22 68
91 32
8 32
28 83
40 61
58 43
54 15
27 36
61 50
80 79
78 75
99 80
34 11
43 81
58 16
82 81
19 10
12 90
20 100
37 92
95 98
32 90
34 80
70 50
2 79
58 85
69 13
83 62
40 83
99 45
13 72
54 90
90 4
78 56
1 12
2 59
27 52
47 28
63 7
17 67
91 45
42 95
74 46
17 72
20 67
21 14
73 28
4 48
2 42
13 54
60 41
21 55
95 31
93 33
86 16
33 89
65 28
37 30
12 20
24 28
3 8
10 82
82 71
40 53
82 97
35 29
17 65
33 80
25 25
71 74
51 88
25 40
41 93
40 34
51 17
39 87
52 22
87 93
66 90
10 34
98 61
22 73
80 43
59 25
83 46
85 24
43 71
96 14
96 55
26 98
49 37
27 60
18 9
54 11
95 98
50 85
46 24
16 50
30 70
75 43
87 47
15 53
8 99
32 81
44 17
59 41
72 51
16 26
30 77
43 49
72 84
74 95
68 77
74 83
71 24
24 16
5 58
83 10
11 27
46 22
25 93
34 40
91 25
2 51
70 52
5 21
64 10
60 47
32 84
69 45
93 8
2 60
28 70
8 53
87 35
87 12
12 26
42 14
12 52
3 70
61 75
77 2
18 54
39 100
71 65
24 97
49 98
44 55
56 98
12 95
70 49
68 86
60 94
91 51
41 13
94 72
2 21
30 82
76 94
41 16
14 53
97 96
23 49
93 12
22 6
97 20
11 66
36 13
15 78
25 48
11 14
94 86
75 59
87 55
40 57
59 25
61 23
97 41
39 67
23 17
54 74
75 94
56 50
3 65
89 18
8 61
1 84
83 1
14 92
16 68
14 77
80 92
21 53
41 84
55 80
25 93
75 3
41 81
36 22
63 55
3 36
68 30
67 89
10 76
61 38
85 37
97 22
69 32
55 98
3 83
11 10
80 57
19 56
20 87
3 92
56 44
50 85
59 51
96 95
70 52
98 93
98 63
64 87
93 64
99 36
84 32
33 68
48 50
68 72
37 79
58 25
22 88
71 73
18 42
78 96
30 95
72 49
100 97
13 92
21 99
93 55
87 82
42 25
57 69
6 56
88 23
20 53
27 32
47 71
53 76
56 6
40 7
89 99
66 73
21 27
5 6
86 48
89 58
11 31
86 81
66 64
79 59
38 7
91 47
75 3
9 94
41 79
3 12
91 16
52 67
33 86
69 62
55 39
16 5
72 55
39 42
10 21
63 14
60 40
58 43
83 24
12 70
32 94
11 93
86 60
15 42
54 51
45 68
6 18
68 27
1 3
31 61
44 22
84 21
13 92
73 62
22 42
85 86
59 81
97 52
24 91
61 96
69 47
91 60
5 36
79 4
75 25
23 67
56 78
35 14
9 97
2 68
21 92
82 96
15 70
16 63
77 36
38 46
52 89
68 23
61 20
90 65
31 54
92 3
24 73
36 3
69 5
86 65
100 67
81 98
98 54
62 2
93 23
37 73
33 84
46 5
12 69
74 27
68 9
42 28
25 72
15 64
99 23
72 50
64 44
65 15
2 100
58 84
96 84
98 2
2 22
10 10
83 43
33 52
46 70
69 15
80 83
58 17
32 82
10 9
60 40
13 30
70 63
30 42
57 19
62 2
16 71
13 71
54 87
97 10
38 26
42 35
14 15
19 55
76 41
91 13
28 72
14 45
46 59
86 28
25 12
69 90
1 13
90 74
14 74
44 34
74 10
71 38
21 68
100 32
6 68
5 79
14 61
65 38
85 42
12 64
82 33
97 21
5 46
42 53
71 57
18 25
91 42
31 48
26 1
54 42
98 50
96 53
34 3
34 57
49 50
87 34
68 60
83 75
43 100
85 68
77 64
34 8
6 95
3 15
38 52
2 77
30 44
70 28
30 99
43 68
86 28
7 55
27 70
1 51
59 54
40 21
22 27
22 48
64 96
84 37
13 99
13 76
14 72
19 34
18 52
55 4
55 31
10 23
77 14
83 28
6 44
80 42
2 81
49 36
59 93
39 87
96 23
7 43
16 50
91 5
64 76
11 85
25 24
61 23
19 47
52 23
61 21
77 22
60 26
15 46
93 49
85 77
76 48
87 81
96 93
53 88
5 61
37 46
43 85
67 40
16 42
3 17
83 24
38 54
55 59
26 46
21 93
20 27
89 92
87 32
3 84
44 35
21 14
32 66
4 95
96 26
50 17
92 31
65 58
31 64
84 78
16 93
23 60
40 88
74 41
37 54
90 5
83 31
85 43
35 61
20 91
68 86
71 61
41 7
86 84
50 73
42 38
78 90
3 71
8 45
41 36
23 77
53 97
55 95
19 84
74 64
17 89
24 7
62 36
80 98
96 50
14 42
45 82
37 21
89 91
36 30
2 24
10 83
52 79
4 54
67 79
73 91
100 25
49 94
8 91
54 46
90 26
68 69
25 38
42 57
21 95
34 2
3 47
58 96
98 60
3 94
76 31
68 82
20 58
17 81
72 39
12 54
73 70
4 98
11 14
92 40
95 98
54 73
92 19
84 10
100 62
61 53
59 57
16 65
19 19
86 83
86 88
52 14
75 61
13 20
40 1
51 49
20 4
1 77
29 67
55 30
31 69
13 91
5 8
10 13
57 8
9 2
9 63
85 60
34 66
60 80
77 60
46 10
8 49
100 92
14 83
74 28
42 22
69 28
89 80
58 88
33 32
38 51
24 92
19 50
26 24
31 11
67 7
15 83
35 48
54 79
90 4
58 12
16 96
32 20
10 42
9 21
93 17
42 60
81 12
69 4
81 15
33 95
53 17
85 92
78 62
39 79
81 100
78 45
12 20
47 76
46 25
74 83
25 16
72 99
69 29
36 70
34 51
33 80
61 40
64 64
42 2
84 51
20 70
53 35
100 86
89 86
87 23
85 66
60 94
64 60
68 68
59 94
50 26
43 53
8 31
94 90
19 41
10 37
86 16
13 42
75 44
33 29
15 50
26 86
97 80
49 12
93 4
30 89
82 15
23 87
48 77
65 24
15 63
30 64
49 43
65 6
68 4
63 24
42 33
1 70
47 47
92 39
67 20
61 67
6 76
6 28
35 58
83 84
26 42
66 53
6 37
38 94
30 89
2 74
38 21
1 33
25 28
57 7
43 97
73 46
82 15
15 99
15 49
14 74
78 33
59 33
45 100
77 28
73 41
98 25
74 77
85 39
83 100
47 98
50 51
10 51
11 1
98 40
69 80
94 17
36 29
78 13
34 19
38 20
60 100
1 22
41 93
75 51
7 98
46 7
55 35
18 53
94 88
99 59
52 24
29 58
12 71
29 53
31 6
56 7
44 11
5 39
91 31
70 35
51 87
74 37
20 59
79 28
39 54
19 92
92 78
75 98
94 82
98 12
30 66
85 10
68 57
49 63
51 99
57 12
55 80
34 3
69 62
57 71
4 47
73 40
54 68
2 67
15 89
81 1
28 95
49 2
10 68
68 28
98 55
32 65
74 50
24 33
83 71
13 1
6 77
3 2
81 30
41 17
78 75
28 63
3 93
93 76
41 39
15 31
41 15
70 72
67 53
56 28
25 25
34 87
61 1
92 79
94 54
97 20
99 8
75 64
94 14
81 2
41 51
2 62
19 6
20 27
20 92
97 20
63 77
26 78
77 57
61 95
27 83
9 69
44 85
19 7
72 29
10 17
29 59
3 59
66 5
31 54
35 89
50 69
96 42
19 47
27 36
64 59
69 76
18 54
21 33
2 13
50 87
77 40
6 74
35 87
18 50
5 75
30 51
23 81
36 26
26 81
80 27
86 21
44 72
49 13
79 33
90 41
4 96
45 76
73 95
92 27
78 96
31 44
94 30
75 24
84 4
36 41
59 18
54 11
43 63
76 9
62 41
77 81
84 46
79 21
38 9
88 95
43 82
33 79
74 22
82 22
3 51
50 27
26 25
24 10
64 55
36 30
34 75
70 42
63 76
58 68
12 14
2 22
26 81
72 55
79 7
80 35
46 91
8 3
21 45
2 29
51 73
91 100
8 3
45 75
14 7
31 76
57 97
23 32
49 38
2 32
91 12
31 30
62 53
45 38
80 84
15 17
54 92
27 62
81 56
64 35
91 100
97 87
87 7
82 93
44 76
39 67
18 39
55 49
70 14
11 62
100 49
30 77
95 33
7 76
89 28
92 11
39 40
96 32
65 65
67 2
9 24
79 9
66 38
52 32
64 62
39 64
14 46
64 44
67 72
30 71
98 75
5 30
74 91
68 92
13 21
22 75
21 51
9 55
82 24
97 97
72 76
38 22
76 47
73 1
80 58
37 44
53 56
25 57
21 92
32 85
98 68
93 18
32 80
72 47
78 52
38 43
29 37
3 73
62 94
95 58
36 42
6 16
21 6
95 6
100 32
33 10
31 99
20 8
79 100
57 22
37 75
36 47
35 21
76 47
45 16
77 26
12 4
22 69
55 83
30 95
5 41
21 28
78 33
39 17
85 63
72 91
37 95
53 28
2 17
86 3
46 100
7 15
9 53
89 71
32 46
78 69
54 55
84 48
17 96
1 4
65 92
7 83
6 78
90 29
11 76
1 7
18 94
36 23
15 29
86 17
56 40
94 80
21 45
94 47
59 68
80 27
42 31
53 57
24 91
33 34
64 37
30 79
72 51
86 23
6 92
68 20
44 96
40 63
13 13
48 77
71 31
54 28
88 72
56 77
13 45
45 40
38 75
77 80
36 92
18 28
27 51
7 34
9 79
46 42
10 28
71 44
9 55
12 43
42 79
98 54
10 28
23 34
74 11
94 18
62 53
38 64
74 53
6 33
97 27
29 71
25 68
37 41
83 8
43 95
66 15
99 70
37 97
61 65
69 29
7 43
58 32
75 98
39 74
14 6
21 55
24 77
3 86
30 98
50 1
34 96
59 99
49 39
78 86
61 27
39 39
74 85
40 70
96 79
79 33
17 80
99 21
28 47
78 86
41 23
15 62
99 16
24 48
48 32
78 17
53 95
9 98
98 91
97 75
17 41
55 5
51 98
76 86
67 21
84 61
54 35
19 28
98 33
68 19
8 73
48 34
29 20
2 40
53 97
66 42
60 66
60 42
48 73
52 77
68 18
53 29
64 4
18 83
92 37
28 14
78 43
33 88
7 64
15 82
94 39
36 56
4 13
41 87
59 44
68 94
56 90
69 20
43 97
98 34
64 75
73 16
96 43
22 23
52 28
95 70
31 46
100 43
43 13
90 84
60 9
39 21
99 47
68 38
33 70
49 85
52 48
19 57
53 55
94 54
7 1
58 56
72 45
76 44
21 44
77 84
56 61
38 55
46 61
43 52
57 46
42 11
100 50
60 37
25 50
11 96
96 58
24 88
43 2
77 64
1 59
66 37
58 33
30 42
4 34
97 30
72 38
21 45
88 53
51 100
97 30
71 9
89 54
98 32
11 21
2 94
28 94
65 72
14 14
60 63
90 90
27 57
55 45
83 51
58 49
52 51
26 53
93 47
10 47
91 26
18 76
53 87
31 71
60 8
74 93
75 76
1 51
3 53
4 70
24 61
10 13
81 50
45 70
75 78
20 2
82 75
68 21
90 68
9 72
25 10
22 55
85 42
76 81
48 66
78 90
7 21
57 28
98 30
3 24
82 4
3 46
65 76
60 1
64 52
57 93
46 19
83 39
96 100
35 25
82 7
57 25
72 42
38 2
41 17
10 36
5 41
67 99
76 36
5 4
11 51
2 57
98 8
5 27
13 59
67 61
8 98
4 95
4 68
12 78
60 60
3 16
84 69
13 87
1 51
71 61
44 88
78 94
57 26
46 98
96 73
95 7
26 86
85 10
76 81
46 13
46 38
6 4
60 60
33 42
81 49
36 73
74 58
10 36
73 33
59 43
96 97
55 39
37 90
65 97
34 92
43 54
16 47
54 28
34 13
90 1
9 93
11 62
64 63
45 46
9 63
98 49
12 97
13 21
89 13
37 77
77 15
54 50
73 21
5 27
22 61
16 22
12 97
78 47
14 99
75 75
58 65
15 59
45 38
23 79
19 88
65 26
4 49
15 59
22 56
72 75
47 3
48 33
36 14
94 94
83 91
81 54
73 28
86 46
21 45
36 73
78 43
23 29
73 11
11 30
74 33
25 56
88 72
78 99
27 97
63 36
91 49
29 15
34 85
39 28
50 3
56 29
30 85
31 44
7 32
18 33
39 21
7 11
55 47
66 45
68 62
39 65
99 35
58 53
21 12
47 7
93 32
68 100
91 55
33 24
34 88
57 16
12 59
7 93
46 80
81 93
36 64
86 67
37 85
68 8
45 8
44 71
20 82
97 97
51 4
23 38
28 24
46 59
80 93
7 4
48 95
25 63
47 21
91 83
91 84
21 77
24 49
37 41
16 57
17 49
45 51
52 76
80 13
13 9
66 86
34 21
46 65
61 23
34 55
19 88
7 48
23 46
24 56
74 28
79 32
14 100
25 44
71 72
81 74
70 81
49 89
32 93
88 13
9 7
57 43
82 10
31 62
38 78
29 71
92 48
13 41
18 7
64 73
70 100
73 89
95 36
96 84
47 32
50 17
75 1
11 26
50 32
67 15
97 11
30 2
85 65
28 64
25 17
57 27
74 77
28 77
37 66
77 76
77 44
25 8
7 33
81 95
22 77
13 25
16 74
12 24
94 38
50 57
24 100
75 41
62 75
63 90
28 58
68 98
37 57
94 88
6 15
84 52
74 48
4 34
6 1
71 38
7 74
22 35
55 55
74 65
23 14
88 21
64 86
99 10
12 5
29 1
28 39
58 4
48 72
63 14
91 42
15 36
3 32
57 17
23 66
16 8
17 95
98 44
97 100
55 22
82 99
88 41
99 65
75 15
91 20
45 15
31 2
42 100
15 59
14 20
75 6
5 32
58 49
27 56
29 98
90 88
58 10
12 57
59 1
37 47
1 44
95 21
58 87
83 47
54 38
45 96
68 98
40 65
17 22
32 96
11 32
49 56
10 93
99 20
15 81
3 52
97 48
13 18
42 9
36 95
1 32
41 63
37 27
45 59
18 46
28 18
64 53
80 77
27 99
53 42
26 31
73 24
48 47
81 78
99 85
30 70
18 36
79 1
24 98
46 26
13 41
95 79
2 49
46 51
18 12
20 67
36 98
95 8
74 26
22 100
89 27
6 81
22 24
5 100
95 99
23 34
12 17
79 96
50 57
89 61
60 16
56 55
34 15
18 60
17 95
82 25
90 97
30 100
70 51
43 81
48 35
62 84
85 11
49 8
41 77
76 4
63 6
61 93
43 41
36 37
100 77
10 32
12 30
83 50
57 97
74 24
24 85
81 48
34 33
78 25
46 8
5 43
49 79
60 64
90 40
11 45
5 50
31 28
62 2
5 63
89 14
34 19
76 26
90 10
70 69
20 87
64 68
58 62
37 13
76 31
50 83
92 75
71 42
41 64
63 53
77 97
34 90
69 2
72 74
67 83
78 64
100 95
54 88
80 39
39 41
6 43
43 76
94 60
99 46
95 27
74 29
29 56
72 40
48 43
64 53
14 11
86 88
80 42
31 75
14 69
23 90
21 71
47 10
54 53
18 23
17 77
88 9
69 83
11 6
80 41
45 15
4 96
21 25
2 43
43 28
66 73
63 47
32 7
66 58
52 29
66 8
49 64
22 43
3 90
23 15
90 43
81 46
91 10
100 55
32 65
87 85
73 96
29 3
95 71
31 69
79 80
81 78
45 40
15 18
10 49
24 16
26 58
88 97
75 57
23 67
89 64
74 74
21 47
29 68
88 58
88 19
87 2
9 47
70 64
31 58
69 36
62 12
30 38
95 4
58 95
3 100
81 64
53 96
37 64
54 58
64 17
34 96
91 17
88 41
65 79
63 35
37 32
10 37
91 74
87 81
63 35
7 71
63 65
8 42
62 87
1 6
85 2
2 84
100 84
53 17
45 62
55 2
98 5
54 56
23 62
46 18
81 21
63 8
19 33
78 14
79 44
90 23
92 94
95 48
88 71
69 70
19 97
66 9
37 70
84 43
49 7
60 73
98 82
64 40
56 97
2 61
18 83
36 48
80 16
94 49
100 88
63 99
91 85
100 13
18 90
88 87
81 60
90 12
10 92
36 25
38 10
64 70
69 57
86 78
44 51
74 8
35 47
95 13
52 32
9 64
5 31
12 97
94 38
44 64
84 17
52 43
70 51
1 18
44 80
5 95
97 69
94 60
10 47
73 45
88 89
54 42
86 56
99 69
5 86
8 57
63 96
60 8
67 22
1 82
67 8
10 69
3 26
53 9
77 71
14 57
81 75
63 27
23 27
26 4
91 4
85 30
68 81
1 5
8 33
98 80
96 87
42 89
52 83
82 78
57 64
16 91
48 4
83 100
60 81
58 81
37 92
2 62
20 61
56 4
95 31
22 83
18 19
38 7
77 55
81 53
3 97
65 61
19 17
93 58
21 3
79 17
36 1
64 13
53 14
96 89
29 90
97 40
69 84
33 58
98 39
32 18
47 74
59 93
9 32
14 52
68 76
95 80
52 97
3 28
22 56
55 46
69 1
67 5
78 29
81 57
38 68
44 88
84 51
27 94
99 45
82 57
35 21
51 91
64 74
53 36
69 90
6 27
66 67
37 80
84 62
71 50
42 87
1 17
33 78
67 77
21 52
77 61
77 20
6 64
39 33
57 16
67 49
13 77
42 70
92 87
86 98
5 75
65 56
72 43
18 57
33 14
43 70
12 96
68 26
44 89
13 32
81 29
42 8
41 46
3 75
13 89
2 22
49 45
79 17
100 69
18 75
52 62
100 82
26 31
75 31
76 40
80 98
36 36
74 1
44 74
20 52
58 93
35 81
71 93
21 13
90 78
5 65
3 69
26 38
65 16
37 46
26 21
44 29
95 40
64 55
63 67
20 32
6 13
93 91
47 30
5 2
76 28
91 21
18 36
95 46
83 96
72 47
8 47
32 45
36 42
17 32
4 10
91 11
15 6
94 37
17 67
6 15
83 61
31 66
8 23
63 93
29 86
74 40
82 4
82 66
96 80
23 81
2 61
1 66
86 32
55 75
51 82
68 46
13 92
30 61
29 39
18 94
7 62
52 83
44 47
55 51
20 79
61 60
68 98
17 79
31 63
59 44
38 51
33 54
56 80
9 85
12 74
74 30
43 22
43 65
42 26
47 40
62 90
72 92
8 93
32 80
19 92
39 56
70 27
26 92
23 2
35 44
40 47
92 49
48 71
52 27
23 73
100 59
75 34
20 18
37 20
43 45
3 89
44 38
12 42
53 80
69 85
16 61
53 82
1 54
51 59
56 47
90 49
37 58
69 61
25 86
38 61
48 22
44 15
10 64
27 86
72 88
17 5
100 89
20 19
57 51
6 50
62 22
25 23
8 11
44 80
91 30
31 95
25 63
85 21
5 49
40 85
3 27
36 83
83 40
84 46
91 41
97 99
41 28
99 57
5 31
5 96
25 86
96 41
98 44
21 53
23 81
99 49
27 58
95 47
23 58
52 34
11 87
82 76
21 83
59 13
92 77
53 29
8 68
52 12
85 41
89 82
44 94
91 91
10 73
13 67
2 18
49 44
17 66
25 77
3 44
43 82
52 97
14 60
84 25
93 42
53 61
77 21
88 20
77 54
74 46
17 25
4 92
47 88
7 85
62 63
64 46
18 4
61 50
25 9
40 87
69 74
20 38
52 50
9 85
21 42
40 20
87 12
43 67
32 45
37 13
29 24
95 37
69 57
11 75
5 82
45 52
23 53
74 68
36 1
87 10
8 56
43 7
88 71
1 99
50 55
98 17
22 86
4 47
93 99
92 61
99 15
56 26
98 43
84 100
97 24
85 17
36 7
76 78
59 89
99 71
82 49
6 4
7 76
87 86
4 14
92 20
54 18
65 73
52 95
21 67
44 82
12 16
99 29
1 40
49 63
85 59
99 32
47 23
97 32
98 10
90 99
94 8
26 91
47 29
31 57
28 68
33 7
60 78
20 41
94 79
35 75
66 57
53 5
94 14
93 18
98 75
64 23
78 90
8 38
34 82
29 74
93 99
45 43
27 34
15 9
28 13
71 24
68 62
30 70
11 61
96 29
40 36
75 72
13 31
42 72
33 22
48 86
39 75
42 95
18 78
43 10
13 54
42 90
51 43
43 57
11 27
58 72
37 50
84 77
79 48
74 21
25 57
26 27
47 49
47 69
34 40
70 54
88 24
21 70
9 87
81 66
3 3
10 54
38 71
92 44
44 56
45 62
38 12
6 45
69 94
100 3
64 38
95 39
60 27
24 33
11 30
57 79
80 36
30 2
94 52
11 36
36 68
48 70
33 25
95 54
66 75
53 50
7 64
100 4
46 58
62 93
2 4
5 90
21 72
66 29
70 59
2 60
47 17
98 13
29 85
45 20
91 25
83 48
35 51
22 31
40 70
82 27
31 97
4 8
4 72
19 92
18 1
94 65
26 40
74 63
64 6
58 60
4 9
93 10
53 27
90 96
29 23
65 48
24 93
43 48
16 81
67 25
24 18
89 85
78 90
83 45
20 22
85 92
13 94
63 25
28 59
66 52
57 79
63 79
76 73
4 47
30 89
32 52
83 25
20 78
75 88
39 45
11 70
15 73
55 90
84 43
71 30
81 95
74 15
51 82
48 62
21 62
66 30
55 74
14 40
11 12
30 18
95 2
23 84
1 82
93 24
78 50
91 23
9 38
28 54
77 43
69 13
14 16
87 12
41 84
50 86
82 27
51 59
11 37
25 100
4 97
24 57
62 27
91 4
82 6
84 88
48 43
76 85
3 56
41 3
76 7
46 6
34 46
81 7
15 63
36 94
23 67
29 23
31 89
9 23
82 15
96 91
40 84
43 94
18 27
83 89
91 70
47 81
34 99
44 50
10 91
22 26
2 42
64 89
16 46
47 18
7 27
58 29
11 97
86 28
83 16
42 33
71 44
10 37
64 38
40 68
82 31
32 4
47 1
41 61
83 17
11 25
51 37
25 9
93 90
14 76
42 59
95 11
80 76
21 69
61 3
35 32
7 82
83 21
68 61
3 27
42 11
62 63
48 4
84 100
85 97
94 65
21 22
30 14
39 27
100 63
30 16
30 38
55 28
15 55
57 17
80 26
3 24
58 96
73 22
11 62
63 55
21 1
38 22
99 9
45 78
1 97
80 100
7 33
34 66
42 75
72 68
24 57
25 68
43 74
87 31
43 44
31 2
92 81
54 12
77 66
25 100
35 95
31 84
67 98
9 28
35 62
87 93
2 60
84 23
91 98
31 49
6 31
57 52
61 51
84 48
92 70
87 2
46 18
87 23
11 49
59 88
83 40
34 76
55 45
81 11
36 72
95 13
1 28
76 2
11 62
92 67
67 52
23 76
95 22
57 11
58 51
46 54
63 30
19 91
82 51
22 20
21 90
71 70
41 95
23 47
34 10
18 95
18 26
96 42
45 84
68 49
23 30
8 33
99 60
70 95
63 29
85 33
23 49
77 87
92 98
49 91
24 7
28 93
63 99
34 21
68 24
46 56
45 50
65 60
77 89
3 69
39 64
89 3
58 51
75 77
58 51
35 66
25 77
69 68
33 72
63 54
78 73
49 95
6 66
14 68
56 40
71 67
76 19
87 25
92 26
66 19
44 26
5 27
14 29
90 4
26 86
46 62
15 18
61 38
94 91
35 15
89 2
44 22
5 69
6 64
97 28
40 5
82 40
33 72
58 79
47 34
63 37
46 11
56 35
71 24
31 23
46 11
78 72
28 7
69 89
100 80
21 45
100 74
20 9
19 7
79 45
44 71
81 4
80 60
52 15
69 74
8 35
7 62
59 82
42 47
87 51
77 28
85 72
35 7
82 20
36 66
94 95
2 82
8 6
56 90
93 50
92 11
2 20
36 55
94 6
79 15
79 72
34 56
19 15
39 68
4 43
11 5
89 26
20 79
17 28
60 84
47 9
53 81
50 29
6 26
36 9
23 84
58 99
100 84
34 36
77 93
83 73
11 6
72 17
4 17
54 57
66 29
77 7
75 26
90 11
2 47
17 58
13 81
46 67
21 33
1 12
95 41
57 48
55 25
37 98
15 89
6 51
76 68
80 15
37 1
27 71
12 37
63 2
80 93
72 100
48 40
3 2
37 40
33 24
91 87
91 39
58 100
19 53
75 86
21 87
47 63
52 76
53 96
36 24
98 94
79 82
98 4
26 95
31 91
78 3
51 11
29 7
33 25
16 69
26 46
44 89
63 60
18 30
58 47
93 94
75 45
35 72
56 48
84 91
82 88
69 67
83 76
76 90
26 83
65 96
36 82
34 75
50 27
90 90
24 94
25 5
41 45
83 2
53 5
42 35
46 24
60 58
68 83
60 20
41 96
50 9
13 34
69 2
70 85
70 19
7 38
70 52
98 35
76 73
64 13
62 49
6 49
17 9
9 25
6 92
72 47
24 87
73 32
59 20
76 19
5 9
80 81
18 38
43 56
24 5
14 41
59 36
7 60
41 70
73 39
56 94
18 29
56 28
8 94
37 91
50 67
43 63
3 44
1 89
9 77
97 38
45 40
83 10
76 55
74 19
75 2
43 50
68 33
26 95
18 98
100 42
55 85
85 61
82 22
24 84
47 29
55 31
11 4
39 56
55 71
83 100
25 89
40 27
39 52
84 26
44 27
68 80
81 16
88 1
24 68
83 100
2 50
93 6
67 62
73 77
16 3
14 97
14 92
56 32
1 92
33 41
16 96
6 2
39 50
9 66
56 28
22 25
19 52
51 25
85 79
27 86
52 75
13 84
81 83
46 80
7 35
64 18
66 29
22 85
94 2
38 27
96 7
89 9
8 63
36 82
1 4
64 45
84 57
66 83
89 4
14 55
80 57
93 55
44 19
59 91
61 89
52 86
2 78
39 85
83 93
5 15
91 97
24 56
55 16
96 38
72 98
1 94
35 10
84 50
5 82
80 98
24 94
85 11
15 72
24 63
25 79
76 12
61 29
9 11
6 90
43 51
75 56
92 96
81 61
36 59
95 42
43 5
23 32
63 11
45 24
12 63
46 40
59 13
61 75
88 71
79 86
52 56
63 35
11 100
75 100
86 85
43 72
5 48
74 10
10 87
88 55
29 46
34 67
19 34
93 49
9 99
99 99
62 96
12 2
95 66
82 10
39 5
37 38
50 91
51 18
91 45
93 19
77 46
61 2
15 50
19 12
18 61
45 63
11 4
51 68
56 10
94 93
88 43
28 40
73 36
94 20
86 91
28 28
99 54
37 4
88 98
37 16
44 99
77 22
45 34
40 81
100 68
78 80
84 57
92 20
85 92
46 32
9 77
25 39
90 96
99 58
21 61
43 67
33 6
62 62
6 72
71 72
81 33
100 29
44 75
7 23
24 13
100 59
39 74
73 26
81 54
99 46
51 34
30 40
72 43
57 58
66 35
66 44
96 69
72 12
62 65
59 40
13 27
35 4
4 6
6 44
47 34
96 20
54 75
74 95
37 34
7 99
96 16
32 13
89 63
18 31
17 2
97 60
51 77
10 56
34 14
34 26
39 36
16 57
56 3
64 60
39 1
43 6
18 85
63 89
64 63
95 43
96 10
3 14
42 82
86 94
64 32
31 78
9 71
100 81
33 34
93 15
47 57
22 13
18 90
92 37
47 22
27 39
33 30
52 27
1 87
82 92
33 12
40 98
99 50
31 17
56 65
52 7
65 49
100 74
91 26
71 55
79 51
54 90
53 32
99 60
12 70
51 93
87 69
64 35
54 59
10 64
42 7
33 64
51 77
59 54
43 59
15 4
15 30
49 21
27 46
85 71
54 91
33 40
78 29
26 21
52 58
75 52
69 38
22 43
3 65
43 93
100 2
47 27
86 12
90 46
72 72
51 96
79 88
35 100
84 37
21 94
95 33
90 29
3 59
34 29
83 71
41 15
74 81
57 96
81 43
2 20
9 54
69 20
15 41
12 85
4 82
36 98
55 18
26 58
15 92
32 48
82 80
92 74
52 39
15 97
39 13
6 49
4 3
14 75
16 79
31 91
39 64
62 20
78 99
13 26
15 83
72 39
63 43
21 11
4 47
1 29
11 17
59 65
17 3
7 74
94 87
99 71
60 73
29 33
76 60
36 54
19 93
63 32
62 70
35 56
33 58
71 100
18 76
36 90
95 82
79 74
74 54
47 75
59 66
36 58
81 32
69 33
83 85
90 71
43 9
10 41
90 66
19 59
67 14
97 45
39 59
67 86
99 61
46 58
32 26
21 33
4 4
77 44
44 17
31 59
19 41
50 89
95 85
47 86
69 9
72 40
11 77
4 68
64 23
35 88
100 16
16 64
8 73
66 87
39 80
8 22
21 59
31 52
55 61
19 60
97 87
75 93
36 98
97 100
16 5
77 14
19 47
6 66
1 85
100 7
11 27
6 25
25 24
68 90
31 97
47 63
13 28
17 65
24 80
73 55
63 70
83 67
57 41
10 57
87 58
56 15
100 59
77 94
77 44
60 85
27 11
10 36
52 76
97 75
3 73
82 98
47 28
8 1
84 75
27 91
94 2
18 7
87 46
83 71
54 1
71 11
98 22
51 81
49 23
39 18
100 16
38 24
78 46
73 42
63 5
6 4
50 59
58 69
19 68
52 84
77 59
55 47
35 8
15 39
36 10
39 84
89 42
61 33
90 95
5 79
66 24
30 90
93 77
16 88
75 9
21 86
45 19
14 87
92 30
52 45
8 65
53 68
60 25
2 73
35 31
18 63
96 81
56 90
53 97
26 75
36 89
24 19
23 33
87 34
3 40
6 23
85 57
89 96
68 33
46 11
78 35
5 26
91 84
30 11
54 35
76 20
84 29
95 67
52 2
60 83
34 79
3 18
40 14
3 96
58 32
8 82
66 1
99 17
35 38
99 47
54 38
57 97
44 7
3 90
7 68
5 66
1 51
19 76
45 71
44 90
1 48
29 67
5 71
56 99
6 70
28 71
36 22
62 81
98 88
39 39
99 46
85 94
47 86
92 13
7 48
26 1
30 86
8 2
8 23
4 18
49 14
42 97
9 31
69 94
27 98
52 4
43 15
14 82
79 25
93 28
86 97
92 78
33 91
15 13
30 88
10 39
61 29
97 27
26 75
77 32
95 90
91 37
100 68
31 77
64 13
17 16
81 60
58 70
30 24
69 65
42 13
74 57
28 36
92 77
87 58
87 45
34 100
10 42
47 27
82 39
46 36
58 53
19 24
12 18
30 68
30 27
30 57
75 68
86 50
51 46
78 91
5 52
79 62
13 54
45 19
50 16
10 22
85 4
12 32
26 46
51 23
6 76
91 53
20 86
78 52
60 51
45 62
62 62
72 34
52 62
87 86
30 95
50 49
59 34
97 17
59 85
31 15
43 32
72 53
19 58
9 58
97 12
56 76
29 77
25 58
78 65
95 49
96 69
73 66
76 7
42 11
88 19
55 43
86 47
4 22
40 69
34 27
18 54
91 42
36 59
95 78
59 9
33 33
21 96
68 46
43 2
14 24
86 80
95 87
97 63
50 97
68 70
9 18
45 44
20 51
92 29
73 37
13 17
9 34
70 77
2 66
31 35
67 89
84 93
85 19
62 69
98 42
82 79
71 19
34 48
88 98
28 17
2 9
10 25
99 100
24 85
40 48
22 50
74 12
30 23
38 4
7 90
13 57
19 53
81 5
84 80
31 94
59 64
10 68
84 46
70 11
24 92
10 41
60 99
89 75
44 87
25 95
40 84
37 60
98 81
26 7
27 6
80 70
20 35
79 49
83 58
69 2
36 49
83 45
5 72
31 65
16 41
1 20
30 72
90 3
12 61
58 12
21 87
49 76
70 51
13 79
1 95
44 22
65 28
61 30
81 83
3 56
73 23
1 6
28 100
45 68
24 9
20 88
35 85
79 74
40 84
23 73
91 37
99 26
81 16
91 26
88 46
3 47
38 5
100 78
21 61
75 22
88 78
14 57
30 94
84 39
66 5
24 64
23 57
16 82
71 11
78 95
50 39
69 92
11 68
98 38
84 97
91 86
77 65
59 98
31 38
82 85
4 76
1 76
3 28
6 56
74 85
75 97
63 67
4 80
51 39
88 61
43 89
96 77
44 100
29 17
63 20
58 6
96 63
83 36
25 93
79 67
70 76
91 95
39 36
40 63
85 57
58 85
88 10
77 90
93 85
69 74
25 44
20 94
26 28
58 31
95 85
23 91
24 44
61 18
33 23
93 83
60 33
28 97
55 82
72 73
56 98
56 46
29 90
48 58
20 94
73 54
3 71
74 60
95 26
81 65
77 49
18 8
42 60
73 93
56 16
47 66
84 37
95 88
51 32
58 8
54 37
35 53
36 58
43 42
24 91
26 57
28 7
79 63
60 84
94 73
26 65
20 93
73 23
62 27
70 29
42 23
32 39
96 70
25 65
91 54
4 81
98 49
92 57
68 69
50 65
68 14
57 100
18 21
11 46
94 94
44 22
60 98
40 38
23 92
76 14
19 50
87 56
5 71
14 1
56 75
52 71
86 10
70 68
15 86
34 10
30 42
68 67
60 1
18 100
45 85
95 54
73 49
48 37
78 90
83 40
60 85
81 43
40 79
7 29
16 74
3 35
99 96
37 70
94 50
63 50
41 39
96 61
70 15
26 91
98 30
98 94
4 64
41 41
65 27
98 42
24 23
10 1
54 100
30 64
31 55
51 48
13 18
55 2
55 85
46 100
63 70
70 81
72 27
48 73
16 86
58 29
69 41
77 64
27 19
62 89
21 3
53 57
97 47
71 64
74 50
74 59
28 35
88 35
67 71
37 42
26 38
33 78
58 2
89 50
83 16
18 20
22 77
17 92
49 30
33 71
71 30
16 10
42 96
60 14
41 3
26 19
5 69
93 53
33 87
76 33
4 47
43 24
38 21
96 100
43 27
38 99
2 40
85 99
62 67
88 4
72 2
37 49
63 93
22 20
68 49
15 33
35 19
36 98
35 32
56 70
77 46
63 73
36 30
72 50
61 41
80 99
97 19
81 15
56 95
44 62
75 43
60 16
32 83
26 75
97 6
77 17
96 48
67 29
69 14
3 49
93 95
7 18
94 78
84 14
75 38
84 36
89 29
9 94
100 14
65 48
40 94
32 66
87 30
63 12
79 27
22 65
1 36
9 56
63 76
49 69
74 75
58 46
77 51
74 42
92 66
17 65
34 53
37 72
39 91
87 35
32 14
52 8
61 42
34 52
12 91
71 54
37 40
30 69
66 80
28 3
99 29
47 41
3 33
11 11
56 77
19 57
34 86
96 78
33 38
15 73
46 82
52 14
56 82
57 84
48 11
77 67
83 61
37 3
35 92
86 63
69 2
20 80
31 25
4 40
1 65
29 43
70 18
68 41
90 11
33 32
97 39
19 9
25 83
14 36
79 66
95 27
37 83
48 49
81 23
53 5
47 73
53 32
69 6
99 81
13 12
70 26
10 62
97 55
31 29
96 65
2 23
10 69
96 65
23 77
88 22
6 68
19 74
25 59
82 3
59 58
96 47
56 5
54 5
49 81
98 70
87 91
58 38
82 48
14 50
72 38
31 2
75 97
51 77
100 13
6 13
10 55
22 27
56 12
3 94
46 77
35 80
20 67
34 96
14 26
94 6
29 50
7 12
63 99
83 91
77 3
6 24
23 37
8 32
32 14
100 39
20 69
84 1
59 46
29 65
58 20
52 87
81 9
90 60
38 13
70 21
73 27
26 67
30 54
40 38
14 39
64 44
89 13
65 50
70 65
74 2
74 65
39 90
41 83
63 70
38 80
92 24
6 7
51 37
28 100
87 1
87 60
12 62
90 45
83 68
46 29
79 9
49 63
35 84
41 78
49 84
66 72
75 30
34 48
29 4
35 31
43 13
28 29
31 29
23 91
32 70
38 11
42 86
20 11
35 67
3 52
98 27
92 72
28 36
33 34
1 11
12 21
9 26
79 64
25 15
97 51
47 98
6 8
55 70
68 66
19 66
82 22
74 89
37 17
84 90
23 76
38 11
15 51
100 33
31 84
2 80
13 23
97 3
93 52
8 93
2 19
71 76
59 84
25 1
92 94
93 18
96 79
30 29
54 17
10 91
94 32
32 97
87 72
17 25
55 50
44 72
2 20
5 33
54 22
79 97
66 24
82 40
34 100
6 22
92 95
70 29
65 89
48 70
91 17
97 50
75 97
35 61
43 30
51 43
89 77
50 51
56 77
47 99
35 72
17 59
47 33
29 67
68 13
79 37
17 57
73 40
41 80
8 77
53 12
84 22
53 7
86 65
27 77
64 48
98 53
41 23
35 10
35 16
34 94
39 86
21 29
68 49
62 74
43 47
26 93
71 54
23 42
25 75
69 25
72 3
37 23
12 92
83 97
51 42
64 26
44 92
64 56
1 90
86 11
71 66
69 100
64 44
86 57
88 99
83 76
59 98
62 48
85 67
60 90
79 40
87 46
2 33
3 43
10 38
26 38
2 65
88 91
56 56
63 8
73 55
53 83
99 3
68 3
35 32
81 24
86 29
47 34
17 68
100 67
14 24
30 26
31 73
43 73
25 5
93 59
87 49
92 17
67 26
76 40
48 58
73 93
91 58
61 36
99 75
27 46
2 40
20 50
95 61
38 12
50 31
48 24
5 43
15 98
26 95
8 28
13 71
68 96
83 95
7 61
6 72
94 78
87 81
23 69
67 35
71 6
45 76
66 23
42 57
9 16
31 42
2 94
71 10
18 7
36 94
88 25
98 75
90 67
5 34
51 38
11 21
60 52
19 50
88 25
69 59
68 58
81 36
3 4
36 7
86 73
4 6
38 38
61 79
42 33
31 39
64 35
79 57
42 73
63 73
61 55
93 98
92 77
56 72
85 99
6 38
72 69
15 74
46 4
82 97
81 77
68 41
51 89
22 17
67 67
13 96
74 2
9 71
51 71
92 58
22 64
84 88
23 44
56 83
3 91
55 68
79 71
13 2
72 57
34 7
50 5
92 69
10 26
5 89
73 36
66 54
33 68
79 2
43 61
29 91
63 77
37 90
23 96
44 34
75 41
11 25
26 76
50 53
87 64
57 20
98 36
44 89
71 73
95 50
34 47
92 93
64 54
58 14
62 6
44 11
5 66
5 88
72 53
2 8
7 19
4 28
25 46
53 28
100 60
43 59
100 68
65 40
16 53
1 97
36 44
74 62
23 63
45 49
8 53
51 3
59 40
33 80
81 32
45 98
7 10
38 80
98 58
41 71
42 50
55 14
49 38
10 57
99 30
1 74
89 70
61 78
79 10
100 64
27 75
20 15
79 96
46 76
13 83
83 93
41 78
81 62
25 17
82 44
4 38
7 78
61 74
64 44
36 13
21 52
78 1
38 39
20 74
49 24
85 31
74 61
76 40
78 28
2 83
95 60
53 48
8 98
34 82
7 36
67 48
22 7
97 67
67 68
72 21
42 75
6 52
84 13
1 28
29 20
31 76
76 13
96 45
22 20
45 17
1 98
47 51
67 9
27 1
14 64
34 83
80 60
48 26
11 8
77 24
34 63
38 8
14 40
68 1
64 46
96 51
79 69
23 68
68 37
61 69
49 43
28 86
7 77
87 54
95 11
33 87
70 62
48 5
85 62
34 12
24 19
16 7
33 20
34 72
80 20
60 44
35 91
97 74
12 16
15 35
53 13
76 70
11 44
47 63
81 64
16 38
61 6
71 52
86 34
84 64
61 96
73 98
89 42
75 7
52 19
39 95
15 55
1 91
14 48
97 92
31 64
73 57
26 55
60 70
35 58
91 59
13 4
27 58
22 98
2 45
80 5
69 69
6 49
98 85
64 48
56 35
89 70
41 51
94 36
87 10
47 8
53 90
18 14
68 44
12 64
84 57
8 91
53 81
43 35
74 7
51 69
22 9
77 18
72 69
24 89
37 37
44 80
80 66
55 36
61 35
67 91
19 88
59 29
6 82
68 97
95 47
94 53
88 95
23 53
99 58
62 60
69 3
19 63
59 5
87 1
61 57
25 34
50 15
26 1
87 44
45 7
37 13
98 36
47 24
98 56
18 39
21 28
85 71
89 5
40 66
49 85
45 88
74 61
16 53
10 99
85 21
50 64
71 25
94 33
72 62
9 74
88 39
59 49
25 42
20 33
98 52
46 79
64 21
62 43
43 20
45 84
45 48
33 18
15 30
16 56
91 54
90 74
55 14
85 66
54 78
53 77
3 25
79 34
97 69
44 95
65 76
40 24
90 60
58 58
9 87
88 11
56 78
78 50
85 73
92 55
33 64
97 83
75 14
47 52
2 79
66 91
44 88
73 70
52 36
65 29
34 100
48 3
25 33
35 63
74 37
75 91
96 95
73 62
84 58
74 4
95 88
31 51
39 98
68 44
74 37
12 28
59 15
80 63
74 7
19 79
92 15
9 57
54 36
11 86
55 83
14 69
27 41
90 28
31 11
77 81
45 13
88 3
70 61
24 36
80 54
71 55
89 43
25 18
83 13
63 51
