10000 97
24 43
33 64
1 7
31 63
82 49
47 50
35 88
73 34
50 89
83 65
83 41
34 48
95 13
23 32
70 32
45 66
12 17
50 75
89 33
83 87
2 33
58 59
49 82
32 91
60 52
39 17
23 64
53 77
59 54
60 46
5 2
57 79
17 27
46 37
39 58
23 39
27 69
47 52
31 72
49 82
67 46
51 76
89 22
84 65
65 49
61 14
36 99
83 17
36 93
46 59
24 8
63 45
31 12
29 82
14 76
50 66
57 21
16 38
55 2
25 54
37 82
27 68
48 22
66 46
97 99
92 52
52 12
85 85
90 14
18 95
3 94
20 57
77 68
31 12
20 100
99 7
6 87
65 15
51 99
24 28
30 90
98 81
91 84
66 32
98 11
65 14
56 96
32 43
79 54
51 15
40 43
61 13
93 56
37 58
49 58
46 6
92 23
99 92
64 7
85 83
98 83
99 4
68 26
38 93
24 33
41 33
83 9
4 47
98 32
76 30
93 4
29 42
33 74
30 15
31 28
40 17
43 56
57 36
78 28
59 43
18 9
77 39
64 30
77 1
32 15
24 43
86 93
35 46
6 9
87 42
61 47
26 39
3 5
59 96
76 93
62 86
15 87
91 70
45 30
11 71
61 93
44 96
49 46
33 53
33 74
65 6
93 71
19 33
87 45
83 29
63 91
2 15
44 37
44 62
96 4
61 83
23 34
54 93
1 88
53 75
94 23
25 61
31 1
22 56
44 16
13 3
58 83
92 98
89 22
77 12
79 34
98 48
35 5
76 96
18 69
32 24
83 64
26 83
32 88
40 84
97 17
7 27
67 23
88 41
66 5
64 23
32 14
71 66
41 41
29 80
83 4
49 28
26 15
31 38
91 26
21 74
13 63
54 10
36 9
63 48
63 89
67 63
32 92
99 84
46 28
32 18
82 61
66 61
99 5
46 9
36 13
51 23
17 63
11 85
64 47
41 18
97 65
11 79
27 16
51 90
9 20
53 74
41 70
6 12
71 64
87 21
73 64
62 95
20 1
98 91
29 21
30 89
47 2
8 11
59 52
60 96
8 99
65 98
90 64
19 67
55 35
54 7
29 45
73 27
2 62
31 33
34 63
49 43
66 62
71 58
75 53
74 65
14 7
8 1
89 14
55 30
36 11
22 81
77 31
12 12
33 41
56 28
40 45
2 58
90 39
65 29
11 72
33 82
11 73
97 80
18 80
41 49
52 41
90 13
61 2
1 37
87 63
65 35
86 32
60 49
96 81
96 50
19 18
50 63
7 49
41 1
26 2
4 50
80 35
4 60
39 61
86 93
11 92
70 69
80 95
38 13
74 52
29 7
18 72
16 89
1 18
9 75
49 25
65 71
9 13
61 80
98 86
9 56
63 42
86 16
77 32
70 14
45 90
25 19
70 60
6 67
14 65
80 74
72 1
17 42
59 80
47 52
7 76
99 7
96 93
48 82
76 50
73 62
48 99
57 89
70 83
1 24
4 80
85 94
89 3
35 4
38 23
92 15
39 62
25 18
74 67
29 2
61 39
92 67
59 10
73 31
6 35
18 66
54 63
69 44
9 91
91 48
46 69
28 19
71 46
11 81
26 96
80 37
22 66
4 34
75 56
7 47
17 68
3 91
58 75
23 66
77 47
58 62
3 29
6 97
90 61
23 92
72 47
91 2
42 90
49 25
11 94
41 88
43 38
37 16
9 16
70 25
82 70
63 72
82 68
7 84
54 80
63 54
66 66
62 4
59 78
66 84
76 6
24 49
45 44
92 10
54 26
63 38
16 6
76 19
96 93
4 12
51 55
67 33
97 36
27 72
27 58
70 4
49 15
80 97
98 8
1 88
65 36
54 87
72 71
63 97
82 35
72 86
40 9
54 55
77 22
17 70
66 40
42 80
35 74
81 44
42 84
39 52
84 71
46 32
66 78
51 37
1 12
62 30
8 91
59 82
13 48
65 82
10 22
23 97
14 54
82 61
76 2
64 45
46 72
88 71
41 21
35 32
31 63
98 31
52 32
65 54
10 85
93 32
58 89
85 94
65 47
12 72
22 86
45 13
71 71
58 53
22 72
27 69
5 34
65 97
55 89
17 38
32 91
52 23
53 15
29 66
82 2
96 65
47 14
39 36
60 57
10 90
47 69
72 99
63 74
6 3
35 12
33 5
11 45
85 15
41 5
51 75
35 63
62 2
60 13
1 75
7 32
16 62
67 89
60 91
63 97
45 73
35 48
31 9
77 3
65 31
55 85
45 19
5 37
30 80
45 7
77 29
91 46
71 27
30 5
17 7
51 75
6 74
87 51
64 98
40 98
39 84
80 41
28 40
18 72
60 25
61 61
51 71
73 1
100 75
2 44
24 24
33 96
21 29
64 58
60 63
89 56
41 41
96 10
68 51
68 20
77 43
92 74
60 7
93 68
43 65
98 30
88 16
77 15
73 96
69 69
26 47
53 18
72 24
75 60
60 81
37 8
35 57
30 29
44 82
72 19
36 57
31 36
18 44
58 64
81 88
93 9
60 73
45 45
17 97
46 60
73 30
46 18
60 65
75 33
4 88
40 37
100 90
39 21
75 7
29 31
89 55
59 44
39 56
95 87
78 64
69 75
15 9
24 93
97 38
53 95
64 60
59 69
19 2
32 58
37 8
40 34
61 74
77 79
32 56
51 68
85 42
83 11
29 86
11 7
55 54
91 27
13 28
47 60
76 90
9 88
98 81
88 23
56 56
65 61
52 60
54 100
96 71
33 91
57 7
27 55
15 17
49 74
4 36
52 29
75 73
68 6
77 22
21 76
26 91
79 12
28 27
10 31
71 15
27 3
49 1
67 72
94 41
39 26
42 16
40 1
92 100
5 37
64 75
61 94
87 77
49 72
36 64
14 39
63 12
5 19
4 90
74 18
82 30
33 37
19 68
76 7
73 84
57 16
94 45
2 100
36 87
77 50
5 11
13 69
30 52
100 52
94 100
84 73
86 45
88 20
61 73
78 79
94 25
35 51
45 21
86 20
1 78
14 85
60 23
77 41
89 18
41 52
10 38
57 50
56 58
18 63
38 56
20 68
79 82
17 16
47 21
76 26
69 62
32 82
91 54
15 34
55 75
45 75
43 3
55 18
32 8
100 48
86 32
48 16
50 84
41 7
46 68
79 34
2 40
36 27
62 85
48 27
61 37
10 74
20 99
84 80
20 31
71 97
4 54
18 91
74 74
48 88
69 49
1 12
100 18
42 57
48 25
92 43
82 42
82 38
57 37
40 50
16 6
69 97
76 24
77 4
57 92
92 77
52 2
24 50
26 22
57 40
22 78
71 47
16 57
2 71
68 6
17 53
98 43
9 70
73 23
87 66
23 32
12 31
80 51
94 13
42 34
75 46
41 63
27 88
22 31
3 12
40 56
64 38
15 71
14 92
11 46
28 81
29 29
50 64
25 100
5 35
28 11
68 8
60 34
62 24
41 93
12 55
81 58
96 68
99 19
45 13
69 42
2 10
3 23
98 15
81 35
31 50
50 50
87 95
75 64
30 91
8 69
38 96
99 2
37 24
84 91
6 59
41 26
38 80
55 33
4 41
6 65
25 31
15 1
33 52
24 26
22 65
14 79
10 1
44 65
46 96
32 34
27 82
36 100
73 24
11 3
74 17
79 34
24 9
37 22
67 35
46 44
5 98
33 3
40 66
78 56
8 97
96 100
74 12
64 16
95 59
16 54
3 81
44 77
3 86
81 71
7 31
86 64
20 32
10 89
12 94
29 89
82 61
73 26
74 64
67 40
36 74
16 41
5 19
53 52
88 59
76 13
22 11
40 24
66 2
18 91
37 83
7 40
33 98
6 52
12 52
14 16
98 1
93 14
37 52
91 28
21 20
56 26
44 5
54 31
38 19
100 10
81 3
21 69
94 88
15 87
92 12
23 21
9 45
31 43
41 47
66 79
57 23
28 82
89 66
98 14
97 43
33 100
4 98
14 94
32 42
33 95
30 21
75 98
77 24
36 65
91 6
42 88
14 49
62 85
94 89
78 55
36 2
31 29
56 88
43 7
7 100
96 50
46 5
59 58
29 32
42 57
29 46
72 93
73 42
89 10
96 51
93 75
40 71
14 88
52 45
100 24
35 6
23 38
40 15
71 17
65 76
76 46
60 29
63 37
93 89
85 99
37 48
97 78
79 47
70 51
9 71
97 38
12 47
37 49
56 41
59 97
12 29
95 14
5 43
52 95
14 24
18 89
59 23
42 46
7 57
67 19
6 26
33 68
55 14
97 77
70 19
14 99
27 57
53 64
48 94
53 42
20 2
11 64
99 32
3 93
87 18
48 87
55 84
25 40
70 34
43 15
26 85
34 31
73 97
77 16
93 65
62 17
43 59
15 73
6 95
51 98
74 35
44 30
29 48
14 83
60 95
28 32
77 85
87 77
29 93
54 61
27 58
28 52
42 14
97 20
53 51
99 98
52 51
69 79
23 62
35 50
79 48
31 21
79 70
71 25
29 100
60 11
98 21
77 26
46 58
71 13
22 49
98 95
6 72
51 52
36 39
58 1
9 59
66 48
4 32
69 55
90 82
55 73
70 88
65 71
65 89
66 71
64 56
26 72
66 80
90 21
41 68
75 5
99 2
57 11
85 57
16 13
45 18
14 3
33 74
6 40
79 12
86 75
48 20
32 10
78 68
33 45
10 61
13 69
57 90
65 2
46 56
73 23
35 19
29 79
63 75
78 29
60 54
74 2
14 28
5 36
53 95
53 25
87 20
82 72
85 83
33 69
25 81
93 85
71 79
84 6
69 1
53 58
92 83
46 73
73 49
14 60
82 79
75 45
34 49
100 24
56 48
79 8
64 6
47 93
97 47
87 96
9 94
12 13
94 98
17 43
14 46
20 94
37 80
92 81
13 13
91 7
91 5
45 50
43 63
75 40
90 58
40 2
96 40
43 39
61 55
27 19
59 100
8 74
92 50
97 93
4 14
92 18
35 77
88 14
61 11
43 94
40 74
59 51
57 80
58 18
73 18
74 26
14 11
22 57
82 92
4 45
24 64
21 58
69 13
66 76
51 58
28 40
50 84
38 20
57 72
5 5
93 12
71 90
86 11
78 78
70 90
63 2
23 52
20 9
17 1
62 20
82 80
29 81
44 21
94 14
9 57
12 81
64 76
34 42
32 9
96 91
21 89
34 64
8 83
59 48
12 45
60 49
5 73
35 53
20 22
73 89
31 74
33 99
97 100
48 89
40 40
14 12
21 87
7 25
79 63
71 3
41 8
27 64
22 83
73 30
30 87
11 61
95 39
92 7
96 13
7 21
73 6
28 33
80 61
9 75
5 61
56 78
33 6
28 39
75 32
79 81
5 4
60 74
63 94
97 40
74 7
32 36
98 92
89 31
61 70
84 41
47 8
70 95
17 67
30 75
41 95
48 70
11 13
26 51
82 99
77 5
43 76
93 18
15 42
35 86
47 10
59 17
33 92
72 77
92 78
61 2
49 12
81 7
67 18
37 54
17 3
19 71
36 28
41 31
79 15
6 61
11 98
92 96
41 70
55 44
76 78
14 37
60 21
81 4
42 4
11 60
67 58
65 96
7 95
86 5
70 71
39 61
46 85
6 11
19 11
80 77
9 80
97 17
10 89
43 9
88 42
74 32
12 13
69 80
43 34
68 99
62 14
60 47
20 22
84 99
90 16
6 37
60 68
1 46
95 29
92 43
9 40
24 35
43 11
40 36
19 12
99 23
33 39
48 30
97 34
42 13
87 62
37 39
17 40
56 25
80 5
93 8
41 4
36 72
77 4
66 82
81 8
22 85
96 90
12 10
31 40
45 11
36 13
97 76
46 50
54 76
98 43
93 38
13 59
4 24
3 99
79 79
53 13
26 9
82 58
87 96
27 50
87 6
20 6
5 35
43 63
19 26
100 82
77 60
28 12
20 12
24 5
65 76
23 99
35 48
90 68
9 90
9 91
70 11
86 81
52 21
28 15
4 37
29 16
40 95
93 70
93 53
97 2
17 30
18 39
69 40
11 56
33 3
25 79
22 78
89 40
4 68
14 40
5 24
32 51
63 19
72 22
92 12
93 97
80 47
90 85
45 94
18 9
93 36
89 67
60 11
51 67
87 73
67 59
11 39
92 67
12 27
29 85
87 86
92 7
17 85
85 23
51 42
67 99
28 44
58 4
80 20
91 66
48 93
60 5
58 35
55 2
15 29
18 28
95 45
15 9
79 100
6 98
99 46
15 34
36 32
47 49
13 14
48 51
21 64
57 78
10 46
54 80
80 94
18 17
100 31
38 31
69 66
32 31
54 70
23 95
31 96
90 93
4 58
82 18
64 73
16 95
89 93
8 10
16 34
55 47
96 96
98 52
97 32
21 79
62 99
28 33
13 36
73 53
98 18
76 92
73 55
7 13
55 19
8 46
62 96
39 79
25 51
6 30
68 3
58 76
2 96
62 56
36 95
56 68
76 68
18 81
17 2
90 8
30 99
25 8
93 96
41 10
52 77
19 56
41 41
44 13
86 24
41 65
84 94
65 28
19 64
11 86
30 83
1 13
86 91
13 59
27 73
38 59
18 62
92 37
66 15
47 27
84 50
4 36
30 61
9 71
95 55
37 49
32 30
56 90
8 74
64 9
43 15
67 42
82 11
13 24
23 34
21 7
64 76
44 72
17 97
75 74
57 76
11 41
85 72
7 48
14 70
5 66
34 76
45 5
85 93
22 81
90 13
17 24
87 9
2 82
5 46
88 70
34 35
33 43
86 75
54 72
75 72
27 32
90 86
75 25
34 15
10 26
45 26
5 95
89 44
7 65
36 55
62 63
23 48
4 23
39 77
98 25
72 75
84 99
41 16
92 43
81 17
88 19
96 78
8 76
91 63
80 86
98 6
60 28
27 84
98 45
69 74
87 41
91 100
50 61
63 27
80 67
14 19
47 92
97 56
95 13
23 20
46 97
65 100
94 3
34 63
20 96
100 99
35 84
43 63
73 47
78 53
40 62
89 61
39 50
23 88
38 87
64 29
88 93
86 26
16 52
76 48
8 38
94 82
66 32
35 11
93 60
85 2
45 74
54 34
18 5
44 85
59 48
97 12
71 94
69 10
32 83
17 19
71 65
32 74
38 30
74 49
43 72
42 56
69 18
34 40
20 32
8 36
14 23
14 37
61 98
29 64
44 33
39 59
79 47
34 12
2 76
28 12
31 47
3 62
52 73
48 41
25 64
1 5
85 11
58 15
84 2
99 50
81 12
33 40
95 47
36 60
18 18
71 34
80 30
23 89
92 9
96 34
24 15
23 34
92 19
13 43
97 83
25 45
63 13
72 64
74 84
53 37
73 99
40 55
68 16
30 90
73 25
11 99
48 49
32 98
94 82
44 10
69 8
37 2
12 48
71 13
72 33
46 17
8 96
16 6
55 36
61 64
58 44
80 87
75 80
33 30
59 36
17 17
27 57
14 62
82 76
55 76
47 99
55 56
3 55
93 56
41 30
24 32
2 43
7 58
85 83
21 92
63 24
61 25
3 69
19 93
17 49
45 78
47 71
60 58
56 41
35 74
3 99
81 2
58 78
47 71
49 40
17 17
82 87
92 77
77 8
67 100
17 80
45 35
58 69
77 73
47 91
23 33
54 96
61 86
32 64
58 64
18 100
36 30
72 24
47 30
17 19
82 51
66 59
70 88
18 73
41 76
3 69
31 66
92 95
82 82
86 28
46 5
51 16
37 42
35 98
11 53
84 98
46 41
58 11
98 36
59 17
31 73
37 12
21 69
28 71
84 64
53 46
8 96
44 72
55 62
73 79
78 31
54 65
79 98
94 26
26 81
86 56
46 82
26 44
88 43
75 95
71 100
21 78
90 80
54 23
9 4
19 79
1 75
82 68
33 97
44 28
82 64
88 62
14 50
14 5
96 97
65 29
56 1
71 46
14 11
58 61
15 83
71 4
77 21
8 24
96 78
20 80
63 26
6 14
80 36
84 25
11 82
20 57
21 19
86 79
60 70
30 89
21 54
29 87
53 66
83 97
10 12
6 40
56 31
58 31
86 69
48 72
62 72
97 83
97 85
85 93
25 60
13 35
83 10
80 82
16 66
50 78
37 19
17 86
10 17
52 28
12 54
5 9
44 73
12 13
72 44
95 4
40 46
81 100
38 76
47 1
76 41
32 38
13 70
32 11
77 65
90 79
23 49
61 34
33 71
17 95
84 12
4 79
4 69
85 31
75 77
67 63
69 19
41 26
5 42
26 44
68 91
4 2
31 41
24 86
84 69
56 29
32 2
75 7
44 76
4 10
30 8
84 93
82 72
71 5
18 69
49 29
83 21
47 21
91 67
96 7
77 69
10 30
85 14
49 50
25 28
37 52
22 84
10 88
47 53
36 4
66 54
80 83
39 4
71 1
50 51
66 25
60 19
7 28
90 48
54 88
29 71
45 12
92 66
7 28
58 79
98 32
91 76
44 46
22 74
99 49
75 4
80 71
69 75
60 65
6 5
54 60
67 23
53 35
51 77
5 58
60 67
49 17
88 75
24 98
9 36
12 32
2 95
83 88
91 19
37 100
21 62
31 38
99 26
68 96
58 32
88 60
30 19
78 69
42 88
45 16
26 80
13 87
27 12
2 59
39 4
12 6
5 54
20 60
47 61
72 32
87 18
43 75
71 35
22 47
13 22
36 82
19 23
12 66
63 88
11 9
40 60
61 52
94 41
13 26
79 37
99 86
7 29
59 29
27 56
84 47
6 99
15 13
56 13
25 10
20 45
28 37
58 96
74 92
85 6
14 100
77 13
33 67
100 92
33 39
77 39
12 97
5 87
45 58
33 67
84 94
22 6
85 6
71 68
32 48
28 22
71 11
2 68
22 15
72 93
51 62
19 22
34 91
47 49
37 11
51 92
100 18
71 54
68 70
83 11
2 38
83 49
10 45
68 86
44 60
61 99
2 4
40 23
61 33
98 11
87 17
5 34
47 45
6 37
49 32
91 50
17 14
56 58
67 66
89 10
38 71
25 78
49 56
51 11
23 15
66 69
67 25
24 50
27 100
55 10
44 87
40 22
62 51
37 58
31 10
88 23
96 90
49 68
80 26
16 33
74 71
74 12
48 84
85 50
69 89
73 30
6 36
91 68
41 18
47 61
68 84
84 48
75 71
75 44
91 9
44 66
27 24
86 79
63 61
98 77
69 4
60 87
51 29
75 14
16 6
64 3
36 75
34 8
32 18
3 81
14 100
93 12
22 22
94 58
20 88
4 75
57 72
46 68
69 48
66 92
27 73
91 59
4 100
46 99
28 94
82 5
37 80
74 100
1 46
15 17
99 22
74 48
92 9
64 86
36 5
73 5
33 30
38 28
76 58
86 73
64 58
11 71
75 55
57 3
40 48
54 56
52 45
87 16
32 97
46 82
15 7
8 28
97 79
75 13
32 94
20 91
80 100
28 76
80 81
1 43
17 90
13 74
61 1
35 52
55 9
83 80
16 76
72 20
20 26
91 73
93 30
90 51
46 98
33 65
69 55
74 40
52 12
56 4
26 58
46 21
26 81
100 58
59 1
49 6
86 81
82 92
56 72
58 97
22 78
35 8
28 39
62 54
64 86
18 13
42 58
37 59
49 40
27 63
44 1
91 33
60 30
34 8
94 63
29 3
96 74
10 48
33 3
70 53
98 42
71 37
31 12
27 73
49 23
61 5
1 17
8 14
26 57
69 16
78 82
86 45
72 79
42 50
45 23
100 98
72 44
85 63
32 19
96 76
45 10
49 1
37 40
72 57
79 37
8 43
75 61
14 35
100 75
26 66
27 94
20 95
30 63
73 32
12 52
69 37
93 85
34 44
42 10
34 46
72 38
2 27
53 66
34 12
74 72
43 1
22 60
32 63
11 59
11 25
66 61
3 3
50 11
69 100
52 14
61 53
70 39
94 25
1 5
5 37
85 26
31 72
54 71
40 50
87 9
10 67
31 41
95 29
21 3
39 39
54 2
72 11
75 74
27 46
22 13
1 27
2 80
92 25
78 79
59 15
31 60
88 69
27 24
45 85
26 34
49 92
95 63
31 34
47 44
57 44
48 90
80 80
76 59
62 48
7 4
16 69
11 46
64 67
100 96
98 74
31 31
19 85
49 54
65 25
68 31
72 62
70 20
95 95
88 84
48 67
56 8
25 50
25 49
40 96
7 26
1 60
87 47
31 78
73 33
86 41
26 78
62 71
38 10
19 86
18 19
69 97
67 15
26 5
21 97
55 86
26 25
4 90
55 94
30 92
80 13
58 24
60 94
45 4
30 27
75 10
84 93
96 24
77 49
60 69
65 77
55 16
10 15
61 12
68 10
4 99
55 22
95 54
5 65
22 59
38 91
19 31
13 82
62 71
46 97
99 59
23 42
95 30
49 67
46 94
61 29
24 32
1 96
49 10
22 48
87 21
36 35
45 10
29 45
49 97
19 9
84 53
71 53
24 94
83 14
93 41
86 51
72 32
66 21
67 85
81 52
14 37
71 36
4 42
14 22
14 20
69 73
71 73
12 74
64 74
94 18
30 77
10 46
96 39
63 10
46 32
15 21
62 11
54 36
63 75
14 34
22 71
66 15
57 9
17 29
34 78
79 14
39 53
84 46
10 35
99 22
62 73
56 31
33 100
45 76
26 57
35 60
45 4
89 30
6 99
7 14
58 55
4 96
71 95
6 2
46 1
83 48
92 2
10 2
81 24
61 25
1 28
22 5
65 56
67 65
56 8
45 68
33 52
8 62
37 43
14 63
31 30
99 40
23 16
41 99
81 50
2 68
25 23
47 82
6 71
67 1
72 92
9 70
6 17
72 16
45 73
31 17
99 54
33 68
5 65
88 28
29 21
41 98
93 39
76 25
80 79
76 79
49 68
80 72
80 57
17 48
66 62
96 32
96 25
7 47
22 44
93 39
15 66
18 40
96 76
40 86
47 21
36 17
44 47
100 74
30 48
87 33
10 61
51 28
89 38
20 58
34 76
12 75
94 80
40 57
15 89
76 6
45 43
9 8
16 63
13 66
95 96
95 60
16 58
68 7
50 25
96 84
43 3
20 62
83 21
37 59
53 38
81 10
41 64
2 42
9 15
84 42
90 43
89 84
87 76
59 13
85 95
8 59
69 28
46 74
48 99
25 98
40 88
50 3
6 66
87 76
95 49
4 43
13 27
98 34
71 35
70 17
72 56
44 71
56 66
85 21
69 76
5 24
77 17
39 82
31 25
79 62
2 4
16 33
65 38
27 81
10 79
26 2
25 39
80 3
29 86
11 56
69 40
39 58
83 60
9 40
24 89
39 13
10 49
29 21
100 98
3 73
8 21
83 20
66 43
85 57
41 47
90 80
93 67
5 78
54 28
49 27
87 67
6 24
39 72
14 78
22 36
85 98
62 1
81 59
77 54
43 77
24 18
31 22
42 23
62 84
31 38
38 12
79 14
17 52
54 42
27 61
52 66
85 82
85 84
58 16
64 3
24 70
77 3
80 26
85 26
55 41
29 16
26 7
68 51
6 61
47 39
99 8
58 46
50 95
53 91
21 30
85 44
47 89
92 82
66 36
52 83
17 38
92 66
2 63
10 79
50 32
89 75
52 70
33 76
55 43
2 9
64 99
66 66
68 48
44 92
91 60
49 30
35 64
48 89
41 56
26 50
89 73
98 77
18 6
74 35
62 45
35 38
69 68
77 86
22 27
31 81
44 66
3 36
40 95
4 89
2 52
12 71
90 8
55 42
53 15
78 36
49 44
85 54
97 84
62 69
53 32
72 95
47 32
97 6
3 26
54 27
21 52
72 2
14 31
18 49
70 43
65 44
81 79
8 87
37 78
98 1
54 89
13 100
88 23
18 82
96 34
11 20
92 19
20 52
82 50
89 54
78 94
30 95
27 95
78 59
26 31
30 29
52 18
53 66
85 43
81 69
87 19
90 97
16 91
6 30
57 55
56 71
86 24
89 10
4 9
93 65
39 29
39 55
52 6
96 5
80 48
80 73
66 39
82 40
63 29
17 29
13 36
4 20
33 100
25 90
96 70
93 42
27 10
44 26
98 85
72 84
29 24
2 90
28 37
37 54
86 94
93 71
65 78
97 15
2 45
4 42
81 85
44 56
23 6
78 86
71 39
71 79
3 49
32 48
77 63
4 48
62 7
55 39
78 13
84 63
20 70
45 64
16 40
54 93
40 35
35 60
36 72
6 6
71 42
56 65
56 33
45 85
96 34
86 39
60 3
56 78
93 24
54 94
19 38
72 62
24 37
39 68
9 73
77 29
72 36
68 15
77 17
1 67
10 82
72 95
35 39
8 72
50 58
49 16
9 32
56 87
53 57
57 82
58 56
5 63
67 81
56 52
3 47
2 49
68 7
25 99
27 83
57 86
61 47
72 87
58 47
26 85
58 75
5 26
14 49
84 85
49 74
41 64
60 44
12 70
98 6
76 37
31 59
25 77
46 14
70 2
8 34
80 58
89 35
54 61
8 59
3 90
59 63
76 64
7 74
76 3
25 31
54 92
21 24
22 4
36 65
27 97
11 73
61 16
26 15
54 3
87 83
42 67
42 67
40 70
44 61
66 69
100 59
19 86
21 97
27 2
18 46
87 31
1 49
36 19
96 5
95 12
35 77
48 96
3 29
64 62
18 34
37 72
38 33
10 53
4 26
10 28
52 13
50 71
51 48
91 97
50 2
22 23
94 35
10 37
46 38
40 56
80 63
84 49
37 77
19 98
95 62
70 16
60 9
54 10
84 21
22 11
7 100
96 95
33 84
98 15
13 77
44 4
45 4
4 93
65 93
66 12
18 4
87 33
67 25
75 52
52 98
61 86
66 42
99 84
63 44
15 14
87 44
37 7
40 96
18 39
94 52
10 67
86 49
47 100
17 45
63 75
14 99
100 56
51 92
81 58
71 19
35 47
59 60
75 96
19 72
40 21
71 14
93 89
5 55
40 49
83 61
19 21
48 88
18 67
23 57
93 91
92 14
47 41
95 62
21 14
39 95
78 6
40 98
80 52
58 6
98 63
58 97
66 56
57 47
21 45
6 45
39 56
25 43
57 33
12 5
53 10
87 1
92 79
67 71
71 72
96 17
9 44
76 97
49 98
23 74
52 64
68 39
20 87
79 29
13 3
32 35
100 16
43 58
39 40
8 35
16 50
54 16
71 78
66 13
97 25
49 57
15 64
58 6
58 19
82 7
2 25
41 95
67 59
73 10
5 11
81 16
83 97
50 21
7 62
5 92
98 32
94 98
82 23
23 57
77 53
6 47
30 63
90 100
20 13
73 81
60 57
43 47
63 49
82 38
7 99
10 32
25 47
76 58
36 100
95 16
51 8
8 91
77 6
37 13
49 23
53 73
96 17
100 63
3 19
15 29
46 22
36 64
32 71
69 65
43 48
52 63
15 6
3 56
38 47
93 90
17 86
50 35
54 8
83 50
63 12
73 43
27 73
76 61
100 5
66 37
57 41
67 33
81 22
11 94
32 3
12 83
59 68
56 48
50 60
13 95
43 96
17 31
83 52
58 92
67 47
17 34
10 43
2 64
6 23
96 2
31 18
12 68
40 39
55 36
85 66
80 81
51 72
60 18
55 100
80 97
61 98
59 86
63 67
46 73
93 55
99 23
58 79
61 99
44 76
2 39
97 11
81 99
35 60
72 46
59 41
3 14
39 32
30 47
27 22
95 39
23 78
41 14
40 89
71 29
66 32
63 25
51 54
81 93
50 89
36 51
43 13
86 15
17 81
12 20
17 31
97 41
35 66
40 13
29 68
24 43
31 1
53 33
35 48
15 23
1 10
78 56
36 75
85 67
34 3
66 29
14 22
64 60
84 39
95 1
34 7
24 33
29 34
82 36
72 21
92 41
73 10
66 76
23 13
94 3
75 99
94 92
37 45
76 4
40 85
43 1
78 53
75 81
37 47
85 93
85 90
81 39
22 85
6 73
97 5
55 1
45 2
70 84
98 13
19 98
69 21
58 8
63 85
7 4
25 12
25 51
44 52
78 72
3 12
53 14
59 72
40 47
27 78
85 5
95 68
97 33
53 8
88 83
16 83
4 99
90 75
75 65
59 41
21 95
89 30
91 9
34 48
90 50
71 35
84 76
93 11
3 16
17 14
67 89
65 62
62 91
63 63
73 31
3 16
99 23
69 24
18 24
21 100
43 26
45 38
37 27
71 60
31 46
52 42
11 72
96 70
91 74
1 24
24 85
8 31
60 81
81 16
65 28
76 13
81 83
25 41
40 85
62 12
5 90
25 91
46 19
36 5
68 76
68 65
98 81
56 11
10 88
57 56
65 50
17 78
50 5
56 33
38 78
100 21
97 30
41 93
11 50
32 44
86 78
23 28
84 22
55 43
13 21
71 7
49 39
25 34
18 49
18 19
43 87
36 100
27 21
19 78
14 47
22 35
78 61
2 89
37 70
68 83
72 52
77 37
61 64
8 80
43 19
18 8
3 37
37 33
51 59
3 16
86 80
16 74
98 71
86 33
3 62
47 96
41 68
49 55
74 87
14 55
10 50
48 51
11 5
96 1
84 81
73 77
19 18
66 4
56 56
66 80
51 95
72 15
73 26
40 97
83 54
60 58
87 19
41 48
76 50
91 75
19 11
13 53
63 50
44 10
73 51
44 2
40 66
13 35
71 71
33 89
83 97
77 62
93 97
75 21
54 8
34 23
5 9
65 74
31 70
19 21
67 11
8 86
25 55
32 6
79 37
2 55
62 31
48 67
37 94
92 91
53 22
36 20
34 6
31 42
60 5
93 47
77 23
89 84
20 100
77 22
32 87
80 94
88 12
51 13
58 6
20 20
95 11
14 69
9 48
23 86
14 45
38 38
74 88
74 83
59 55
67 100
43 90
28 57
40 84
67 20
88 34
40 95
100 39
59 81
90 59
8 55
34 38
85 56
91 11
25 68
98 26
16 64
100 21
84 97
38 43
54 8
87 30
12 55
73 45
68 8
51 7
74 36
4 49
70 41
62 26
61 18
60 49
54 93
69 31
40 40
36 63
22 33
44 89
34 58
4 71
38 43
12 3
99 6
67 58
18 71
51 97
7 8
89 100
15 29
99 27
19 61
87 8
94 20
81 21
5 18
88 64
76 12
76 68
14 76
44 85
28 69
60 60
26 35
71 67
94 77
46 20
93 54
67 32
81 16
67 39
35 70
59 45
92 83
68 32
99 70
37 73
30 4
37 36
34 80
9 65
62 15
98 92
73 64
11 12
27 35
65 1
27 22
69 94
96 26
5 87
52 6
51 72
9 27
25 97
36 12
85 69
27 30
8 47
68 50
41 46
88 6
88 46
58 6
64 21
60 23
16 96
74 90
42 28
21 57
55 20
1 55
21 10
20 84
22 7
73 41
67 69
98 29
32 61
20 62
29 2
84 63
32 56
73 41
48 81
27 11
21 80
69 69
85 28
86 21
51 70
1 31
32 51
6 92
62 65
83 51
34 62
6 36
85 18
25 92
11 78
18 19
35 6
38 37
20 91
95 43
49 26
38 83
36 23
69 99
83 82
49 48
99 13
18 56
97 38
85 91
16 53
38 45
78 60
42 80
85 12
74 30
53 20
80 27
59 54
21 65
28 37
77 28
34 26
91 46
78 30
35 54
49 17
79 53
56 47
7 45
51 74
3 98
43 89
5 74
19 8
76 33
55 29
40 40
55 54
2 13
40 5
29 51
89 47
21 15
63 57
95 92
71 40
8 70
52 3
36 75
66 53
48 44
94 2
10 99
91 40
67 21
68 59
96 76
28 23
79 77
76 58
40 19
86 18
81 71
89 22
5 82
38 94
69 67
15 6
96 28
6 27
59 28
2 5
86 99
69 56
53 6
84 7
7 33
47 49
28 79
62 64
68 1
66 86
25 28
5 46
2 78
99 42
69 17
77 36
97 42
43 40
55 73
65 12
85 10
40 2
68 78
78 75
51 56
81 80
87 74
88 8
68 46
99 73
81 3
31 3
62 45
65 29
49 83
13 66
26 13
1 91
84 7
98 27
7 84
15 30
21 40
17 94
7 7
85 5
70 26
48 49
11 1
47 67
50 86
28 79
4 8
74 67
37 43
91 10
54 100
55 74
79 83
13 17
83 98
60 43
36 41
92 11
81 47
35 24
81 80
80 31
40 97
52 12
11 48
18 26
35 58
82 7
3 49
82 1
20 17
41 55
85 8
99 46
56 21
6 90
40 25
51 62
38 26
63 4
4 16
88 2
99 9
26 76
77 9
100 58
91 92
45 68
75 4
9 67
48 70
28 27
14 38
59 89
1 96
7 96
91 29
21 80
1 84
39 30
20 17
15 93
63 71
35 55
56 25
42 12
12 9
34 94
80 28
17 81
7 17
45 91
25 55
81 4
100 91
8 79
66 78
76 69
62 79
11 99
78 84
3 44
44 84
33 36
97 37
47 62
51 96
4 40
57 47
30 13
87 15
43 36
29 34
65 95
69 80
99 4
32 7
34 11
35 98
37 15
29 73
78 47
52 45
4 12
82 51
79 91
82 89
34 31
46 96
75 89
26 83
29 63
88 83
28 75
93 17
78 53
52 6
13 50
93 85
37 34
98 27
66 92
100 84
59 79
36 86
75 68
83 73
35 79
84 70
12 80
48 49
27 74
72 28
9 67
5 83
85 14
7 91
47 29
83 36
90 81
76 16
24 34
48 43
85 74
73 17
37 39
82 14
32 21
62 1
45 13
90 40
6 39
76 81
4 15
46 91
12 32
82 70
29 8
15 63
79 73
95 74
72 51
45 12
6 22
58 36
60 52
32 42
27 88
9 69
86 96
5 62
24 78
87 19
90 33
53 71
65 83
37 75
77 92
13 70
42 62
3 15
34 19
22 3
23 27
69 91
95 89
55 100
53 63
4 31
43 66
37 27
25 70
63 57
64 69
59 71
95 34
58 81
10 71
29 57
42 28
90 68
68 63
75 40
26 73
63 32
89 66
97 57
58 55
46 50
51 28
90 100
68 39
56 3
12 69
10 66
88 70
95 60
64 73
36 46
34 16
58 36
93 8
94 25
39 82
40 93
33 36
67 52
17 22
53 40
18 55
46 94
29 89
18 38
49 99
45 1
74 95
24 76
73 80
70 25
10 48
27 26
51 67
26 87
70 78
82 48
48 41
21 27
99 80
16 9
91 56
67 5
97 70
11 64
11 79
48 11
96 90
59 65
93 63
83 86
8 64
77 46
57 13
29 16
8 85
72 70
26 19
39 65
99 84
51 74
91 36
61 92
10 71
87 69
1 87
58 56
92 82
71 23
84 40
55 30
3 39
70 36
4 47
59 75
4 99
28 91
11 42
62 5
25 77
100 96
85 44
92 23
85 82
51 91
83 87
14 70
76 48
47 42
19 25
47 68
24 56
27 81
75 18
19 76
7 83
14 36
7 83
17 55
28 79
76 33
36 61
34 8
83 58
14 78
87 40
78 28
66 74
29 74
20 23
20 21
4 54
42 30
74 37
37 89
51 42
41 59
4 28
75 12
45 45
72 66
30 41
61 31
93 71
100 93
77 12
90 19
49 49
35 6
35 41
92 4
17 38
4 25
8 60
21 99
43 42
76 18
15 5
95 37
17 14
66 46
4 80
61 46
56 15
37 58
89 64
49 17
74 92
28 91
27 30
13 18
71 95
29 57
70 40
31 36
53 58
61 74
74 69
36 43
24 66
81 34
37 38
16 92
3 32
6 80
89 8
78 4
16 21
47 25
88 19
96 45
19 1
80 81
65 30
56 91
11 63
77 65
35 43
76 82
55 87
33 22
3 95
28 83
92 27
81 78
94 83
26 8
35 76
99 18
71 1
52 98
35 90
38 3
61 18
19 20
90 58
30 84
91 40
69 54
96 47
5 42
71 61
72 10
96 82
44 48
21 32
95 44
86 40
65 29
7 53
50 82
65 81
97 54
29 38
18 76
63 43
80 75
73 96
6 73
79 77
100 78
29 66
97 89
94 30
75 69
57 31
48 63
26 99
77 89
60 63
38 39
48 39
78 76
91 31
61 82
75 66
52 93
53 64
6 79
17 66
15 41
63 11
80 6
90 80
83 54
75 38
53 69
7 98
4 9
31 71
20 86
34 10
21 38
15 38
85 84
39 40
21 45
50 53
15 70
12 73
17 86
20 17
27 55
35 97
100 45
23 87
16 87
90 40
12 1
23 65
47 91
48 81
95 84
40 86
49 72
81 25
82 16
12 52
46 37
29 12
3 77
53 34
14 38
2 50
67 88
93 60
93 23
45 51
79 68
29 27
29 28
7 86
52 10
2 39
8 35
5 88
75 17
75 1
75 71
92 49
1 21
23 14
77 70
4 67
14 43
64 65
52 33
97 65
20 51
67 11
60 85
51 34
83 90
55 46
90 50
22 56
54 70
39 62
71 91
89 96
44 67
99 52
6 22
51 64
71 39
100 73
12 22
26 35
42 78
6 53
65 56
56 16
52 4
16 19
67 38
41 13
30 97
78 3
12 7
93 59
33 3
23 19
42 97
77 61
21 94
34 36
43 37
100 25
33 96
1 67
100 8
99 33
22 33
21 55
83 62
25 13
79 94
33 47
9 95
76 39
100 67
67 97
62 10
70 8
11 73
83 45
97 66
22 56
10 86
100 68
51 89
100 100
93 25
65 82
5 28
40 54
85 48
51 19
25 72
7 60
42 15
27 42
27 10
86 62
9 87
41 15
97 29
70 84
44 43
11 74
3 78
31 57
62 67
82 97
51 50
48 47
91 84
57 86
64 15
63 78
74 41
86 43
78 18
55 7
1 14
74 59
83 10
63 62
76 44
7 76
20 52
17 93
29 63
55 68
50 28
31 89
96 68
62 82
11 65
95 64
15 48
48 75
75 97
66 96
34 93
79 8
44 31
28 60
85 2
81 63
39 32
35 23
57 35
38 51
2 96
33 16
98 36
61 100
26 59
84 43
46 2
60 77
2 95
7 45
45 92
44 48
30 91
68 55
72 67
91 58
15 23
28 62
46 39
84 38
79 28
90 95
52 22
13 64
13 10
6 1
2 31
51 100
89 62
48 41
49 52
93 25
31 27
59 85
42 46
94 48
61 50
19 79
84 31
71 38
36 6
9 39
50 43
77 38
13 63
26 82
41 60
18 73
88 62
28 28
78 53
31 67
79 23
94 70
70 86
9 96
12 50
7 83
100 83
78 55
21 55
35 40
44 61
27 34
13 84
97 16
96 88
71 52
82 37
2 42
76 55
25 50
60 19
32 56
43 40
67 67
40 85
31 71
94 29
97 29
80 23
97 65
82 16
10 7
56 74
84 54
24 85
35 59
25 13
9 81
53 33
25 35
11 98
6 28
52 4
28 3
8 18
63 6
65 25
10 49
66 67
36 100
86 83
73 7
82 87
81 29
55 37
8 30
52 94
7 60
29 89
38 46
28 59
9 53
100 27
47 94
38 10
54 11
1 66
57 46
32 34
27 55
34 97
96 59
90 57
72 52
14 66
34 93
97 43
88 25
38 96
45 22
7 65
64 48
6 37
83 100
77 57
52 74
64 96
47 47
14 89
40 35
34 66
80 7
38 64
49 69
59 28
40 30
57 12
65 86
49 94
98 94
69 88
51 100
21 90
53 22
64 42
52 1
72 13
53 99
46 97
66 7
14 49
52 76
42 98
64 20
62 76
5 19
33 66
48 63
49 53
7 28
68 17
45 82
80 53
22 55
60 51
47 27
19 99
14 46
80 82
3 49
74 42
37 100
21 25
10 10
95 60
55 89
14 53
10 34
26 78
14 19
79 9
7 27
3 94
68 35
33 62
7 52
84 31
100 47
45 95
11 72
69 59
36 99
89 56
82 3
99 35
8 55
87 11
84 41
4 21
61 63
46 3
1 23
41 46
97 2
75 24
98 79
72 43
79 95
23 18
4 57
50 38
15 85
34 32
63 13
85 7
93 4
1 3
20 39
8 34
69 90
79 78
1 73
11 89
67 19
69 89
11 82
59 29
91 21
10 62
45 29
10 15
19 32
54 42
60 12
12 60
68 59
46 85
5 74
19 66
91 62
52 36
40 41
62 64
73 99
56 16
28 85
19 31
56 5
98 43
91 63
58 97
58 64
13 36
26 16
46 99
64 13
88 93
47 54
88 33
25 19
87 39
77 1
59 56
20 26
60 83
11 82
54 73
83 7
74 74
88 61
1 67
40 25
29 81
80 11
51 37
38 44
35 92
10 41
93 62
34 26
60 17
13 38
75 55
6 34
11 19
54 84
87 93
42 41
86 51
7 33
51 33
89 21
37 93
46 95
97 38
68 77
99 36
65 3
83 57
5 100
5 1
2 66
34 75
58 30
4 80
74 33
78 20
80 17
5 69
50 17
85 95
85 65
39 24
59 13
70 21
5 58
80 94
36 37
15 72
90 20
39 66
74 38
26 97
93 17
63 97
3 68
42 69
57 37
1 77
32 27
8 24
84 43
39 83
57 42
70 92
83 51
96 57
8 9
21 24
23 32
9 82
44 31
31 57
49 76
34 36
52 71
23 50
22 61
91 72
92 49
57 47
75 61
32 97
54 30
21 92
51 62
78 17
48 10
39 99
43 14
26 24
36 11
40 14
89 82
23 65
44 54
16 19
94 74
100 42
90 43
5 36
77 88
59 86
96 92
80 5
44 80
17 35
51 16
16 34
50 83
68 23
77 6
38 12
74 39
49 23
73 34
62 57
26 66
6 90
97 20
82 23
6 98
24 4
73 56
47 100
34 36
31 69
43 25
83 65
27 84
87 76
17 56
98 91
87 59
19 19
79 37
78 55
36 59
84 44
17 90
27 64
41 40
81 44
59 50
1 100
99 25
29 95
24 12
93 28
65 70
50 51
71 91
63 35
13 69
4 36
25 10
3 89
97 77
49 85
82 50
65 56
84 13
11 99
89 22
89 79
22 26
57 56
35 67
59 27
2 61
59 1
61 91
19 51
32 20
40 79
51 50
60 22
27 9
88 72
55 44
10 73
72 11
79 67
65 99
35 81
58 58
80 75
54 16
49 17
63 43
68 78
89 49
12 60
4 58
20 26
4 10
38 42
71 42
72 92
76 94
59 47
50 27
43 99
94 16
30 43
84 73
8 52
6 45
40 49
99 12
83 93
6 40
82 67
77 79
23 53
75 72
51 22
88 64
88 95
76 98
13 63
67 97
17 80
95 38
48 1
83 45
68 38
1 47
24 69
82 23
93 71
95 16
84 38
88 45
39 42
90 19
33 34
73 76
88 52
48 68
21 16
58 32
63 97
15 70
43 98
69 49
33 12
89 26
44 41
91 93
74 48
7 67
79 18
84 45
53 84
47 7
55 83
87 91
97 63
27 23
66 7
91 11
42 46
4 36
98 57
37 66
31 68
76 86
31 10
74 23
44 34
1 85
60 3
78 31
44 35
21 83
54 59
89 88
94 66
86 3
55 89
12 68
7 28
20 94
88 61
47 52
66 87
64 59
32 65
90 98
53 12
4 97
78 29
16 64
93 90
93 13
36 75
52 45
87 81
27 53
92 82
12 74
27 81
47 3
9 18
18 76
25 12
5 88
90 11
83 14
91 3
30 14
19 39
87 65
76 30
93 10
19 71
94 90
58 35
33 25
47 72
65 84
25 82
14 38
96 11
95 70
41 3
64 59
100 31
26 86
39 21
60 16
52 5
49 6
79 72
27 54
84 93
23 98
52 37
80 42
96 58
59 83
4 70
39 9
29 86
53 77
38 34
29 71
65 16
36 24
70 13
81 76
73 30
17 5
24 9
1 6
74 22
64 32
73 55
91 32
90 22
67 51
83 31
75 38
5 52
16 74
74 87
52 44
75 57
28 11
52 74
82 87
9 79
25 84
100 72
78 46
38 54
33 60
63 27
59 18
37 34
62 43
75 61
12 2
60 71
38 11
85 37
31 45
11 40
38 84
57 80
40 99
33 15
51 22
24 94
2 88
61 9
75 73
26 50
10 92
27 30
72 63
10 58
81 11
57 99
37 87
63 28
28 80
28 81
98 70
56 71
17 14
24 20
38 5
71 91
25 35
79 85
39 22
57 42
50 57
27 24
19 84
83 5
33 38
21 9
80 51
32 24
16 68
100 22
15 15
59 27
5 53
66 78
11 62
54 21
86 60
70 62
10 38
4 67
44 37
96 6
76 86
95 80
36 97
83 72
83 30
35 10
66 7
18 3
33 12
92 76
36 18
46 94
82 31
33 80
82 95
66 50
46 2
64 8
93 62
86 62
3 5
19 8
26 81
91 61
18 69
20 28
64 92
65 64
2 51
100 69
44 37
98 71
68 67
59 46
83 64
57 97
26 82
24 64
65 26
1 6
19 53
30 88
5 2
10 16
35 53
42 14
35 28
74 9
48 61
7 92
31 31
74 1
72 31
25 86
37 4
100 20
86 59
69 12
100 84
66 73
53 42
26 23
72 82
91 49
38 46
36 55
93 86
88 21
61 19
34 65
12 96
81 78
15 61
62 94
42 56
8 50
77 54
63 3
100 78
55 71
53 93
3 39
59 75
60 25
76 94
50 97
39 77
15 22
59 65
98 90
2 47
4 92
75 78
9 44
63 59
90 15
32 57
78 92
56 3
31 98
46 58
49 38
58 7
16 69
94 64
64 43
82 54
7 47
28 90
15 2
15 62
10 32
68 17
53 11
1 53
92 3
68 80
22 57
76 87
15 37
24 18
24 24
36 94
49 63
20 79
81 54
66 58
40 83
51 20
71 53
78 84
35 1
49 17
7 25
66 60
42 93
67 39
66 92
33 12
64 88
69 60
70 71
72 56
10 21
43 88
79 78
5 66
51 2
55 75
1 95
13 40
12 99
80 73
37 66
37 92
70 59
65 73
39 72
43 86
51 5
36 69
1 55
38 24
92 4
59 52
8 18
61 21
45 18
22 94
59 61
85 65
36 51
20 54
76 73
24 51
53 25
73 70
96 56
62 68
47 86
80 16
39 22
52 65
3 50
63 56
76 65
54 46
21 84
50 91
70 73
20 18
23 37
75 69
73 55
92 20
65 65
91 40
41 53
72 60
11 61
36 21
36 70
92 9
64 28
34 26
88 95
64 73
79 60
88 38
38 73
37 67
4 41
23 50
53 95
1 83
69 66
57 95
4 12
90 12
62 32
4 12
41 40
47 40
77 97
18 56
95 7
13 64
47 44
52 70
91 82
74 30
89 80
47 8
75 46
95 65
29 34
82 57
61 74
10 56
10 65
20 46
5 15
16 55
43 35
50 48
15 8
52 2
56 64
17 99
95 28
69 49
61 81
11 88
80 36
55 1
84 34
70 42
10 56
84 84
74 26
78 92
65 17
31 83
94 42
14 55
55 84
66 25
59 15
33 88
100 63
5 42
81 98
95 30
34 26
74 56
10 95
7 33
6 77
94 28
23 6
33 80
92 4
34 16
81 10
4 77
8 57
100 33
93 99
29 46
11 49
77 46
56 4
88 38
18 33
90 55
43 5
26 59
56 17
74 28
89 30
70 86
71 81
75 77
82 68
23 47
61 73
7 41
81 57
99 6
56 68
45 72
23 41
40 72
3 61
76 18
75 78
70 34
89 83
32 91
87 71
56 56
45 64
47 25
50 34
41 77
86 33
42 96
11 87
9 85
97 26
70 60
4 31
91 60
59 12
78 14
8 44
8 86
4 3
97 6
88 14
26 45
21 81
54 66
27 95
22 62
85 1
45 71
80 64
7 37
15 35
6 98
37 45
86 58
13 98
30 94
81 67
42 64
1 10
5 57
6 65
39 34
79 76
46 63
75 59
10 63
52 3
95 23
60 36
52 32
89 99
88 6
20 79
25 8
58 85
63 81
55 15
22 24
41 76
58 53
70 84
54 58
8 39
80 5
73 92
38 73
45 78
29 37
59 51
43 12
44 77
49 8
68 98
43 62
69 27
6 74
25 58
88 66
76 73
74 22
32 76
59 71
11 21
14 40
27 76
22 54
92 85
80 69
79 37
65 41
77 64
80 79
62 11
7 4
38 24
4 56
34 93
8 15
6 65
80 67
5 55
71 60
65 83
91 20
38 40
62 50
67 52
3 98
62 65
30 7
16 59
71 65
100 50
50 45
92 16
29 19
67 64
33 54
44 32
90 29
16 92
72 63
61 18
87 63
99 87
8 80
13 38
86 98
27 74
73 79
24 11
79 89
10 70
33 14
18 31
42 22
37 1
76 12
97 32
15 5
51 57
7 25
57 47
41 13
24 36
34 37
42 57
36 76
54 24
19 62
85 51
29 39
83 54
100 9
44 87
7 26
13 63
49 14
61 61
95 19
73 5
4 41
45 49
66 19
28 83
33 90
96 65
52 67
86 65
9 76
8 73
23 5
52 45
38 81
94 82
31 69
69 67
93 83
68 6
5 90
64 45
46 1
84 32
31 48
72 35
21 4
39 32
50 42
75 92
38 76
37 58
87 75
99 40
41 46
41 32
98 36
34 84
50 71
61 96
4 64
69 5
95 12
54 90
63 41
76 90
53 85
70 34
22 88
41 76
2 44
33 96
61 68
6 4
43 49
84 15
27 38
69 12
14 24
52 34
30 22
32 18
56 95
82 33
96 11
52 89
11 40
16 9
72 15
56 68
5 72
66 14
27 2
19 19
8 1
64 32
63 98
38 14
51 47
17 100
100 68
33 10
81 89
15 65
56 36
91 28
49 88
33 82
80 62
1 50
1 45
31 89
3 15
44 46
60 81
59 57
1 18
14 23
4 46
53 46
3 69
32 19
9 1
53 14
12 24
16 6
5 100
24 63
40 96
100 14
11 75
98 57
91 38
94 19
2 31
30 99
29 71
90 48
46 52
40 67
12 15
57 97
76 4
66 50
43 41
37 83
7 27
93 94
14 78
6 71
81 98
3 63
92 27
12 67
66 14
93 35
97 37
92 59
35 38
35 91
32 76
47 42
66 37
100 42
71 34
66 4
96 64
73 21
24 41
47 55
79 22
8 11
20 33
58 50
17 58
27 45
34 17
97 30
30 30
85 94
40 100
91 11
70 40
24 86
93 46
17 65
35 57
75 72
39 90
37 20
97 51
87 93
15 67
43 33
84 59
80 57
80 76
49 80
97 8
7 90
21 76
76 77
34 12
28 15
67 50
72 68
35 81
67 32
50 55
40 99
16 94
52 75
44 56
23 98
8 14
96 46
18 23
31 98
96 30
24 30
42 11
71 70
78 79
48 96
66 59
65 17
90 62
62 73
85 25
38 64
15 84
86 99
33 34
35 39
55 3
44 30
13 1
50 71
19 23
4 8
90 20
34 71
78 6
47 52
52 91
7 76
26 29
11 43
37 74
28 47
56 95
88 46
79 46
5 64
2 32
19 2
32 24
76 61
17 30
30 57
68 2
76 61
14 1
87 87
27 87
18 34
21 56
70 45
36 44
26 43
88 24
75 66
79 59
9 51
54 97
94 50
80 52
98 84
44 67
16 38
95 54
76 18
52 87
17 22
37 52
85 8
60 64
75 50
19 62
9 79
39 47
94 68
95 40
46 53
62 89
55 82
64 87
62 14
53 97
54 21
22 36
38 24
33 63
67 60
36 73
29 63
36 4
50 71
74 44
10 97
97 89
43 40
71 52
22 35
13 9
100 29
25 89
30 67
17 7
66 42
18 43
70 71
33 67
61 39
39 62
56 32
30 25
27 52
100 89
76 95
80 55
41 26
61 10
64 66
85 65
78 12
23 90
70 27
71 22
87 20
79 77
83 89
71 49
92 15
23 27
57 73
39 98
97 100
39 63
11 72
58 77
88 17
38 22
55 59
86 99
32 66
30 63
29 15
24 82
42 82
29 79
62 89
8 89
61 23
65 82
48 84
54 74
76 90
35 7
71 87
46 79
54 54
94 74
17 46
38 43
87 54
70 65
2 63
72 59
66 95
45 13
78 80
54 25
5 20
46 8
60 46
95 20
48 28
54 15
94 44
19 43
13 86
91 69
56 26
53 42
16 43
43 71
26 78
94 48
73 82
86 99
75 9
18 48
28 17
17 17
74 33
65 28
83 52
36 84
11 27
98 76
14 76
12 72
78 19
19 79
46 63
84 83
72 18
96 42
20 72
26 56
100 97
51 89
52 11
62 2
70 49
87 11
18 97
19 44
7 64
90 46
6 59
69 89
41 30
34 7
69 17
94 41
52 51
11 85
12 98
79 81
69 14
82 68
31 6
34 34
23 64
32 11
78 85
49 80
18 51
56 3
52 83
23 33
98 43
2 20
46 87
90 77
71 61
15 85
15 13
98 93
27 22
39 86
37 93
90 53
79 77
57 94
70 53
75 92
97 26
83 13
15 41
29 40
25 78
29 58
46 30
80 11
75 22
8 35
11 77
38 50
69 24
68 71
56 82
23 63
50 64
89 17
68 74
1 37
57 77
99 68
67 4
24 86
28 56
43 28
56 46
30 70
71 56
37 70
42 9
75 20
39 99
43 53
78 86
70 26
51 1
20 66
58 35
92 38
62 81
12 18
30 98
6 20
87 69
69 72
88 86
38 62
12 17
34 41
59 81
44 25
48 31
17 71
17 64
90 14
71 70
72 9
79 5
79 7
57 45
2 54
64 40
13 79
70 24
69 30
86 88
61 81
84 94
42 8
10 86
29 50
85 71
64 53
94 44
89 85
29 54
16 38
98 63
58 77
21 51
53 78
65 62
42 40
64 97
36 61
72 20
84 73
62 79
64 74
87 48
76 57
3 57
93 36
7 2
98 8
71 39
17 34
59 26
9 5
77 4
84 81
51 36
39 96
6 66
98 18
77 4
92 79
1 44
62 18
95 15
10 64
61 7
80 14
35 14
84 84
21 24
89 96
52 91
41 44
90 65
9 51
55 79
97 46
11 98
96 59
3 38
92 81
16 34
56 13
75 23
44 14
95 88
81 1
36 46
24 23
77 82
40 87
60 13
98 27
14 15
50 4
43 9
85 47
92 62
47 2
42 70
12 13
60 52
8 85
19 11
43 14
100 19
23 35
74 7
81 77
54 62
55 58
82 47
29 86
35 53
45 92
80 29
12 41
54 83
32 70
84 100
90 48
81 77
91 40
59 5
8 92
94 18
1 1
77 52
13 90
65 29
28 33
67 66
56 41
50 45
49 81
51 53
21 22
45 37
64 25
81 35
66 81
41 26
96 52
46 12
96 55
79 5
25 97
81 76
44 14
56 65
53 45
15 100
65 62
35 74
21 69
27 93
67 71
3 24
80 1
17 63
17 43
57 99
1 65
13 87
11 17
51 54
81 33
53 14
14 64
25 55
52 79
3 1
94 82
4 52
31 64
16 17
58 58
73 42
3 50
5 25
68 43
51 59
33 31
84 99
62 30
66 60
100 4
54 66
68 62
76 10
86 83
75 93
42 99
94 90
82 40
50 17
76 64
79 74
45 64
92 77
51 48
56 92
21 21
28 61
94 30
27 51
45 76
85 80
74 96
95 67
1 53
50 88
61 92
75 22
52 31
78 44
80 79
90 34
4 35
84 95
74 84
27 64
74 22
18 34
44 31
69 6
11 8
46 72
28 39
56 84
40 30
75 87
79 24
71 17
78 40
17 58
54 10
68 80
15 54
63 28
71 75
32 59
63 100
4 18
5 49
27 92
52 55
78 93
24 83
46 71
73 6
95 39
37 56
58 59
18 70
21 82
91 89
36 68
85 69
89 46
59 91
16 98
61 21
67 71
17 98
56 87
50 17
4 95
93 22
69 6
71 33
96 87
97 79
5 2
62 98
44 13
56 73
82 34
68 48
19 87
86 85
82 91
94 27
80 2
72 26
3 75
22 54
98 73
36 9
56 65
61 47
12 26
21 93
79 24
30 99
49 37
90 95
69 38
25 32
51 63
27 87
86 2
44 92
10 62
31 19
90 38
67 69
39 15
51 79
95 39
41 12
26 43
69 56
79 89
65 73
59 36
63 97
14 10
14 11
24 81
77 2
4 13
100 36
11 87
28 30
59 86
83 55
53 5
58 10
20 97
79 1
57 68
51 16
36 46
2 100
62 80
24 99
94 91
36 50
88 77
26 95
14 23
1 73
54 29
69 90
37 86
62 20
73 54
93 52
38 19
30 77
1 77
39 93
24 40
82 29
69 20
72 74
75 34
32 15
65 57
10 12
44 98
9 96
61 40
97 8
47 3
44 10
68 4
64 11
37 48
2 34
2 34
12 27
99 15
70 97
13 58
2 48
1 17
63 13
18 58
55 41
33 16
64 45
39 23
69 16
18 96
72 40
23 68
56 38
54 41
26 42
78 67
84 74
99 41
8 61
2 52
63 41
23 36
8 42
42 52
26 9
33 69
18 60
37 36
1 15
63 2
37 99
87 38
77 72
15 19
84 93
81 74
43 41
6 14
95 59
10 18
100 90
18 82
3 2
98 97
7 64
46 57
35 64
17 25
20 99
46 7
73 77
24 54
77 9
3 60
100 85
68 12
45 8
11 64
69 48
22 98
31 25
3 4
11 41
53 86
68 23
18 82
31 97
25 1
44 58
93 23
90 9
63 10
56 87
32 82
16 3
91 22
20 23
38 87
28 5
17 13
90 28
61 52
80 39
21 69
77 46
40 7
79 61
83 37
96 60
46 43
72 67
71 81
49 96
85 1
17 69
20 97
65 20
18 26
77 92
25 93
19 97
11 56
55 71
19 12
85 30
69 59
80 58
55 29
8 35
14 66
80 44
62 58
47 52
12 33
28 6
66 38
43 86
76 70
50 78
25 69
95 19
2 77
22 54
61 51
44 80
24 87
75 59
81 74
76 95
46 1
22 64
86 74
23 48
19 77
46 33
11 25
54 4
77 84
45 61
69 97
95 45
42 48
64 23
31 59
66 17
55 65
55 15
5 89
25 47
92 90
5 31
2 17
59 70
97 51
93 3
45 35
18 13
71 28
34 25
67 44
57 78
39 48
83 19
13 35
3 44
47 13
20 100
39 56
40 33
10 18
92 94
79 43
94 69
27 57
41 78
95 97
76 60
93 67
26 28
85 60
22 32
58 22
33 12
51 16
64 50
15 91
53 90
53 19
73 55
49 78
55 74
64 90
36 90
11 37
86 74
70 28
52 1
58 59
65 62
79 17
85 49
68 28
46 41
70 79
31 19
52 100
76 68
23 4
85 93
65 39
77 60
47 66
48 93
10 89
11 20
5 64
71 8
75 3
67 88
5 5
4 5
16 38
75 82
87 39
73 96
10 72
87 85
40 42
25 49
51 9
83 14
32 26
97 29
20 2
69 95
1 97
62 20
74 52
73 12
44 20
7 99
29 70
56 41
14 45
49 54
37 81
8 71
12 71
94 2
97 55
91 74
29 78
52 69
98 48
33 3
70 1
100 57
56 17
98 37
54 89
94 25
73 39
17 23
61 93
9 32
41 49
16 24
32 33
52 36
75 90
28 70
78 9
14 78
100 81
29 69
89 1
16 1
16 62
35 81
72 31
100 51
95 78
74 44
14 10
22 34
16 75
4 82
45 69
7 76
74 14
2 6
92 23
99 89
54 80
39 96
88 68
5 81
63 64
66 1
54 58
66 20
21 83
45 57
15 91
73 23
84 71
2 61
21 49
17 5
89 61
80 45
44 40
6 80
26 34
100 19
48 81
45 23
29 66
58 11
62 30
89 42
91 1
3 16
66 10
23 6
100 34
52 2
58 55
71 91
99 39
61 63
4 37
19 26
61 81
100 83
50 92
32 51
30 48
43 49
18 74
85 22
71 55
76 48
45 4
44 3
93 3
92 94
79 100
73 22
20 41
33 76
97 8
5 74
100 89
74 23
55 47
28 20
70 30
78 98
10 75
71 70
37 23
12 87
42 83
22 6
3 31
16 64
49 50
38 49
81 24
88 35
62 60
12 16
13 35
87 11
87 3
98 20
30 70
42 55
85 18
4 61
39 13
29 98
63 33
10 6
84 38
98 37
75 33
99 95
96 38
26 4
10 80
97 75
98 53
27 81
73 74
37 8
32 81
52 49
99 21
57 47
86 32
94 80
4 9
13 47
30 1
65 67
2 73
1 91
23 99
4 83
83 80
89 100
48 10
96 31
41 39
38 6
62 63
54 97
51 25
46 31
24 31
96 28
35 89
26 87
78 37
41 2
65 72
85 97
30 58
44 92
29 41
60 82
96 12
89 57
91 71
45 43
65 69
84 29
64 66
90 70
29 37
49 3
7 70
29 62
9 91
52 98
96 52
68 44
76 75
80 89
63 60
81 11
36 64
19 91
36 71
40 87
5 23
82 93
75 42
54 28
87 30
82 83
11 7
60 72
47 69
91 50
12 6
53 68
78 43
34 11
56 80
93 58
66 52
55 40
91 59
65 98
55 7
58 55
49 63
59 90
9 84
13 34
52 36
24 59
29 91
90 65
1 3
47 87
7 12
28 83
48 48
10 93
41 47
36 49
78 96
48 51
57 5
31 8
43 35
82 2
98 5
49 11
34 19
76 16
52 14
14 6
51 99
40 60
97 68
84 37
89 31
85 55
21 33
41 97
59 43
39 34
24 16
88 4
9 65
20 34
59 35
19 52
33 10
85 85
35 80
59 21
94 39
59 20
88 45
19 44
26 72
54 99
66 22
61 80
10 99
40 77
59 99
83 18
19 46
98 9
54 76
54 84
28 62
92 85
95 28
69 41
89 64
87 13
40 91
35 98
21 12
3 88
63 8
66 45
78 78
1 66
8 36
74 87
48 34
98 63
32 33
26 42
23 100
72 73
16 83
82 13
18 12
46 99
25 46
60 100
13 43
79 23
44 69
75 61
78 24
87 80
89 19
22 88
67 71
17 70
47 75
40 78
19 1
20 65
96 54
72 88
41 13
70 55
81 55
40 24
29 89
58 6
25 24
96 37
56 40
17 91
92 35
13 100
93 36
82 58
57 38
19 1
8 80
33 55
30 83
30 71
42 12
45 66
55 29
66 95
35 5
27 39
38 35
44 95
83 40
12 16
50 85
96 62
47 72
80 36
45 77
72 34
74 71
44 10
48 47
77 24
13 94
51 17
72 39
79 43
97 24
70 72
2 75
76 52
31 72
77 92
88 25
71 12
10 27
41 52
13 30
34 60
59 70
88 86
31 74
58 48
59 19
13 3
77 24
27 13
38 61
55 87
54 19
80 81
5 63
7 59
93 89
90 82
96 18
84 70
67 76
51 95
99 21
91 54
45 70
94 93
40 3
7 5
65 37
62 34
5 16
11 94
100 91
13 58
60 3
62 19
25 71
48 75
41 39
34 5
48 88
76 72
11 26
15 97
52 66
80 74
62 13
28 77
2 29
62 75
20 70
28 44
47 46
31 68
20 81
92 87
87 3
93 85
38 82
63 98
70 46
87 70
65 18
3 40
77 65
82 36
57 36
40 77
18 75
61 92
70 24
72 64
33 43
8 45
15 40
11 5
8 76
100 85
17 96
21 79
87 27
74 64
23 95
53 53
98 100
35 18
8 24
86 33
88 11
21 37
31 97
6 29
2 59
86 72
39 62
98 98
2 12
49 61
8 4
22 41
40 12
31 94
90 94
65 9
87 47
64 12
51 60
79 10
47 96
95 20
16 50
79 42
13 57
30 10
46 74
27 83
93 45
93 67
30 74
80 64
49 50
99 54
32 5
65 36
20 27
73 60
11 100
100 65
29 19
53 56
65 83
27 63
94 98
51 49
36 39
85 36
57 28
23 99
23 66
92 61
75 93
16 26
14 25
81 74
24 83
10 47
80 54
44 22
87 10
83 62
93 5
78 46
56 75
90 44
88 2
12 44
58 60
43 8
39 37
29 42
6 67
97 22
82 25
78 56
88 53
62 82
74 41
91 10
28 88
19 96
74 81
32 45
21 61
53 74
94 2
96 28
4 51
77 100
51 27
96 98
24 86
22 39
85 38
71 37
37 28
34 50
47 23
53 33
16 55
73 8
42 31
80 64
11 45
85 4
4 12
71 12
63 89
98 89
17 49
77 82
80 88
80 19
25 66
67 28
11 33
83 48
96 6
60 82
36 63
54 20
40 24
45 1
8 10
59 36
38 50
95 34
57 45
19 83
40 97
45 78
41 20
34 68
51 7
84 79
88 60
74 11
66 98
36 57
36 16
34 48
65 22
38 54
33 14
50 55
4 29
41 54
100 31
58 32
52 100
80 10
88 8
40 19
24 88
91 26
25 47
29 87
86 53
63 7
45 68
92 3
66 79
83 36
32 29
82 58
84 27
75 58
87 38
51 34
9 70
93 1
68 12
11 72
16 30
26 35
81 34
74 70
42 11
96 89
94 79
51 53
39 93
91 36
10 27
35 29
89 89
45 76
18 27
93 91
87 13
23 60
15 91
56 4
52 67
61 67
66 57
67 57
30 87
74 95
41 58
24 8
39 76
71 77
3 99
33 62
90 89
12 87
58 85
71 51
23 30
100 38
85 3
17 91
56 69
27 70
45 26
83 83
67 37
26 29
6 91
10 61
44 8
48 8
48 73
35 1
62 16
48 79
38 13
29 17
54 11
91 82
57 47
36 6
46 68
47 47
33 78
55 82
3 37
62 83
78 44
30 17
12 49
37 91
84 60
10 89
89 74
56 37
82 19
38 8
59 29
47 41
44 24
28 94
30 11
89 13
75 77
21 10
95 34
35 6
5 98
66 58
77 52
89 50
7 53
8 49
51 76
25 70
13 33
77 34
5 22
70 9
24 27
43 51
52 96
35 46
95 4
19 20
62 49
11 13
2 88
44 14
6 97
57 6
71 27
2 12
6 17
66 77
50 10
57 49
58 39
39 18
59 61
34 50
69 91
28 97
3 91
74 78
53 95
8 11
17 53
93 67
15 63
74 1
72 62
11 35
91 4
25 28
85 60
60 14
6 19
29 31
61 30
71 11
59 20
25 5
11 26
5 89
71 96
72 54
74 53
30 66
56 7
24 99
18 43
91 43
28 40
100 45
51 46
69 25
81 62
9 70
85 16
61 71
7 23
67 25
62 48
62 27
49 94
78 96
27 59
56 70
57 69
90 85
96 2
12 66
11 23
70 7
23 71
63 8
49 36
72 100
83 91
99 59
45 51
53 4
81 95
39 7
3 5
31 14
72 82
16 92
19 50
11 59
37 26
55 86
13 50
47 70
75 26
37 51
19 96
39 27
1 32
4 21
13 12
74 53
13 74
28 5
33 60
23 5
12 65
35 5
30 81
97 100
92 99
35 86
33 77
57 36
19 95
51 80
58 21
36 73
83 69
48 39
20 72
5 84
78 52
100 99
47 55
29 13
44 25
74 71
75 79
79 32
88 13
86 55
20 21
53 67
37 85
35 83
79 7
61 61
88 31
77 91
5 94
20 70
62 58
10 74
30 20
11 69
18 96
27 26
62 45
65 87
80 80
30 3
74 97
96 7
48 91
76 66
48 23
56 79
45 9
45 20
28 36
29 70
16 60
95 69
98 1
42 49
6 3
76 85
48 40
14 68
1 100
69 72
78 58
68 94
70 38
60 20
46 47
20 58
75 22
76 12
44 8
44 7
60 6
9 57
67 87
38 52
19 54
28 36
3 60
52 69
40 41
2 38
93 47
55 19
41 88
73 47
58 33
33 54
4 15
95 3
81 1
28 80
30 4
19 49
23 78
73 10
77 56
91 17
39 14
56 36
77 54
69 51
77 7
96 6
94 44
7 72
27 36
67 91
7 8
71 25
26 25
94 55
16 11
12 61
84 44
90 7
26 52
55 93
43 51
84 24
44 71
26 66
98 93
67 39
33 8
13 30
57 41
12 34
95 25
69 29
31 35
22 97
64 78
54 81
41 84
49 30
56 5
41 96
23 81
60 65
67 85
81 93
70 67
76 16
20 84
6 21
78 47
24 84
94 9
30 100
94 8
72 88
64 91
35 3
72 16
40 37
12 9
41 47
59 89
84 29
48 57
73 14
92 93
73 76
8 44
70 28
100 71
99 73
6 67
70 78
65 52
77 66
92 59
14 47
9 75
81 73
24 9
73 72
70 82
83 21
9 19
39 53
14 37
66 25
78 14
86 87
35 33
73 47
11 51
10 69
1 93
51 6
38 16
25 10
59 28
13 14
52 1
100 83
7 51
88 88
25 56
71 88
90 25
93 15
6 80
20 68
57 84
73 67
6 93
59 13
89 39
13 56
59 99
21 6
30 99
89 11
28 25
36 67
59 8
16 31
53 4
91 74
43 96
13 43
82 92
81 58
42 40
53 37
12 66
63 93
73 99
18 48
91 82
73 68
71 86
27 93
23 12
97 2
40 51
45 45
58 87
60 41
99 41
45 77
36 89
47 18
69 85
59 39
6 3
4 32
25 92
67 20
72 66
82 79
95 74
86 6
51 73
89 6
42 1
47 37
94 27
17 98
91 32
84 38
95 80
100 72
15 8
10 26
26 7
5 7
35 57
26 70
60 68
32 35
32 76
82 41
63 64
69 61
32 91
46 74
39 43
53 53
29 89
99 7
36 58
78 46
46 18
31 67
61 45
64 46
67 47
21 88
9 54
66 19
28 81
90 87
34 21
49 21
50 90
53 86
86 58
21 35
76 15
83 68
78 63
98 31
67 43
98 36
55 28
81 79
69 71
74 39
39 10
80 22
58 24
27 51
70 78
10 7
97 20
70 18
29 72
38 92
19 86
15 16
90 78
52 98
32 42
15 96
75 49
91 76
8 7
21 36
21 30
95 23
87 4
84 14
27 8
83 37
68 81
58 71
60 42
36 6
71 58
15 51
86 96
98 37
56 95
58 51
62 15
75 15
62 23
9 56
94 89
80 37
91 33
10 90
31 65
3 79
77 43
92 11
72 76
98 85
38 69
8 33
90 54
65 56
9 58
39 58
14 52
79 35
58 55
59 23
48 43
99 74
24 17
50 29
77 8
40 66
36 80
53 64
29 31
90 30
98 81
94 39
44 32
60 51
6 25
74 29
59 45
56 55
32 68
82 87
20 58
49 36
61 41
36 83
85 25
89 97
46 54
63 46
74 84
20 1
58 34
26 24
95 99
22 69
72 87
35 48
54 2
55 37
12 76
2 1
98 81
63 42
41 11
9 57
36 46
31 50
86 23
82 70
51 88
58 59
93 61
39 17
96 71
61 61
26 22
56 84
86 85
31 71
63 24
36 18
12 52
57 91
71 36
6 66
67 37
33 27
49 3
11 83
95 56
19 54
10 7
27 21
48 90
62 11
82 77
2 49
91 85
32 97
52 98
51 25
64 54
60 4
66 37
19 62
59 45
85 38
98 33
51 87
45 11
13 13
15 90
99 24
30 22
42 30
50 1
55 71
70 49
24 43
36 91
55 31
69 41
67 78
49 83
73 23
72 95
66 90
51 25
90 23
77 34
84 13
31 87
39 45
22 92
93 11
4 75
18 83
63 59
50 24
19 7
46 59
43 85
63 13
20 31
21 85
41 100
90 12
49 3
23 67
20 68
74 70
50 99
24 8
62 5
49 24
93 52
94 19
36 43
96 25
14 83
68 64
77 24
34 52
65 24
88 5
47 1
94 43
75 3
34 18
47 53
83 29
94 29
41 89
3 55
30 74
45 92
92 73
8 4
27 91
59 55
13 69
14 97
71 96
34 33
30 47
99 81
53 62
73 77
15 85
93 91
52 6
43 57
49 62
80 84
48 40
33 97
18 38
27 83
3 42
78 28
79 36
44 37
34 78
3 66
62 22
20 14
53 20
87 44
26 79
68 32
39 66
6 1
52 90
82 37
20 42
13 7
79 4
83 64
29 59
38 76
11 65
20 68
48 43
3 7
96 88
93 90
38 71
18 4
4 17
62 60
12 54
40 68
65 44
34 57
68 81
39 50
72 45
32 83
51 96
79 85
12 62
98 25
50 6
34 98
15 27
84 58
14 19
72 15
97 72
1 10
39 80
9 37
4 62
29 66
41 48
59 61
40 65
10 55
2 10
77 52
77 10
91 45
90 57
49 9
76 33
34 90
43 96
97 40
75 7
18 9
24 87
58 97
98 71
63 50
11 8
46 52
65 59
38 91
87 87
1 15
78 27
45 96
11 8
8 26
54 61
53 90
33 13
8 73
14 47
76 48
81 67
59 88
86 5
26 92
44 91
35 65
65 73
64 44
31 18
80 46
36 11
82 4
14 57
85 79
18 15
54 41
40 51
46 93
11 35
87 22
70 57
92 52
33 49
93 48
35 70
98 30
58 61
9 6
86 14
39 20
52 61
92 40
60 84
81 97
62 13
81 99
77 17
37 86
50 85
81 97
49 66
28 13
61 79
70 73
3 32
60 83
28 95
29 94
36 63
33 51
40 75
72 87
65 82
16 87
69 87
32 58
57 7
22 2
99 71
70 99
81 27
19 90
70 49
38 17
61 86
19 13
83 49
39 97
89 43
24 78
16 97
59 77
23 78
12 72
71 42
72 74
59 74
83 44
34 40
67 43
72 14
41 9
70 34
97 25
21 71
67 84
40 39
18 65
51 68
66 14
47 69
98 63
38 32
62 4
50 78
28 29
14 93
94 49
42 67
61 44
31 86
44 51
18 85
97 71
2 45
38 28
60 89
4 24
18 96
54 36
53 67
75 9
85 23
4 3
43 5
21 98
73 62
100 6
100 28
33 37
6 97
1 27
96 12
5 22
54 33
10 15
61 5
46 3
100 57
56 53
9 56
61 14
23 28
73 53
91 16
46 78
86 13
23 6
40 49
18 40
77 87
3 2
59 53
20 10
88 67
75 41
68 34
36 84
38 34
50 30
20 85
83 56
29 63
61 4
29 82
45 89
84 51
61 74
26 5
31 89
22 47
70 53
4 70
99 48
53 86
6 49
44 6
75 39
12 51
1 11
79 7
52 48
58 79
48 65
23 52
39 35
13 84
32 24
55 77
52 17
99 32
59 55
60 92
68 49
78 70
41 68
2 54
11 69
19 43
64 58
30 71
1 83
10 2
48 62
49 75
51 50
24 64
76 27
48 46
79 98
95 72
59 54
47 5
34 33
46 36
76 72
70 94
99 32
86 84
74 39
34 41
86 100
17 59
24 71
4 43
47 21
83 81
63 27
11 31
20 97
15 94
27 23
52 25
42 13
71 81
62 32
71 89
82 9
90 84
20 38
52 21
88 41
14 71
22 90
54 27
27 44
89 17
55 32
7 92
11 44
98 48
53 69
4 51
11 93
57 91
36 43
41 66
83 59
79 91
8 90
72 97
61 12
58 18
92 41
22 50
35 48
65 30
19 43
36 24
53 3
79 3
39 38
16 79
48 77
81 46
77 85
42 6
17 63
14 69
70 89
35 40
7 10
56 21
18 66
66 85
45 69
18 91
81 92
26 57
17 26
35 36
33 30
53 71
52 64
8 25
39 12
20 99
12 41
16 19
24 10
51 69
63 17
97 44
29 45
43 60
46 4
21 39
26 92
77 43
56 74
87 69
70 26
15 56
78 45
86 43
70 92
83 69
21 26
21 83
71 16
38 69
9 39
64 58
50 91
72 55
30 10
20 12
4 42
70 47
16 76
21 39
75 18
49 2
62 76
28 24
54 21
75 43
47 60
90 70
40 56
99 43
34 4
4 40
38 91
56 81
57 12
28 24
23 15
9 76
67 1
96 16
81 68
33 40
21 77
4 61
85 12
62 5
89 49
81 48
76 85
97 89
52 56
42 63
3 54
98 92
45 40
36 52
78 35
31 93
26 75
77 3
72 63
89 26
70 93
21 40
48 25
88 37
13 31
22 96
94 15
9 34
90 14
80 97
65 13
17 87
65 46
61 55
6 84
44 21
62 12
9 80
43 61
56 46
59 30
27 94
17 27
84 69
46 35
59 20
92 22
76 26
76 10
32 35
72 91
53 26
92 61
52 45
86 60
89 6
81 42
58 17
48 51
93 47
14 38
32 72
63 46
30 30
28 81
89 32
40 89
98 7
57 28
82 4
24 67
45 97
79 76
58 30
37 21
50 84
11 32
6 16
94 60
32 85
26 22
77 5
48 94
8 72
28 99
98 79
85 91
55 64
75 42
96 95
89 15
61 12
74 80
52 72
2 96
40 76
98 47
64 12
35 17
3 22
6 11
60 79
52 46
63 24
60 52
94 23
60 15
12 62
74 24
56 53
74 78
58 6
63 73
76 82
37 29
28 31
8 74
4 71
100 47
96 49
56 22
36 94
80 43
44 17
89 16
81 9
75 82
19 20
54 37
95 15
72 56
61 56
8 100
22 51
34 78
65 27
77 64
55 36
77 56
9 32
50 27
66 8
56 83
2 3
92 34
80 28
36 33
70 26
29 93
28 55
40 5
47 98
66 52
6 30
32 17
25 41
10 66
76 34
14 54
47 48
43 14
80 46
18 41
10 93
98 76
52 80
26 67
69 56
62 62
64 54
2 3
79 97
37 68
49 49
95 78
44 10
42 15
3 34
1 95
70 43
62 30
25 67
91 11
79 82
92 79
14 54
91 13
27 41
30 7
49 87
100 44
37 72
27 36
61 86
75 14
13 3
47 52
18 72
20 89
34 8
5 21
62 41
27 14
24 87
36 84
84 28
52 57
49 22
43 37
79 30
58 11
2 3
63 43
56 15
96 92
14 9
17 20
56 5
26 21
41 48
27 62
15 86
10 86
100 89
65 16
37 88
96 66
88 81
9 16
40 34
23 77
58 83
42 51
20 67
89 73
21 82
47 17
12 18
53 26
75 52
61 85
55 63
96 79
94 85
19 73
6 3
31 70
97 26
89 42
29 6
17 66
41 56
17 30
57 72
27 73
52 53
94 21
48 70
34 100
44 54
79 61
97 46
68 84
43 25
57 5
4 60
12 75
1 16
85 35
38 38
86 85
21 79
30 43
7 41
83 58
66 57
72 66
19 78
82 70
39 6
52 41
68 4
90 9
77 4
51 7
92 21
40 11
84 37
62 5
10 76
12 1
20 79
59 61
91 100
73 14
24 91
49 2
21 51
67 12
12 6
100 35
9 49
11 98
95 99
31 94
89 53
74 99
70 66
17 23
84 70
69 32
64 44
6 85
87 28
81 53
13 86
6 74
44 81
88 87
36 81
51 4
81 64
85 15
35 75
59 31
1 44
46 85
24 30
90 46
56 93
39 70
40 86
35 99
23 7
2 24
58 66
85 13
91 71
55 99
71 37
73 34
90 63
88 10
49 55
6 92
78 50
49 19
5 93
20 32
9 52
97 81
43 54
45 79
8 12
44 62
8 40
74 63
81 71
14 49
38 47
71 66
84 100
56 82
28 63
60 68
59 9
32 53
19 58
75 19
16 72
54 21
69 89
72 62
49 72
52 68
75 94
40 69
64 96
89 39
83 71
70 47
35 15
46 67
17 8
100 62
61 17
56 10
72 63
63 38
71 35
83 66
38 63
30 70
46 37
80 59
48 35
55 16
28 98
10 70
65 62
48 81
48 2
69 6
32 14
28 68
68 36
85 88
12 24
46 100
70 22
14 89
53 27
60 56
82 15
80 41
79 68
51 26
77 43
9 40
35 75
46 71
2 42
3 91
6 36
2 72
60 2
58 92
60 68
72 81
12 81
64 43
84 18
37 9
94 30
87 40
60 97
80 18
44 51
60 48
17 48
5 66
19 68
2 73
68 17
79 2
92 76
24 54
48 66
37 15
91 20
44 23
88 74
7 4
83 98
54 89
91 57
45 72
5 6
25 50
79 1
13 38
39 56
66 80
28 30
77 60
20 65
44 60
22 68
68 51
33 4
38 88
30 80
28 100
66 12
74 26
3 83
13 49
7 73
40 85
38 41
25 66
61 13
12 67
80 60
48 40
41 10
95 51
96 87
31 34
60 58
57 80
64 73
37 65
88 16
85 25
78 25
85 65
91 96
58 8
27 89
83 25
87 1
38 13
81 36
22 43
67 47
16 98
6 13
45 29
69 57
66 42
75 42
1 45
24 19
62 68
75 59
86 86
97 76
29 70
31 40
58 54
37 12
32 14
14 84
19 14
65 30
38 56
69 74
14 36
73 69
8 26
34 23
48 24
22 14
84 33
55 34
28 100
93 13
48 22
71 93
99 54
78 26
35 39
11 25
83 1
57 6
38 16
53 55
10 74
95 80
100 50
61 73
58 68
73 57
57 68
83 81
68 52
11 67
11 69
96 99
40 87
36 72
78 44
12 75
36 30
93 100
7 94
50 71
1 12
16 41
3 69
30 24
98 36
64 31
21 89
14 1
41 85
51 44
98 32
82 75
37 23
28 38
40 98
67 12
12 27
15 12
51 48
20 27
9 29
67 8
86 91
81 22
50 13
88 6
62 31
27 16
57 52
49 27
68 27
91 36
64 34
32 84
39 34
26 93
34 3
25 12
71 19
96 100
71 9
91 16
22 20
38 51
12 62
89 30
7 26
51 35
24 36
42 39
41 43
14 95
26 96
52 8
45 74
17 24
72 44
100 32
37 51
78 75
68 23
81 23
42 10
40 5
74 4
98 79
85 85
60 20
31 2
76 63
70 93
6 44
43 43
97 12
26 34
5 93
17 5
30 15
68 11
75 68
93 34
41 65
93 71
53 91
15 84
81 52
17 57
49 31
63 1
99 89
75 93
48 49
98 53
39 81
48 16
23 36
17 62
69 98
15 85
78 70
82 81
1 49
79 13
11 35
86 100
80 69
67 48
87 53
40 78
25 41
93 3
72 55
59 23
89 7
97 45
14 58
42 65
22 24
78 20
76 18
29 42
5 8
21 43
21 13
73 87
42 87
22 81
34 54
74 2
47 61
74 95
39 45
6 33
79 93
6 53
57 71
100 69
27 63
10 99
33 20
29 31
73 82
48 98
26 13
9 4
9 80
36 74
29 65
8 29
2 58
28 33
35 63
11 64
62 30
44 53
27 14
66 16
92 67
56 55
89 74
53 35
76 36
95 63
23 35
60 38
46 98
96 95
58 41
67 26
78 47
54 79
55 23
79 7
29 47
13 14
34 70
83 33
43 10
94 1
70 66
4 4
65 91
61 65
36 50
30 82
19 27
88 95
77 46
87 33
16 51
98 62
81 21
46 45
21 67
85 50
25 19
17 95
48 21
18 15
24 69
31 63
28 68
90 56
38 24
99 17
14 3
50 77
83 96
29 16
1 69
23 13
85 14
61 2
98 63
63 10
10 13
75 53
37 86
16 64
33 82
71 88
58 91
27 39
8 68
51 47
31 96
99 49
10 18
92 45
15 63
29 24
90 69
100 25
98 2
36 8
62 25
52 75
43 100
9 39
77 46
60 3
55 58
46 79
84 85
5 75
48 88
72 47
70 87
21 4
12 1
17 77
58 93
31 79
76 79
7 13
99 42
98 14
82 9
83 18
48 73
46 52
94 20
6 30
13 14
8 15
41 53
49 54
46 54
25 99
62 63
20 76
63 73
62 42
29 4
68 48
30 6
63 2
84 38
83 2
12 31
12 34
45 22
75 44
11 73
13 18
48 45
50 91
46 66
98 5
70 82
22 38
73 70
97 78
76 96
55 37
47 70
12 64
26 57
88 86
70 4
99 93
51 15
86 92
20 15
85 36
19 98
17 81
43 18
50 66
7 40
51 7
14 76
85 26
93 27
8 17
47 25
37 96
43 6
4 37
76 33
30 85
46 63
49 67
75 46
7 2
52 78
9 45
22 60
13 12
98 60
100 3
4 84
78 54
22 75
79 50
94 72
42 76
36 74
96 73
43 92
92 13
23 68
19 43
1 48
22 66
70 8
41 34
47 33
88 28
16 84
20 57
89 4
77 81
16 67
97 5
9 74
4 56
65 86
93 82
38 10
75 59
25 39
14 79
2 22
30 58
21 35
92 27
24 66
60 79
75 94
72 61
62 2
13 29
33 41
75 23
36 17
72 24
53 7
24 89
28 11
15 52
70 35
51 6
85 53
98 36
1 9
93 54
71 6
62 64
62 33
65 75
82 82
77 47
85 39
5 29
5 37
27 48
8 24
92 43
66 74
57 6
80 26
84 45
7 68
57 7
58 79
42 5
60 36
20 34
60 76
85 35
40 89
26 38
83 20
21 69
60 37
75 75
36 33
44 38
89 54
32 12
99 97
4 13
24 1
50 35
99 84
69 33
60 34
59 8
95 35
68 24
67 32
98 53
48 45
65 89
20 74
23 8
93 75
19 87
70 98
17 25
60 12
70 36
26 40
16 13
57 84
9 38
93 41
75 88
45 69
44 71
39 13
47 17
98 29
50 32
86 80
65 2
30 97
8 100
96 15
72 97
14 49
61 22
73 37
39 63
10 21
36 25
11 44
82 52
43 59
19 60
65 1
93 19
10 31
20 35
78 60
49 99
73 37
19 48
65 95
4 4
27 1
97 7
78 41
15 20
39 4
83 29
21 100
56 2
95 66
32 18
14 57
17 50
72 27
28 72
1 78
69 91
68 79
24 51
9 31
54 47
65 89
49 28
98 81
73 39
51 15
29 12
46 6
66 54
63 8
90 74
35 42
76 21
13 77
80 38
2 18
73 30
97 69
16 57
65 7
95 83
40 36
3 78
41 95
23 39
24 8
38 40
58 25
84 83
64 39
37 38
6 14
26 70
1 100
42 99
25 50
43 14
39 53
71 20
68 42
63 7
49 5
13 83
65 23
47 27
3 73
75 28
93 61
1 12
81 19
71 83
99 78
74 25
42 69
88 61
53 78
34 34
60 32
89 2
31 10
28 55
11 9
83 14
31 72
90 40
15 35
2 44
45 50
63 92
66 82
42 69
35 39
94 11
79 100
78 53
71 55
22 35
40 38
12 16
63 46
10 22
16 82
97 80
93 56
75 73
50 45
35 31
41 5
87 70
8 22
21 73
76 80
85 29
67 7
54 24
96 15
18 68
15 55
100 59
15 75
77 91
2 41
64 74
10 23
47 57
5 54
58 33
56 79
80 45
85 51
48 2
61 39
81 71
100 88
79 90
78 56
23 98
100 47
34 98
71 4
38 41
39 70
64 39
81 41
4 54
69 15
50 92
8 31
97 3
40 61
69 52
45 84
29 87
57 74
99 63
67 80
15 25
56 11
34 12
75 46
89 6
88 25
23 69
14 91
46 97
13 31
54 72
98 1
29 11
29 5
80 58
81 71
18 53
55 88
98 58
9 47
48 62
56 6
40 35
59 36
39 35
32 43
16 76
30 18
59 84
45 95
28 32
1 94
84 26
66 94
44 100
91 46
33 38
95 27
29 77
37 41
8 25
60 98
5 85
62 5
4 100
50 94
18 64
81 23
79 86
91 78
61 39
48 41
67 87
17 1
25 50
39 87
80 97
42 63
23 99
73 91
96 14
47 64
2 35
46 74
69 31
60 28
18 68
68 68
52 24
33 51
31 7
14 55
76 17
53 87
56 23
23 1
42 63
64 75
24 84
23 4
63 98
38 17
77 88
82 62
87 59
55 7
34 98
57 16
11 30
86 31
93 28
1 46
94 88
37 75
46 56
61 97
84 52
3 12
75 50
90 69
16 24
87 19
75 45
11 62
53 26
47 11
17 63
3 33
83 61
99 88
20 46
69 60
85 49
99 54
90 1
65 5
7 76
76 83
96 4
56 94
40 59
88 94
15 19
5 28
45 1
95 21
93 67
63 8
64 87
8 69
4 65
84 36
96 12
87 58
51 63
43 75
16 46
95 54
41 95
72 1
31 48
36 52
87 45
73 94
3 48
60 35
100 90
64 52
67 67
46 70
34 28
68 59
68 2
27 7
11 73
80 68
93 22
61 26
34 87
72 4
62 53
44 50
82 67
66 83
28 55
89 1
96 61
5 6
36 87
48 11
72 15
84 32
5 83
74 1
83 66
17 1
64 79
39 35
96 87
3 89
70 61
12 32
50 76
68 56
15 7
78 49
98 55
32 77
77 16
35 32
38 19
90 52
21 30
94 45
97 46
71 79
13 95
15 77
53 61
33 79
58 29
62 58
29 78
60 75
76 72
31 47
46 38
59 97
34 32
89 98
100 62
36 92
32 15
33 84
74 59
60 14
36 97
20 36
84 97
65 48
79 81
77 33
73 38
81 3
40 59
17 11
96 95
57 35
96 79
20 64
78 92
79 18
96 52
19 12
46 92
52 92
23 5
46 25
59 52
99 69
7 97
31 63
50 61
67 20
79 85
36 61
6 38
53 85
83 24
32 70
72 76
79 70
93 48
18 26
98 59
78 40
42 32
8 68
76 9
91 92
48 82
92 27
64 56
62 9
97 83
12 20
34 33
60 36
26 83
69 48
32 66
23 34
24 71
73 55
48 61
33 72
80 6
97 61
6 91
13 85
59 64
29 73
99 90
67 25
73 68
5 68
90 49
85 70
27 20
63 90
90 45
57 4
66 16
47 33
60 45
24 20
88 21
64 10
88 76
63 37
6 22
74 87
95 52
57 71
88 48
20 11
95 96
25 59
57 31
55 74
19 85
35 37
77 3
28 15
3 33
56 32
19 91
95 4
24 33
61 63
94 24
29 63
65 37
65 52
60 42
2 25
89 40
71 7
8 2
36 62
39 17
54 51
76 61
27 73
36 55
28 80
91 23
39 28
81 42
55 12
22 30
28 51
74 12
57 60
33 67
95 57
8 28
42 38
50 34
27 33
24 69
98 35
76 91
31 23
2 35
34 23
28 39
40 19
25 33
97 56
37 65
73 70
6 53
13 53
78 10
74 69
12 44
51 7
72 65
81 63
43 64
9 78
56 51
28 12
92 54
3 3
26 7
3 64
13 71
100 58
37 5
22 85
47 24
28 88
30 59
52 100
25 27
7 6
44 40
23 71
52 36
58 73
5 89
37 8
38 93
