10000 70
100 27
49 47
33 29
4 91
94 4
42 87
79 87
3 65
34 44
10 30
5 11
18 37
95 33
43 4
66 23
49 64
31 91
26 81
37 81
44 77
24 44
52 99
63 99
83 40
84 81
60 59
22 58
34 20
58 79
83 59
86 73
82 85
44 60
17 90
85 40
77 87
89 17
47 17
41 37
30 63
98 77
68 41
66 54
24 21
42 58
94 98
94 46
6 89
28 5
63 11
61 60
26 6
12 11
65 61
77 88
96 87
37 58
87 47
93 38
58 53
90 48
87 26
84 90
13 51
51 39
52 68
58 20
99 97
76 2
6 24
73 89
61 48
35 46
78 7
61 62
35 77
71 29
34 51
16 19
81 55
71 45
52 16
12 65
100 67
72 90
86 83
9 71
84 23
98 41
85 19
57 94
43 24
85 31
60 32
78 28
58 43
73 35
79 91
65 42
9 30
34 99
4 41
36 88
85 49
8 66
76 9
10 29
17 2
32 95
4 97
58 63
99 39
61 38
17 23
78 85
35 96
37 55
95 86
17 91
10 18
17 61
7 91
66 61
7 84
13 31
6 45
6 18
94 94
46 42
82 67
82 57
5 60
25 35
76 98
26 17
98 81
82 14
57 32
91 28
44 59
29 70
41 29
4 83
63 67
65 21
14 40
60 34
4 4
70 71
90 27
36 39
48 21
79 44
48 17
83 39
8 72
6 65
12 81
48 37
1 12
3 47
10 6
62 24
24 25
77 17
55 1
15 99
87 87
88 2
40 10
27 39
76 5
78 59
51 50
95 36
56 99
42 84
46 84
89 32
38 90
75 10
9 81
88 86
93 23
32 83
35 91
100 94
56 84
12 43
14 94
84 70
66 49
35 42
7 56
79 3
20 92
77 32
40 89
30 52
73 54
26 25
20 66
43 25
24 22
32 31
13 9
74 32
33 90
36 53
65 31
5 11
80 20
75 68
49 76
100 14
69 19
31 80
97 39
87 91
33 24
83 83
76 39
56 20
82 77
72 93
26 24
61 73
93 49
41 48
27 60
83 88
20 81
54 54
79 69
58 63
89 21
17 3
52 12
68 86
44 53
75 83
44 81
90 27
34 25
32 44
56 91
36 20
15 48
11 50
88 59
41 79
20 35
54 23
81 34
74 41
83 90
11 48
32 66
48 91
71 18
2 69
86 63
39 35
30 42
6 80
72 83
76 92
48 31
47 28
62 99
10 78
74 85
94 29
1 90
27 64
43 96
42 46
34 61
20 3
86 51
6 64
95 64
98 87
38 54
27 28
71 59
23 53
89 53
76 2
10 50
61 27
94 79
64 64
59 36
63 44
52 4
71 86
66 81
40 11
49 28
39 63
80 65
5 14
28 70
39 59
32 87
99 47
67 74
22 20
75 69
10 74
67 7
30 28
37 80
24 5
95 39
38 58
7 64
59 92
99 35
59 28
64 100
25 11
86 81
21 70
1 84
38 51
67 41
7 99
9 19
49 15
31 83
31 21
27 24
89 44
70 80
20 65
17 64
60 67
96 54
5 54
58 36
76 70
55 96
42 83
36 64
93 92
84 45
48 24
4 91
71 28
74 88
93 48
62 68
43 29
99 24
73 76
82 29
26 80
53 71
74 4
38 86
17 37
40 2
91 11
93 30
10 68
55 34
51 26
51 69
54 53
68 62
7 61
56 55
27 89
63 89
89 20
32 27
67 74
46 65
69 12
83 59
74 24
43 55
68 77
25 95
58 53
45 57
57 18
33 94
23 100
86 88
10 66
91 6
62 35
30 76
99 26
13 75
30 16
73 32
28 20
89 14
41 68
69 50
35 8
43 74
14 43
60 98
95 45
74 5
46 30
100 56
65 47
65 97
8 65
79 61
6 9
4 18
4 35
12 61
5 20
67 35
13 25
76 59
4 64
21 62
77 12
23 79
91 16
39 46
67 38
3 77
39 62
10 27
64 63
80 69
83 45
49 34
19 34
20 2
78 32
45 54
69 58
78 83
56 4
84 61
94 89
41 79
74 1
55 21
17 1
15 77
1 47
2 71
69 60
50 80
35 86
37 15
50 41
30 61
25 32
49 27
89 26
79 51
9 99
30 85
51 84
100 33
19 66
41 4
5 100
7 21
30 32
66 58
23 57
34 89
5 84
9 58
27 38
90 84
49 89
88 26
64 39
59 34
11 48
56 72
38 14
18 24
60 59
92 48
59 56
99 85
53 62
29 16
62 8
3 62
81 25
15 37
2 15
78 36
56 60
45 86
27 9
29 4
100 81
9 31
28 33
50 66
28 85
83 12
67 96
68 49
73 21
68 72
1 68
60 40
19 26
78 39
90 76
39 42
37 10
95 47
28 7
29 74
28 45
59 49
85 4
26 60
39 10
3 38
34 45
10 49
93 44
47 46
83 70
57 37
94 16
32 15
66 34
88 1
38 57
64 83
8 19
17 16
35 25
36 31
59 91
33 63
100 40
19 47
14 51
27 80
7 66
98 95
59 21
93 51
39 76
31 99
100 77
45 55
96 67
92 45
55 1
43 23
84 34
46 10
91 61
78 27
39 37
3 45
75 63
86 83
93 94
2 80
30 34
59 50
32 12
51 15
56 27
58 54
16 94
51 11
58 72
96 92
56 53
91 93
51 64
87 81
49 95
75 6
20 29
56 16
1 46
21 34
39 46
37 98
56 26
65 87
53 3
92 85
65 26
19 52
63 66
50 93
59 4
18 70
4 16
49 67
18 8
65 100
91 80
81 75
93 97
23 45
44 83
33 76
4 26
54 55
43 87
84 50
6 79
17 60
4 89
53 43
83 51
90 84
80 92
68 95
66 37
11 46
40 59
94 49
55 4
87 33
57 53
46 34
91 58
34 56
85 57
34 92
39 9
100 75
35 50
63 49
43 62
53 89
17 43
27 85
78 81
6 99
40 52
19 86
7 17
81 68
12 92
26 34
43 33
86 89
32 15
84 58
98 59
95 76
86 39
85 2
69 26
97 18
80 75
84 29
54 80
64 69
53 30
46 18
56 23
19 36
19 72
51 10
35 53
5 1
95 62
5 48
29 45
36 70
61 94
9 19
11 74
22 52
33 61
84 47
16 51
33 68
82 24
42 40
14 92
22 33
60 67
98 43
43 99
40 84
90 59
96 20
21 59
66 50
71 39
17 9
13 38
88 11
85 84
39 35
10 49
51 73
28 25
16 62
66 51
93 69
37 39
28 60
20 77
81 59
57 63
18 53
4 2
92 71
49 91
35 86
67 41
12 79
22 60
29 27
54 86
3 32
41 1
86 9
49 14
99 14
36 4
87 90
79 63
30 79
87 5
27 94
65 73
3 43
80 2
83 7
86 98
65 44
1 39
1 61
8 90
75 70
60 82
39 44
87 21
22 31
68 55
84 2
97 30
11 94
76 36
80 59
15 65
45 78
30 14
100 57
49 70
12 22
82 5
86 28
69 86
25 96
86 37
71 28
28 60
98 79
43 62
97 21
81 27
31 50
61 86
84 34
40 86
64 72
42 69
45 57
50 62
23 53
40 18
58 68
83 53
69 62
59 85
60 4
58 91
37 57
23 78
83 35
38 8
47 12
51 28
27 36
18 93
86 70
37 4
43 35
5 6
92 85
53 19
29 91
35 30
50 39
57 50
50 96
78 47
52 96
67 5
36 39
53 35
21 11
10 74
70 35
6 71
51 41
39 51
90 54
79 72
9 53
76 20
63 82
43 26
61 87
24 69
58 17
68 61
17 16
61 73
71 65
92 23
44 72
66 21
1 63
10 3
80 86
51 54
17 92
5 6
6 78
32 56
31 48
89 1
62 75
4 85
93 63
28 48
39 62
30 79
46 24
11 70
5 52
44 26
42 52
72 87
76 52
39 26
64 46
22 12
63 1
36 92
58 51
4 79
49 96
11 85
21 4
53 41
70 26
88 17
64 50
28 59
6 81
53 11
81 81
100 82
35 2
22 83
87 43
11 35
31 30
46 25
6 14
99 71
13 98
51 38
39 2
34 86
87 83
17 43
79 33
92 61
82 56
85 2
51 75
51 24
31 93
17 35
16 12
70 20
62 73
61 80
25 4
67 86
67 62
92 92
54 63
54 84
75 20
10 24
72 34
56 52
11 15
28 57
18 21
26 2
26 71
51 93
77 100
52 52
6 38
5 22
49 49
45 40
53 93
24 74
93 31
35 49
89 44
39 23
29 75
87 8
30 30
3 30
73 90
21 86
66 86
82 7
74 53
35 33
46 14
47 46
16 68
43 69
9 69
1 10
81 63
87 31
99 79
45 69
21 28
66 51
17 31
40 29
28 47
83 22
50 76
59 88
75 72
86 34
96 70
16 65
40 49
30 65
84 52
88 85
54 37
6 67
77 84
36 25
9 88
33 67
18 4
4 36
42 98
83 16
55 47
59 27
19 81
96 14
42 61
54 74
32 72
66 48
18 40
48 24
72 41
37 55
78 80
33 9
70 19
70 12
68 95
28 92
40 33
10 38
79 86
39 10
23 15
72 49
73 1
98 91
49 49
18 5
54 30
88 15
31 65
29 27
50 8
10 15
51 81
88 22
17 35
36 46
42 29
21 34
16 74
84 96
9 90
18 14
23 36
41 77
8 18
80 10
13 65
91 18
94 84
25 45
64 99
73 75
73 34
51 99
98 28
13 50
7 99
75 99
34 47
18 8
80 41
32 94
79 43
21 1
59 79
83 79
76 40
31 76
53 50
83 18
78 22
37 45
4 39
66 60
72 51
93 63
59 48
17 23
96 13
61 90
84 24
56 85
60 52
67 23
9 48
79 95
95 84
76 92
12 86
18 30
38 45
34 34
55 65
58 10
14 44
37 34
56 70
61 13
12 7
59 10
12 76
26 39
4 48
3 69
23 57
71 60
10 50
83 6
10 94
55 27
100 44
63 36
94 92
80 16
9 75
69 93
25 92
49 13
69 56
85 72
37 44
2 61
16 67
37 25
61 18
87 10
57 49
38 4
52 97
56 70
28 34
82 88
11 78
72 41
8 38
37 48
41 64
9 52
42 25
48 18
7 68
100 10
44 84
62 49
31 88
18 11
29 13
25 67
59 27
78 12
30 56
40 39
56 52
71 26
70 34
99 90
85 22
12 63
46 26
20 5
44 52
61 91
52 37
77 97
5 56
83 85
88 96
27 1
37 99
36 39
93 27
61 89
65 79
39 88
51 37
98 29
78 68
62 15
49 80
30 26
43 82
16 26
75 7
29 86
52 66
93 41
21 1
78 46
86 48
28 3
78 35
19 63
15 70
33 25
100 23
10 49
12 40
91 69
25 13
39 75
28 3
19 75
91 89
74 56
49 76
34 97
4 53
5 7
37 18
77 39
85 7
69 48
17 67
67 91
29 96
92 50
52 17
76 90
68 31
71 77
24 12
91 64
30 6
2 36
25 54
55 60
40 21
52 15
41 92
85 70
52 11
78 82
20 74
30 80
75 80
1 89
7 97
14 82
8 93
61 13
42 91
81 28
64 64
96 30
24 36
10 6
23 78
95 9
47 5
2 26
86 22
50 56
89 2
68 77
16 31
79 58
86 38
19 62
33 20
16 48
79 21
74 91
97 33
6 31
67 77
98 71
29 59
53 5
7 68
36 65
42 51
78 83
23 87
68 98
79 86
42 14
41 78
89 86
22 12
77 37
55 46
95 90
25 25
34 36
79 38
10 31
61 90
30 83
73 86
98 49
57 36
66 13
50 80
11 22
52 28
69 88
52 41
53 88
35 21
13 84
58 88
49 52
83 31
26 18
35 41
13 19
30 59
32 28
47 15
73 60
82 34
46 96
95 57
42 21
3 5
1 82
84 34
89 61
12 66
84 13
86 93
10 16
89 79
61 60
99 76
66 79
64 12
87 99
32 1
54 97
92 69
55 42
79 24
80 59
94 82
6 98
61 78
85 85
86 87
22 37
21 62
31 33
82 26
25 56
70 68
51 82
60 77
26 22
88 75
83 49
82 79
70 19
6 37
98 27
98 10
82 80
32 29
44 62
82 42
32 8
12 55
85 54
47 11
38 20
46 22
3 54
45 21
8 78
70 35
68 94
60 18
20 82
19 92
60 13
54 51
58 50
71 41
15 73
61 30
69 27
100 74
75 73
78 41
31 8
19 96
16 19
71 8
38 10
47 45
96 77
5 7
65 54
92 47
15 93
99 80
47 47
55 46
27 4
36 33
23 29
50 78
46 81
7 78
38 49
48 26
40 92
86 84
19 80
55 10
72 13
47 33
54 56
70 1
65 57
12 92
80 51
36 54
19 43
18 60
14 97
47 25
22 35
25 10
51 52
61 81
75 45
81 68
55 89
82 22
87 70
1 98
58 54
40 81
88 20
9 29
6 100
71 31
62 62
73 61
71 9
90 12
62 2
1 100
72 97
60 11
2 65
56 53
77 12
26 84
12 42
29 16
57 25
69 28
64 77
55 82
64 68
16 61
54 62
31 53
17 6
85 9
41 96
100 83
86 98
8 45
59 51
46 99
88 15
68 30
47 21
43 86
99 61
29 68
55 27
32 89
43 76
49 76
95 61
78 46
44 93
81 53
11 43
55 16
38 46
62 37
36 51
45 37
17 50
81 29
99 67
14 85
7 86
28 45
58 36
55 6
21 89
35 92
66 36
15 59
14 41
11 13
50 79
7 73
93 64
53 23
5 16
94 5
90 27
70 78
12 82
1 19
65 14
2 40
22 86
71 16
49 38
27 77
91 57
83 93
97 77
90 76
36 23
81 87
59 71
26 57
61 83
52 48
35 97
12 24
85 5
34 8
23 7
38 51
2 37
3 15
3 50
39 70
90 59
93 91
64 24
69 61
5 3
46 77
23 29
59 56
71 89
29 51
17 5
95 14
92 43
98 86
80 5
72 83
16 65
30 39
59 42
57 52
80 91
54 39
78 11
9 70
33 39
66 59
10 63
88 89
23 41
78 20
2 67
74 32
35 81
63 56
31 59
59 36
10 95
62 56
53 64
60 16
77 19
54 76
98 69
70 59
87 42
61 43
97 88
18 57
31 82
67 91
90 6
5 66
54 13
60 3
91 87
92 14
43 80
68 82
47 83
58 64
54 83
34 63
9 68
84 30
10 98
48 89
54 47
33 77
24 30
92 81
2 11
65 39
79 53
54 63
19 11
96 69
99 16
40 22
84 53
93 93
32 98
32 26
59 78
62 97
69 16
83 66
53 26
54 30
74 94
22 33
14 77
24 48
20 97
90 36
28 20
83 35
24 33
15 8
45 1
95 30
78 50
64 17
69 46
40 25
94 78
32 65
69 52
55 41
27 90
30 39
77 11
6 44
58 42
34 92
20 81
33 47
50 72
79 88
20 80
63 62
48 96
68 64
85 44
48 43
97 65
97 11
62 19
3 1
45 66
78 94
75 79
95 96
3 17
25 1
26 27
33 82
58 10
19 12
28 53
78 51
94 77
98 69
48 23
91 14
61 53
70 93
5 85
57 100
13 36
27 48
12 88
56 60
53 99
73 89
44 100
17 87
14 76
57 99
86 7
5 71
4 19
99 17
20 63
93 28
39 31
2 53
60 60
14 100
49 28
58 61
56 79
89 66
38 83
52 14
100 21
98 78
67 21
99 15
4 66
1 66
50 78
6 7
95 25
22 15
45 68
24 78
64 60
29 93
37 20
9 37
22 78
50 75
94 12
51 81
10 50
84 64
72 19
96 30
30 5
94 54
4 81
8 87
41 13
78 38
38 89
76 22
51 53
94 55
11 11
69 18
86 5
5 80
8 62
42 45
57 60
5 63
71 61
45 79
9 60
21 42
37 40
42 55
29 48
35 98
38 41
33 48
83 47
62 70
73 20
75 48
29 65
86 34
92 8
54 45
42 43
30 46
77 76
6 39
100 51
22 67
12 43
24 55
62 72
76 78
29 4
37 68
88 90
78 74
55 33
25 71
39 96
31 88
6 83
27 38
35 31
84 54
30 69
2 20
79 4
97 28
68 98
30 5
62 96
57 57
24 35
57 36
81 21
27 93
70 34
25 15
85 36
11 5
24 8
69 9
70 48
58 81
22 55
45 10
45 48
12 57
78 27
60 14
91 39
46 72
88 46
45 31
25 14
2 61
58 27
96 78
96 33
32 91
41 6
69 7
34 20
83 67
71 23
88 50
17 98
40 76
10 92
46 23
74 77
20 9
81 22
81 83
78 93
37 4
17 83
86 26
82 65
44 48
19 21
27 80
38 68
81 65
30 77
69 63
79 49
40 60
46 44
56 18
26 21
28 17
71 74
62 19
29 95
49 9
10 26
7 20
26 86
53 54
89 16
31 86
63 28
86 25
74 17
28 58
14 57
54 66
4 95
19 54
63 55
11 4
38 43
63 16
18 55
21 43
20 8
2 2
48 92
56 57
62 81
90 21
64 21
57 89
46 35
30 81
77 49
24 9
14 11
59 1
31 98
42 21
56 26
86 79
78 70
68 90
62 52
6 1
73 47
42 45
66 66
84 71
47 99
54 67
51 65
20 25
10 75
83 3
96 40
5 32
44 94
87 15
84 69
82 37
65 52
73 1
83 37
54 16
29 25
35 71
1 41
50 61
8 40
22 58
92 52
40 32
19 7
47 2
38 17
52 8
43 35
56 16
25 86
19 7
72 92
43 46
84 53
20 47
67 36
30 58
8 28
18 99
44 74
48 21
6 70
24 53
51 78
6 38
51 57
37 45
29 19
44 52
21 68
76 5
3 67
83 17
33 97
14 75
30 31
45 100
37 38
86 30
28 81
2 87
23 40
13 46
14 25
11 21
13 14
23 87
92 44
12 81
89 76
73 69
97 43
45 87
38 87
74 51
57 20
94 1
40 35
83 25
3 87
44 77
98 20
15 3
6 16
98 50
6 57
44 85
11 67
100 21
14 68
58 35
99 41
72 83
76 34
35 47
52 50
96 87
51 67
36 3
39 86
34 67
24 82
27 94
1 69
77 67
82 89
80 63
54 56
59 6
9 53
91 24
44 79
92 59
66 39
93 79
94 50
59 21
98 34
83 66
5 1
31 70
8 9
66 62
60 48
66 63
19 99
32 17
14 65
17 56
29 70
58 38
26 29
1 19
22 34
31 82
48 56
30 100
5 2
71 35
70 4
41 5
4 93
68 88
86 79
50 79
73 84
27 67
7 58
53 24
64 89
56 32
54 27
69 55
5 1
46 64
11 29
7 8
46 5
92 88
60 80
83 54
72 90
86 67
47 17
49 6
31 13
94 8
37 28
54 71
93 67
40 53
11 72
71 72
43 57
14 30
19 71
85 83
32 58
92 97
10 61
65 62
82 21
28 86
48 67
1 35
21 75
79 99
99 39
20 90
50 59
53 14
83 32
81 65
83 52
19 61
63 84
83 79
91 62
41 93
38 25
82 66
33 5
52 14
8 86
11 66
61 36
41 60
37 84
39 66
64 81
54 9
26 76
1 73
92 90
97 9
80 45
41 72
18 98
72 25
22 58
75 26
50 27
72 18
89 61
4 82
66 13
2 43
93 6
40 96
16 3
79 12
98 79
100 24
16 36
39 18
58 85
73 33
66 15
26 9
53 84
68 78
73 76
85 100
25 34
57 67
60 52
10 94
62 39
24 9
14 24
5 71
65 3
64 62
4 73
6 7
71 99
59 22
38 29
46 23
85 37
22 70
28 94
75 14
25 89
92 8
83 46
36 45
2 48
7 56
83 27
38 100
64 25
3 63
86 25
31 41
72 44
79 30
7 27
74 7
70 57
70 29
19 88
11 64
72 86
42 10
8 94
55 11
13 99
48 10
47 26
12 97
10 22
59 18
23 61
48 68
15 70
24 53
31 6
24 65
22 40
57 25
48 61
13 82
52 43
6 11
58 81
30 59
67 71
97 95
80 100
67 97
4 61
32 8
48 23
19 35
85 91
90 27
28 59
57 74
59 90
53 90
90 89
77 8
6 78
51 72
80 91
11 88
23 19
87 84
91 84
99 83
27 72
41 36
6 11
2 69
85 39
34 12
42 75
10 32
79 59
96 72
64 20
15 91
65 12
90 46
66 26
20 27
27 96
78 5
78 26
32 81
72 1
6 55
33 89
62 9
93 63
54 90
50 84
77 8
88 33
3 16
83 92
71 79
33 61
23 96
39 17
44 19
82 43
3 19
57 4
17 7
58 20
83 66
12 42
93 41
67 49
46 45
19 36
12 89
76 2
46 89
62 65
19 45
91 45
52 3
95 58
85 61
47 54
99 60
49 10
42 68
7 34
14 12
50 30
91 44
29 44
100 43
50 32
17 44
49 100
96 87
92 90
10 18
71 53
77 85
13 41
79 70
93 58
18 81
97 47
5 28
3 31
71 100
90 5
9 14
36 26
94 85
38 44
65 95
80 65
18 24
37 53
8 72
19 65
46 29
63 3
15 19
93 21
70 66
26 26
79 36
78 12
71 64
75 91
72 69
76 73
43 12
98 100
24 39
99 98
31 5
16 50
38 77
50 11
63 93
63 59
39 9
4 71
11 12
74 77
53 79
39 62
94 52
68 73
78 17
69 34
54 82
52 59
13 29
1 76
84 51
85 19
54 75
66 25
100 50
36 100
59 91
86 92
17 15
87 72
17 92
83 46
41 60
7 29
28 75
54 65
36 84
53 61
59 90
97 1
91 40
70 93
76 74
36 24
30 15
24 8
7 52
80 45
66 23
59 56
39 9
54 77
13 24
19 34
68 58
79 34
10 76
3 44
86 27
66 6
42 20
84 15
74 73
30 21
48 69
93 14
43 31
87 40
73 57
77 98
41 50
47 17
49 32
54 23
8 88
99 92
49 71
10 64
2 20
16 41
30 34
28 93
8 7
46 96
9 28
76 90
24 63
90 85
4 92
73 79
84 39
94 80
82 51
14 61
84 62
38 37
71 95
20 72
58 44
10 56
99 22
69 19
94 96
51 21
33 69
23 89
25 86
9 77
24 87
8 82
42 58
54 43
13 28
58 83
39 68
54 33
57 21
61 40
74 62
69 9
96 69
3 28
57 17
34 39
5 34
28 51
68 35
46 46
71 35
67 20
44 30
81 77
93 19
44 98
1 88
45 60
47 85
72 46
43 50
71 43
9 51
32 7
49 46
93 37
70 38
89 64
44 82
35 19
94 5
27 99
70 42
50 36
70 36
86 75
46 99
74 7
61 28
83 39
3 83
53 19
85 65
89 3
88 55
99 17
26 7
74 51
95 35
2 86
7 71
36 64
38 89
89 17
82 76
66 15
93 35
94 15
15 44
80 40
95 8
13 55
91 67
69 1
16 62
45 59
56 93
83 88
50 28
38 37
17 83
67 14
48 66
61 11
52 54
5 29
47 45
38 10
39 86
71 58
50 20
76 7
84 63
93 22
89 38
44 15
58 13
73 97
5 67
82 5
92 87
73 5
42 87
28 71
14 20
31 65
63 80
57 91
88 66
59 10
94 29
6 43
4 75
31 45
67 64
45 87
45 94
7 99
97 4
74 79
39 94
77 49
85 55
41 8
30 1
32 58
65 79
53 88
20 49
53 40
49 65
41 27
1 32
15 50
41 83
63 70
25 60
7 75
77 46
57 10
52 24
73 2
88 75
33 86
60 77
11 73
98 26
5 14
52 18
71 6
96 29
45 68
51 68
58 19
49 82
48 40
90 80
87 74
2 74
58 100
9 67
90 89
82 1
67 41
79 32
11 90
47 51
58 1
23 95
17 7
80 45
19 15
79 28
60 9
77 83
69 66
75 96
49 67
67 15
6 66
75 49
94 87
31 55
78 12
99 33
19 56
19 10
89 75
88 69
20 82
92 35
99 15
21 38
27 57
76 5
4 83
72 32
59 27
52 75
50 93
64 83
84 18
45 90
83 17
25 40
81 15
15 63
80 2
48 25
92 21
33 69
60 4
96 99
62 36
12 43
20 41
14 90
96 90
66 83
7 57
48 90
100 63
11 30
19 2
33 71
10 46
77 13
6 100
69 83
72 74
87 26
67 69
93 32
39 45
46 18
6 5
93 42
68 60
30 8
74 63
23 62
70 2
19 69
86 44
52 48
60 76
38 62
66 62
60 98
33 7
50 21
43 52
52 12
70 12
93 18
3 34
27 57
13 12
73 44
9 86
27 50
9 94
61 58
93 88
40 11
46 20
91 93
37 40
3 60
10 65
5 72
41 50
36 14
77 55
54 40
75 83
98 70
29 94
12 65
17 44
37 34
93 50
48 52
60 65
13 62
41 34
44 2
12 15
61 92
37 94
79 52
84 76
94 13
11 17
21 62
22 32
2 45
69 3
49 59
56 18
13 83
96 16
64 91
55 29
29 61
89 19
15 90
18 55
72 88
95 8
28 18
38 60
3 99
46 36
3 26
33 16
49 36
35 83
14 17
1 43
44 2
32 66
20 77
86 5
94 94
88 76
84 22
30 47
86 81
9 59
53 1
57 58
88 52
21 16
69 23
29 66
3 20
75 31
1 90
79 100
38 3
59 90
93 6
56 73
35 78
74 42
76 65
90 100
15 100
59 41
18 58
30 96
78 68
1 32
64 25
67 59
95 26
35 54
98 88
76 24
77 47
44 16
81 8
90 31
4 86
92 91
36 16
37 12
35 66
51 70
57 98
33 74
17 81
21 16
50 48
87 47
12 21
73 61
40 53
99 31
43 87
81 73
83 58
27 21
98 10
43 32
46 85
95 83
6 52
35 90
48 63
93 11
88 18
89 2
36 79
12 21
67 79
89 5
70 4
40 20
26 66
23 91
65 8
38 27
99 22
39 10
76 35
36 15
81 76
10 44
9 95
87 35
22 44
19 48
34 56
27 41
36 19
75 23
100 91
51 32
27 84
36 16
95 97
8 89
91 56
56 88
94 45
35 5
100 24
95 1
40 47
31 51
67 86
40 57
79 35
43 55
45 14
69 32
37 72
84 49
54 98
26 94
12 71
83 11
5 85
5 45
70 88
53 53
97 5
55 28
43 7
77 28
75 8
3 80
61 57
55 64
5 63
95 48
68 26
61 79
40 29
87 96
13 54
74 56
90 11
85 51
24 64
48 64
91 30
40 28
84 10
55 68
63 10
33 52
95 100
44 52
83 57
24 89
62 43
52 51
12 40
48 82
55 16
12 37
91 89
88 86
67 54
53 55
46 100
100 42
8 78
39 22
29 61
81 39
60 29
34 91
58 9
78 15
14 100
9 66
9 48
63 78
29 86
58 85
63 95
8 46
63 48
29 97
72 62
5 84
7 97
93 48
98 78
55 67
37 30
94 68
71 32
66 77
43 50
30 58
62 15
60 59
1 16
59 33
59 75
95 63
79 87
21 3
42 19
62 18
88 100
17 60
76 97
8 73
48 1
91 96
61 79
29 45
95 57
84 33
3 30
83 25
50 98
54 51
66 99
94 52
50 33
66 27
46 28
66 38
39 27
50 61
76 86
25 46
43 5
24 9
48 68
43 46
16 71
86 28
20 9
43 51
33 96
27 89
12 22
7 100
36 30
19 45
77 33
18 6
77 56
44 100
28 59
8 49
13 74
73 9
78 63
66 90
73 6
71 29
57 63
91 23
79 95
23 31
33 9
23 73
64 8
17 69
81 86
71 77
87 97
7 38
12 6
30 81
71 45
47 17
86 94
68 93
19 7
20 20
62 17
96 38
77 5
96 34
48 84
18 60
13 92
1 60
20 81
13 3
36 23
4 63
30 57
13 43
44 73
12 25
70 98
13 90
39 94
75 14
79 72
68 12
59 54
86 50
1 37
32 18
72 78
24 60
61 1
5 86
64 76
63 69
70 34
6 69
8 58
18 98
5 71
88 22
57 64
29 76
52 42
81 59
54 20
66 50
67 80
82 86
49 28
26 57
79 11
24 41
86 95
66 69
2 21
40 80
93 84
24 17
3 94
7 39
36 64
78 31
38 73
77 1
19 19
51 82
57 23
85 21
32 26
10 50
89 45
89 20
10 51
7 75
41 80
43 64
78 54
68 64
90 15
59 45
22 87
64 34
14 58
58 96
62 7
80 59
35 63
63 79
58 67
67 65
55 40
54 24
32 54
71 99
24 78
86 4
97 20
6 25
44 48
15 73
2 46
87 55
13 1
42 36
28 29
15 9
26 6
91 80
84 27
26 86
92 4
86 83
48 97
75 40
30 29
16 50
88 7
93 48
69 7
45 65
69 40
7 22
71 94
1 37
63 29
55 88
3 99
42 100
13 32
81 14
3 91
60 29
66 38
82 55
28 89
64 24
7 39
77 50
75 62
4 95
25 68
64 11
70 94
15 1
41 61
8 17
98 4
88 92
71 66
48 74
49 52
1 78
10 16
44 17
72 60
70 68
56 16
66 18
40 23
84 5
61 30
10 70
46 71
71 4
31 36
90 16
8 100
70 3
93 79
77 39
92 42
3 98
11 62
28 85
40 93
21 47
90 13
42 21
78 69
74 74
80 43
99 47
90 52
65 4
83 74
38 14
46 24
88 44
63 63
31 87
81 97
34 48
96 45
63 28
86 81
5 50
50 45
1 90
53 3
59 1
30 79
25 74
43 37
80 21
47 50
11 17
52 29
28 42
18 67
89 78
92 8
60 47
86 49
8 71
78 49
21 20
70 84
79 63
11 9
44 19
9 33
51 82
36 100
5 22
84 73
78 92
94 21
89 56
36 46
40 47
66 40
12 10
35 9
10 65
100 12
20 56
98 97
4 97
90 61
43 38
80 39
53 30
7 31
58 9
33 28
1 81
90 31
40 7
10 89
100 83
19 45
58 3
32 53
87 22
90 18
66 57
15 26
51 81
95 95
7 51
66 7
23 90
14 57
88 37
33 61
74 99
84 49
78 45
18 86
14 43
79 76
17 92
93 3
39 63
27 94
6 23
93 76
79 1
78 89
98 59
8 2
52 6
14 9
73 85
85 95
32 14
79 41
85 24
30 87
34 30
27 9
21 70
29 7
93 37
42 40
98 26
65 83
18 31
19 92
25 66
40 52
61 95
24 84
39 97
25 7
83 62
93 41
16 75
77 60
50 84
34 97
55 35
60 71
76 30
86 97
91 46
18 11
47 45
23 55
41 35
18 23
93 10
35 98
23 3
23 44
34 14
84 76
83 87
35 72
76 89
58 31
66 96
69 40
4 82
77 59
17 89
54 59
13 11
25 75
56 30
15 60
97 12
8 59
27 41
31 72
31 23
43 92
89 57
64 37
46 38
32 73
50 48
60 35
8 85
3 92
37 62
81 57
88 35
74 4
7 24
71 11
81 76
91 98
53 77
71 77
98 85
50 7
16 20
23 38
68 36
59 67
49 27
14 35
20 78
57 51
12 43
60 18
92 76
27 72
78 65
12 44
27 86
30 75
41 43
11 93
24 17
32 31
53 84
1 57
47 50
61 93
63 88
100 1
36 27
85 40
79 13
4 47
13 77
49 90
83 7
31 37
70 40
100 21
95 39
58 29
74 63
90 90
53 42
94 28
40 63
39 74
75 16
71 16
21 10
96 32
38 89
53 55
43 79
71 26
90 47
77 15
71 88
11 86
95 23
31 35
4 24
20 23
78 43
27 82
73 16
97 90
18 14
55 89
29 13
69 18
98 94
24 64
54 88
49 17
38 48
68 58
78 63
96 31
91 78
51 66
100 53
38 100
24 38
44 92
75 50
97 35
37 88
13 84
55 68
35 8
63 79
86 40
59 11
16 85
78 73
21 54
60 91
41 46
33 7
53 86
31 17
18 90
80 62
51 36
46 86
64 87
19 2
7 80
34 89
3 7
94 83
64 57
81 94
18 9
58 55
62 17
55 37
53 13
74 94
44 33
84 72
74 95
3 5
49 35
91 30
2 90
43 11
75 81
87 6
51 10
40 15
93 73
62 100
25 59
86 19
3 90
38 79
69 19
67 91
45 71
45 96
86 64
87 37
90 86
51 58
34 93
1 64
36 92
76 88
67 67
83 91
15 36
25 79
29 65
47 52
9 84
46 78
54 82
95 94
40 90
6 36
29 98
79 37
22 70
38 27
62 40
11 66
68 62
19 6
17 89
16 48
40 81
6 53
59 26
75 31
91 20
75 73
88 15
52 47
27 50
42 89
95 11
64 3
61 21
71 28
93 100
62 81
23 46
28 24
38 70
91 97
2 88
90 55
13 9
42 66
15 37
15 83
44 100
94 48
82 20
25 40
38 8
19 73
59 16
7 60
72 90
23 77
85 28
82 3
13 83
9 73
20 21
71 42
16 86
36 1
11 19
11 1
43 87
2 100
87 84
87 21
97 31
40 95
83 78
67 80
18 92
19 3
13 82
66 54
79 100
91 60
50 46
3 12
43 21
66 18
80 87
15 10
34 33
71 3
43 48
32 16
53 90
26 71
67 69
40 18
55 90
69 46
10 95
34 75
34 43
67 71
76 76
21 65
18 39
34 100
28 20
1 67
97 48
52 28
31 42
54 40
46 46
99 63
19 30
75 58
20 62
45 58
98 25
61 57
36 15
18 19
64 99
28 94
100 27
12 85
5 90
40 85
64 95
10 40
48 39
65 22
15 3
60 51
6 46
66 85
59 28
16 63
44 32
16 46
79 34
49 22
77 71
33 17
3 36
33 95
41 95
28 49
60 98
85 100
39 26
24 95
44 29
76 99
60 26
68 83
53 96
8 60
7 36
14 20
100 93
65 4
24 98
11 26
49 44
34 48
92 27
65 33
44 56
15 6
82 18
6 27
98 74
93 87
69 3
5 94
70 38
42 30
61 2
4 56
70 58
22 13
88 57
98 21
21 15
12 98
94 2
69 28
70 55
52 50
45 52
81 100
64 2
89 22
57 49
99 78
50 66
7 72
78 10
27 32
78 53
53 5
37 63
84 24
8 16
16 90
57 60
94 34
88 30
9 62
95 97
20 11
54 61
80 39
55 75
74 19
13 55
45 92
10 11
79 50
62 45
7 21
13 10
14 3
53 63
4 58
13 95
73 80
32 45
82 33
51 88
95 25
100 88
80 31
47 86
85 67
1 6
5 79
55 98
6 45
77 86
22 55
85 85
89 44
87 87
76 32
23 28
88 84
56 38
48 10
98 57
24 49
36 15
48 54
23 82
46 1
37 40
91 44
16 4
48 14
77 17
27 36
69 83
74 66
99 76
83 53
96 17
51 40
27 87
8 18
59 9
68 93
38 17
6 53
82 19
22 87
31 3
15 87
28 13
43 68
96 75
16 15
65 64
67 26
44 41
68 72
26 24
87 60
74 86
73 60
51 9
66 3
57 22
92 23
22 29
60 13
39 55
4 77
66 66
40 5
45 43
79 81
64 80
86 90
75 8
33 55
24 69
10 91
1 60
38 81
89 43
81 50
19 99
96 26
82 65
50 12
70 57
63 18
24 56
86 73
69 38
36 82
52 23
31 38
29 82
41 99
12 78
10 54
78 98
95 67
64 75
86 34
59 65
38 45
65 97
39 70
32 62
62 81
86 58
4 64
51 20
84 66
41 22
16 60
90 56
9 89
64 1
70 95
17 80
60 15
21 70
88 40
58 13
70 67
98 37
38 42
26 61
91 85
44 29
35 39
62 80
59 53
87 68
67 60
52 80
89 40
13 92
3 67
61 47
97 72
49 35
95 74
85 24
15 93
77 53
80 9
58 18
58 72
75 73
8 23
61 74
85 61
33 21
79 4
68 36
71 58
63 10
10 98
47 48
76 10
54 45
6 55
19 71
21 9
43 39
42 3
4 17
51 37
15 93
23 36
65 24
42 55
53 7
88 31
87 32
79 33
18 33
61 59
80 69
79 79
14 25
70 82
40 55
14 6
77 96
58 97
23 58
44 7
71 80
14 98
10 19
84 41
73 15
28 74
13 10
98 88
63 57
86 78
52 39
12 52
34 82
23 21
8 88
76 87
87 20
18 73
98 76
71 81
3 46
38 57
21 93
49 67
23 100
15 3
16 45
57 22
40 85
77 11
78 58
46 50
99 55
65 65
95 33
19 48
45 97
54 19
94 4
28 74
16 91
24 21
88 1
60 11
35 75
56 58
13 25
4 13
27 86
28 2
58 75
95 92
78 85
57 41
97 78
92 73
48 34
64 73
53 63
49 94
88 34
82 72
10 46
46 12
39 13
9 9
13 99
75 85
53 8
76 34
56 30
32 11
76 45
97 32
84 4
4 28
56 68
13 30
63 91
89 25
40 82
27 56
58 11
38 98
4 90
72 98
13 76
36 89
52 35
54 1
22 25
32 98
3 85
77 20
36 81
96 7
60 90
6 57
59 76
41 97
37 30
48 59
11 4
29 89
52 95
10 69
25 44
38 18
82 82
9 43
93 46
55 64
52 24
93 31
98 87
13 10
67 34
90 6
37 66
28 88
2 97
77 19
56 76
1 3
86 49
99 30
90 30
96 52
40 49
46 22
88 59
52 10
33 4
86 45
39 55
39 5
59 1
99 51
43 3
43 39
1 60
17 79
90 41
13 45
25 78
56 12
47 91
87 44
62 37
94 1
41 100
46 84
17 79
66 29
53 74
52 72
77 30
19 13
85 34
40 97
74 88
93 74
78 70
54 89
83 21
82 99
50 89
80 15
62 69
20 25
45 73
14 7
53 30
7 59
68 23
58 52
66 95
41 9
82 4
58 93
89 20
52 22
14 80
29 46
35 84
30 31
11 94
44 70
7 11
11 20
8 2
34 49
22 53
54 71
59 45
80 34
25 90
81 56
25 48
63 49
66 56
38 50
69 56
16 97
9 72
78 22
64 3
87 67
76 20
47 83
67 29
60 52
51 93
51 93
93 79
23 91
34 71
21 30
78 61
89 53
29 2
95 84
56 82
79 63
54 32
82 83
56 28
97 62
19 21
3 32
75 90
10 8
24 54
72 5
29 13
71 47
71 1
50 34
85 100
31 47
29 52
94 81
48 59
85 72
42 94
8 42
75 67
38 52
29 98
45 94
19 86
75 83
7 90
30 9
23 61
25 64
87 63
58 47
65 95
59 78
47 44
75 33
48 49
1 71
27 30
42 38
12 29
36 74
11 38
45 49
14 4
51 70
39 87
98 19
99 100
41 61
33 30
89 51
24 42
72 62
47 54
83 23
35 21
90 12
65 33
33 20
44 99
13 43
14 46
46 19
53 62
11 53
39 31
75 17
63 46
51 68
55 39
1 71
25 29
9 67
58 82
86 54
58 82
70 86
4 25
60 52
45 33
61 34
65 81
80 28
6 48
64 72
43 23
64 62
34 71
42 17
45 82
9 42
22 42
20 10
36 31
83 44
78 89
11 2
17 11
24 8
14 79
47 78
12 78
50 73
76 28
35 73
18 11
79 21
34 2
11 26
88 28
79 95
100 40
32 48
56 10
37 5
65 35
84 35
43 63
15 88
43 45
33 14
11 69
42 64
56 73
44 64
31 74
71 31
69 55
14 83
25 47
19 18
71 60
35 87
6 63
37 51
55 50
23 33
52 79
57 55
91 4
23 13
87 57
12 60
57 98
89 13
10 43
81 20
1 53
73 3
69 90
63 34
52 49
45 79
74 9
86 87
66 100
3 27
31 21
12 32
71 29
73 35
98 56
31 65
43 9
85 84
28 93
31 4
96 36
27 71
14 19
65 29
68 94
93 11
67 45
54 91
8 2
42 98
75 84
36 90
76 36
18 10
83 10
24 8
98 79
95 52
76 53
17 79
31 12
27 29
91 31
19 12
30 22
100 79
30 35
80 72
7 75
17 5
25 84
4 17
47 11
3 83
86 64
56 34
17 71
45 31
42 88
51 98
2 48
34 55
37 49
14 10
26 34
59 71
14 71
46 17
60 38
76 52
51 91
21 36
85 8
40 27
88 66
86 35
94 78
77 18
42 91
82 25
72 92
36 13
20 37
64 58
88 92
12 44
22 44
69 80
83 56
71 54
19 26
56 99
91 39
61 36
6 55
22 9
73 82
99 47
51 18
16 76
2 42
2 62
28 9
19 7
15 78
15 45
92 34
64 54
17 76
62 71
52 48
16 58
83 22
3 13
1 30
10 83
12 79
6 74
87 37
55 14
100 31
33 7
32 9
64 99
96 86
47 81
50 98
66 6
77 75
92 64
3 62
63 53
40 4
12 49
11 45
39 40
68 100
15 25
14 28
48 61
90 65
35 14
46 43
9 83
64 37
75 51
100 57
83 48
9 91
35 85
29 96
24 15
72 60
6 62
18 7
94 60
24 62
7 67
47 68
67 51
84 9
30 12
50 82
29 53
91 64
13 10
84 68
97 82
41 87
87 19
87 30
31 65
18 52
2 4
63 89
12 1
14 16
7 36
87 60
32 79
67 99
35 60
44 93
54 48
21 46
14 8
55 71
83 77
99 36
30 43
94 1
23 10
83 19
56 36
54 95
42 31
22 11
93 39
78 41
6 28
61 57
20 92
50 39
78 37
20 27
25 82
79 99
7 25
39 93
72 88
90 38
61 15
97 33
12 76
83 35
24 47
34 51
99 11
42 39
64 1
62 22
65 60
43 87
1 12
17 50
10 74
12 74
74 72
48 51
8 22
57 36
27 49
70 54
79 24
24 26
38 91
45 36
85 61
92 59
49 99
44 38
89 69
14 78
10 93
97 99
37 52
51 89
91 45
96 57
92 40
37 87
72 1
66 77
62 11
41 60
5 82
63 69
24 12
49 24
64 57
62 70
7 66
24 45
74 86
32 53
43 92
27 7
26 70
97 52
95 78
65 82
64 60
1 24
59 51
3 32
41 54
38 7
34 29
19 94
11 30
71 45
77 51
43 63
81 52
48 11
90 1
70 5
38 56
95 80
29 65
25 14
54 8
90 19
74 75
10 73
63 89
14 26
43 54
61 33
74 55
10 81
30 43
76 48
93 36
5 37
56 75
36 1
89 42
26 80
36 69
83 32
28 82
100 22
65 66
89 99
100 36
96 95
85 99
61 13
61 42
51 29
33 49
49 27
11 3
9 72
23 13
18 36
42 51
99 90
56 42
15 72
56 35
71 85
42 21
60 63
92 95
63 44
61 93
43 100
36 9
3 33
5 27
66 93
76 10
46 34
15 79
91 19
84 71
99 39
88 34
46 46
3 69
19 74
89 8
41 17
53 6
73 95
34 5
26 80
42 32
47 80
65 13
58 30
25 7
100 38
47 35
92 97
35 52
23 57
16 14
16 27
4 86
24 88
15 90
39 13
97 59
85 73
79 63
25 87
64 28
68 9
53 58
30 30
99 74
66 76
88 48
16 26
48 30
64 79
5 12
31 44
23 95
31 76
73 72
52 61
26 84
84 91
86 80
93 58
85 60
14 38
69 47
36 37
61 36
14 63
63 5
24 33
27 55
68 55
74 46
17 55
45 40
2 14
23 26
47 99
10 34
57 4
85 52
13 51
35 78
12 11
5 28
90 97
88 15
84 83
63 56
33 92
30 76
15 47
32 87
91 11
54 61
57 38
81 38
74 48
70 49
59 87
70 19
54 78
87 38
48 48
90 14
83 61
53 16
72 24
12 86
15 88
50 62
54 56
71 39
54 48
31 35
37 62
38 14
2 56
96 47
24 4
9 44
38 2
49 80
91 25
38 37
11 90
61 54
43 6
86 7
55 35
26 21
98 44
82 40
5 52
34 89
66 78
80 47
28 37
43 84
54 59
69 6
77 63
82 11
15 35
93 43
18 61
35 29
22 47
78 73
22 74
99 81
74 84
66 65
38 79
58 52
56 31
16 36
4 59
90 98
79 33
96 21
96 57
20 26
57 76
90 100
88 69
55 48
87 29
73 39
60 69
42 79
74 35
1 8
8 3
58 18
20 61
95 89
93 83
4 16
66 34
23 43
77 61
43 19
64 73
94 53
43 1
80 78
92 63
13 98
91 35
68 1
43 88
65 23
45 44
18 4
40 96
28 86
2 71
14 10
2 33
73 83
16 25
44 58
70 40
11 82
54 64
74 99
69 24
50 83
78 3
97 18
52 36
71 94
85 52
2 31
39 91
51 35
57 23
55 27
76 18
91 83
17 43
32 39
81 23
65 62
62 17
69 9
80 37
63 22
83 92
29 64
6 54
33 16
23 74
1 37
72 27
67 41
38 39
50 55
5 59
65 35
71 87
94 43
55 96
54 9
14 50
31 90
65 95
9 80
76 8
89 33
24 62
95 52
54 20
80 88
7 81
17 76
71 67
12 54
44 47
45 19
49 89
33 65
9 81
62 98
45 19
74 13
86 74
26 75
88 66
71 89
59 4
51 63
71 52
19 89
69 94
16 83
45 33
73 60
7 39
97 10
59 29
5 97
85 15
21 22
52 30
60 3
46 29
88 14
54 56
50 17
4 47
40 49
60 9
89 44
97 56
81 47
14 86
44 52
9 40
95 46
55 87
59 72
82 74
84 95
68 42
48 29
3 30
60 65
73 82
81 67
11 29
5 55
73 20
51 69
84 85
48 1
96 25
11 27
8 69
44 16
70 22
94 17
3 98
98 50
61 89
75 51
19 57
82 98
22 63
77 83
53 33
19 75
43 19
86 42
55 71
96 36
24 50
96 16
38 100
33 71
7 51
40 28
22 26
17 23
44 7
74 68
20 58
84 3
2 40
15 41
57 71
10 94
66 28
4 39
28 91
50 96
43 33
64 94
78 58
47 99
66 26
75 40
8 11
70 39
46 78
64 10
65 55
28 20
62 97
88 100
5 6
9 57
69 100
97 68
91 55
48 60
41 38
58 23
97 47
48 18
5 77
51 73
69 48
91 81
51 25
60 35
71 55
57 66
95 46
1 53
30 32
10 34
2 97
9 64
53 48
89 67
97 85
8 96
33 9
24 43
80 50
92 86
16 99
3 29
38 71
72 59
58 14
60 54
37 49
85 94
95 26
37 73
72 41
91 59
55 69
78 30
36 2
11 94
75 64
30 80
84 96
96 82
3 89
67 38
17 3
96 65
60 67
28 66
43 25
30 73
2 57
37 48
73 4
79 56
28 35
62 70
61 22
80 41
32 4
3 16
23 81
1 26
81 54
94 9
35 19
44 69
25 36
27 48
89 57
11 93
50 7
33 51
88 84
59 59
49 42
64 16
86 7
10 12
26 63
1 88
87 94
18 89
97 5
89 40
15 83
52 51
36 83
68 87
76 98
100 50
90 82
83 94
94 87
57 68
58 89
88 77
76 28
23 85
25 13
48 31
21 58
83 71
28 53
67 20
27 12
79 3
36 33
3 25
21 30
17 81
96 100
88 56
43 89
93 1
2 71
22 53
8 84
71 65
8 92
15 54
95 73
39 99
61 48
79 79
24 19
81 3
52 34
41 80
49 88
67 11
48 89
64 39
73 19
56 74
99 36
26 22
13 46
21 67
82 54
79 73
71 80
39 55
59 19
34 47
68 79
4 74
9 21
39 99
95 39
13 49
87 5
7 99
82 81
84 72
33 76
60 78
32 29
46 89
1 47
77 48
89 10
34 81
58 60
27 64
77 3
50 86
11 6
59 46
9 26
68 21
99 24
50 76
57 91
39 39
56 33
23 62
95 31
44 86
58 92
73 70
13 44
47 8
96 58
17 95
48 19
73 59
94 86
71 2
75 9
88 44
37 70
31 57
74 9
49 18
43 38
11 41
34 47
4 95
77 6
3 17
64 67
57 6
38 80
29 79
37 56
58 73
92 62
59 63
19 3
14 53
61 29
16 53
14 48
35 84
57 6
50 69
90 50
39 80
38 61
1 90
32 22
40 64
100 81
34 53
36 1
10 36
88 31
32 87
61 97
83 77
88 50
87 91
38 37
91 57
29 7
100 64
5 29
75 9
30 56
38 52
72 7
17 68
59 18
74 54
4 60
77 14
18 64
54 71
10 62
56 64
17 40
86 45
52 23
95 98
67 29
24 61
87 63
80 54
3 1
79 23
28 52
44 5
44 4
7 95
60 51
9 30
81 33
96 28
37 61
79 65
62 81
2 2
16 93
65 4
51 2
20 77
53 75
48 73
41 38
55 2
99 9
37 2
3 25
53 64
66 32
68 28
85 46
42 61
97 44
6 38
68 89
66 31
46 2
88 62
6 31
94 10
13 77
56 17
72 74
86 100
25 47
87 28
94 23
11 86
42 49
12 15
92 50
18 21
63 51
100 77
25 13
81 43
22 33
26 79
54 72
91 84
70 75
21 78
86 24
87 85
1 96
17 48
42 68
75 45
35 78
16 78
27 25
91 56
90 42
93 76
12 36
64 73
15 73
21 69
66 15
95 11
6 80
58 45
48 7
92 36
77 55
25 72
44 88
84 73
51 93
49 6
30 56
91 6
86 21
82 55
98 30
46 96
5 20
67 78
63 60
41 7
83 10
48 84
17 72
39 37
84 11
53 6
33 97
3 57
67 84
35 18
97 28
55 49
19 50
32 22
72 82
84 75
56 32
31 66
18 9
70 70
23 31
47 92
98 57
44 9
100 48
14 87
29 1
23 61
94 63
20 15
26 63
36 94
25 52
20 59
87 64
84 2
50 96
70 12
16 98
35 60
94 86
13 84
49 59
74 55
73 69
28 22
4 5
66 95
95 51
69 97
72 66
62 23
65 54
41 92
18 74
91 20
58 65
43 49
55 92
7 97
61 49
64 81
1 95
38 77
55 29
70 36
74 38
18 100
18 44
79 43
64 90
65 26
50 75
62 62
78 80
24 12
97 47
18 36
41 31
23 57
81 7
77 12
50 75
50 21
3 60
78 4
43 20
36 85
39 83
77 1
80 71
7 79
82 9
34 60
78 48
24 95
96 10
89 49
51 79
1 49
82 39
74 64
84 43
90 17
21 4
68 73
99 15
47 93
2 6
72 56
81 14
71 83
50 5
20 89
60 87
10 29
75 100
44 41
47 84
18 53
44 65
69 30
52 52
52 78
35 47
92 63
34 77
23 83
7 61
72 45
45 92
1 51
42 26
73 23
26 40
69 18
55 7
70 69
4 72
77 72
20 28
10 20
77 97
75 78
48 82
73 65
97 1
63 47
41 98
75 16
49 66
81 76
80 88
72 71
15 30
10 44
40 47
36 53
37 25
52 26
36 98
78 46
87 25
33 34
10 77
12 39
75 77
74 83
12 55
87 3
61 32
46 87
7 20
85 85
83 56
10 98
84 76
85 29
97 49
60 3
63 96
61 22
25 5
88 85
51 56
16 9
26 56
37 14
46 36
66 33
100 53
2 6
7 24
22 6
42 79
58 4
59 65
31 76
24 98
9 61
98 4
82 47
100 13
83 5
74 12
20 85
74 38
10 36
13 67
33 87
66 60
75 21
89 57
53 47
79 89
47 81
66 18
61 31
43 77
18 73
42 46
100 34
24 74
44 28
79 40
42 66
72 28
34 42
80 9
7 1
29 42
83 23
56 34
34 52
6 12
32 48
46 46
97 29
7 1
22 81
62 97
83 99
72 72
86 61
46 90
26 49
72 78
13 99
44 68
60 35
95 63
87 83
42 64
27 39
19 4
31 54
63 85
37 39
57 23
31 27
88 40
37 35
39 39
30 21
67 3
49 13
56 86
16 4
41 41
2 27
9 16
74 45
98 54
49 64
27 26
96 36
28 45
48 92
27 43
86 77
8 20
2 59
10 76
69 10
10 76
38 25
39 55
49 60
30 61
58 86
96 68
12 49
15 61
11 2
82 66
69 72
46 52
94 19
37 15
28 91
32 64
89 38
65 29
68 78
35 16
74 59
54 93
57 59
14 35
50 62
76 12
37 85
96 99
50 70
64 51
16 14
44 23
89 66
36 33
91 12
69 86
72 72
30 63
48 43
72 87
99 47
1 20
57 56
48 37
77 41
18 7
45 90
84 47
83 55
41 1
34 82
54 9
88 71
97 87
40 61
97 49
17 99
87 39
8 29
27 3
23 15
86 35
55 63
22 90
31 12
99 73
60 82
99 70
77 74
27 89
75 12
38 72
68 81
100 46
24 89
81 47
36 56
65 36
86 62
51 32
71 99
11 12
5 38
49 84
15 26
32 64
38 94
90 52
61 48
91 78
92 7
59 14
96 93
62 69
76 33
50 76
63 75
13 56
6 35
22 100
6 62
35 30
73 89
46 14
41 20
48 79
9 70
58 17
69 71
46 94
37 20
29 84
84 31
2 57
91 33
65 100
24 87
5 87
46 23
80 58
78 56
96 75
5 54
15 45
94 81
7 80
92 70
56 1
45 43
40 88
58 9
72 89
32 84
60 59
43 30
56 65
9 69
88 15
72 62
8 9
57 100
60 8
25 99
96 38
46 61
33 55
57 59
34 8
50 1
58 98
99 34
35 41
76 52
48 2
53 57
13 98
100 52
64 44
37 25
84 27
64 96
81 1
61 34
34 58
63 11
18 33
20 64
61 5
69 55
38 37
18 88
39 50
74 4
92 45
27 96
63 12
20 19
45 69
74 93
87 22
69 2
53 20
22 86
31 3
85 70
24 81
77 65
36 42
40 83
52 99
72 18
47 14
4 13
6 99
3 61
93 41
4 55
27 14
42 5
74 34
93 59
25 46
27 96
22 79
70 65
53 95
34 56
96 45
4 80
2 54
86 4
52 37
50 33
37 17
4 22
73 97
56 52
59 5
55 79
73 31
37 40
36 91
61 40
20 23
80 22
95 24
74 58
3 43
79 61
68 41
37 79
59 46
29 47
92 1
56 88
26 67
51 52
15 87
82 17
50 31
42 4
12 52
74 100
11 2
58 2
70 79
37 21
81 75
85 70
70 76
53 30
52 36
38 100
46 38
67 87
25 97
80 96
96 87
76 94
74 23
54 86
23 99
28 98
62 91
78 50
7 29
67 61
45 25
33 87
4 32
22 13
45 95
11 91
48 94
19 68
26 6
46 82
75 49
38 10
35 35
54 99
51 87
73 12
85 99
53 51
5 27
55 99
83 59
3 100
86 67
81 92
35 53
24 70
65 54
80 39
25 32
78 10
93 80
34 81
16 64
51 66
89 18
84 26
1 38
47 30
81 31
61 20
6 38
36 97
88 71
15 6
76 58
25 75
40 86
67 40
90 9
92 97
42 49
16 20
5 1
15 72
2 38
10 53
11 78
63 96
50 76
79 23
19 6
57 17
61 25
95 66
36 36
21 18
3 96
38 31
87 69
43 30
18 68
75 54
93 18
73 45
2 8
18 18
71 70
18 21
42 45
67 37
69 44
26 95
39 88
27 38
3 36
60 91
42 50
26 64
71 84
92 83
94 78
80 76
62 52
85 54
8 49
38 37
75 48
100 88
84 78
77 36
80 66
72 76
98 13
46 77
12 65
98 100
93 3
5 80
55 70
90 99
95 48
68 86
32 30
11 21
21 89
45 36
84 43
46 17
17 22
50 36
94 95
86 46
97 19
5 4
22 99
76 39
96 89
8 53
80 39
25 47
31 88
46 50
3 70
47 82
30 46
11 52
70 60
49 97
53 9
46 9
86 12
17 67
39 25
95 43
18 84
8 44
49 92
93 42
24 80
56 5
48 54
41 49
9 49
67 90
62 83
13 18
50 71
99 63
28 66
99 41
47 46
6 61
36 34
78 70
87 45
61 12
13 74
58 89
55 82
72 53
36 75
96 13
9 72
75 20
80 92
80 71
16 30
34 4
76 22
25 30
96 10
10 44
10 36
35 58
7 64
25 29
93 91
16 40
32 21
64 9
16 12
15 6
56 64
50 94
69 74
64 29
63 46
15 57
28 29
65 86
82 55
91 21
98 19
30 8
10 46
26 96
82 25
59 61
88 37
23 44
38 29
68 99
83 68
77 88
21 51
72 81
49 19
9 5
15 93
50 30
45 79
42 72
63 47
94 57
45 48
50 63
81 64
63 28
6 1
61 61
66 72
19 93
31 86
41 80
51 66
6 50
6 47
24 41
59 54
92 50
11 34
36 17
2 76
100 77
45 49
73 27
91 8
4 35
43 62
68 16
11 84
46 56
24 49
37 97
31 69
19 59
37 1
16 7
95 74
15 6
86 100
8 36
46 64
5 64
55 59
93 19
19 95
6 30
68 36
95 43
37 50
9 13
62 70
2 24
50 100
51 49
8 70
37 59
68 9
43 14
85 41
31 29
96 13
90 76
96 11
25 69
32 24
33 1
88 66
53 65
37 37
69 98
15 37
47 21
10 36
9 93
91 17
65 32
36 35
47 19
23 62
99 71
55 27
13 25
55 89
25 22
32 16
22 49
73 65
68 82
48 21
79 90
86 95
75 24
69 2
11 10
13 18
27 47
63 88
53 88
35 96
39 21
56 82
66 80
86 83
43 1
81 68
33 91
96 86
37 91
11 22
97 44
64 38
89 6
27 25
37 65
25 96
67 9
97 55
65 18
57 61
73 9
12 69
64 67
99 14
14 55
29 94
51 43
25 77
37 65
86 49
2 49
81 90
9 4
50 36
62 28
39 13
6 17
30 92
29 9
100 26
49 81
44 47
60 97
26 100
3 80
82 49
18 55
12 38
42 57
25 52
23 12
78 67
36 94
6 17
39 93
63 51
6 46
48 4
25 35
3 28
58 85
17 88
76 10
55 22
43 98
94 1
13 21
65 73
2 21
9 68
61 13
31 12
54 36
93 30
89 97
11 71
56 18
10 40
29 40
68 75
59 68
12 87
5 39
34 69
65 89
93 30
56 83
27 13
42 68
63 89
16 28
98 51
9 24
6 58
24 25
29 5
21 51
62 80
94 65
37 22
23 91
59 73
56 67
6 35
59 55
36 54
36 59
13 56
26 19
43 80
73 90
48 27
80 44
70 74
100 49
93 17
21 17
50 12
7 56
69 84
52 16
99 14
76 51
87 22
88 66
94 14
100 36
65 8
48 46
93 60
23 5
56 97
7 84
17 68
90 97
8 36
15 24
70 87
87 97
57 61
87 32
66 50
8 4
67 75
3 53
94 53
79 77
23 51
98 44
48 11
40 74
26 36
58 88
1 18
89 50
5 9
65 32
92 56
82 31
13 90
92 71
32 82
36 8
80 23
11 90
57 16
64 63
74 79
72 51
100 37
45 61
63 47
20 7
18 30
63 11
21 67
96 91
41 92
3 88
97 14
37 87
73 46
77 63
21 18
58 8
56 28
84 97
65 43
32 17
58 33
29 37
19 34
4 50
15 93
84 97
57 55
91 71
51 9
84 45
17 69
80 40
89 56
67 83
15 57
78 50
36 51
54 55
41 32
58 41
16 61
9 54
19 78
76 2
8 75
62 83
28 58
12 95
91 35
61 76
94 22
64 68
76 46
21 63
40 15
53 43
25 64
77 55
32 87
69 27
82 52
60 84
94 93
67 64
76 31
62 23
86 64
6 38
67 74
38 66
96 21
71 51
60 50
86 38
6 14
65 83
81 43
31 65
21 59
14 75
76 86
67 88
34 37
6 35
70 67
17 84
94 99
80 8
33 37
24 23
6 39
100 90
50 4
42 17
2 70
96 1
58 54
48 72
100 53
61 32
95 44
62 73
9 63
6 84
98 83
73 45
79 28
64 28
68 32
99 76
56 27
77 43
68 43
26 57
37 82
47 51
90 19
81 74
86 62
59 33
99 2
10 10
50 11
84 67
87 74
59 88
33 46
10 64
49 54
65 25
74 90
7 44
68 67
3 98
68 76
54 87
12 69
38 85
24 68
62 31
88 32
67 11
15 6
11 27
49 66
41 10
28 6
27 69
98 21
58 95
28 62
75 83
73 20
42 93
91 75
16 33
63 4
50 39
35 96
86 12
80 75
34 48
84 41
94 68
39 3
39 23
34 63
42 99
13 41
42 93
15 88
56 1
58 2
18 51
15 49
66 23
13 44
21 4
10 26
99 63
17 59
67 90
80 63
55 13
35 84
85 100
49 43
36 87
3 91
91 51
4 69
8 34
84 22
93 3
46 79
78 4
21 67
28 7
50 6
12 28
11 21
60 84
42 55
78 60
18 35
10 100
84 3
47 96
56 73
21 38
45 95
85 38
42 63
91 38
68 45
5 92
38 12
93 100
6 22
28 8
87 38
19 58
87 71
4 71
94 49
75 6
27 23
2 20
11 76
5 47
78 81
58 99
36 50
61 47
89 72
66 88
86 25
40 46
67 11
11 57
1 88
47 86
63 11
72 50
5 25
94 12
100 70
93 15
81 61
85 51
26 14
88 13
99 59
89 16
63 54
56 96
56 9
90 27
87 38
66 51
58 54
59 95
14 78
85 85
50 69
12 6
81 94
31 93
76 49
58 9
94 28
41 84
31 22
35 74
38 74
79 85
1 21
55 26
72 97
33 11
11 68
18 71
44 74
6 15
52 23
11 9
77 18
36 54
61 13
40 82
97 63
62 64
34 91
91 70
71 3
24 12
65 3
64 21
76 26
26 14
43 37
39 61
24 23
85 83
9 58
8 13
70 77
61 75
22 94
32 48
37 85
79 62
38 91
89 91
1 68
56 54
37 60
31 64
9 53
53 18
43 94
9 88
37 32
41 95
17 1
31 29
48 19
70 36
92 96
14 24
89 6
68 26
53 62
55 96
1 12
96 9
50 8
2 18
5 33
37 91
28 97
2 83
9 29
45 80
33 8
72 31
60 23
5 4
30 62
77 1
17 61
55 88
75 93
53 74
33 80
5 7
48 15
94 62
47 61
7 32
93 7
75 78
7 58
87 72
84 16
18 56
49 69
99 23
54 37
67 54
31 71
72 46
1 59
34 44
31 39
55 92
23 7
91 63
6 49
19 10
74 24
28 83
95 60
25 23
21 14
69 31
70 21
78 37
74 66
2 60
2 45
2 89
98 29
26 71
82 34
42 15
76 32
79 41
76 7
86 95
25 8
28 38
24 44
97 18
70 40
49 5
31 33
82 30
72 81
51 26
77 43
11 93
56 67
3 86
72 26
96 66
38 28
15 15
77 66
57 91
37 60
57 18
77 32
35 61
79 48
71 30
33 52
74 82
87 8
22 66
77 23
24 33
36 61
71 3
80 84
47 1
7 70
65 60
76 70
62 89
97 24
80 100
61 38
99 92
1 88
93 98
35 80
76 4
67 94
48 29
23 19
8 35
25 37
2 50
7 22
38 9
51 64
70 29
42 23
50 52
65 76
7 90
27 59
77 30
21 45
19 73
53 89
64 32
55 63
21 35
30 19
45 39
89 6
48 11
66 46
96 25
82 49
94 93
49 90
2 39
1 81
34 83
6 2
32 13
74 50
52 51
67 60
87 2
50 5
31 10
95 25
80 68
49 13
59 88
30 92
86 11
75 23
20 21
53 34
82 43
86 52
35 90
25 66
63 90
13 73
43 7
1 2
53 36
33 1
35 51
2 83
33 11
77 7
64 87
90 76
58 39
89 43
67 35
2 41
91 74
71 14
10 90
49 71
39 12
90 60
90 72
98 26
31 66
87 67
74 11
98 98
42 74
45 81
28 90
41 90
85 95
62 36
75 92
21 45
47 85
24 79
96 79
57 28
100 74
30 27
48 32
57 71
42 51
47 42
21 40
17 95
1 19
6 82
50 30
18 46
36 72
35 85
93 91
100 92
90 22
5 34
22 23
11 92
37 100
24 59
75 78
64 83
74 60
19 55
81 73
67 9
73 60
21 55
61 77
75 22
26 58
29 22
94 82
56 84
91 9
84 45
90 55
7 13
21 31
89 11
80 72
97 97
52 20
71 9
79 47
65 12
48 93
27 35
40 72
47 48
79 47
64 70
88 68
78 31
64 85
75 43
38 91
3 42
9 56
8 52
53 60
69 11
66 48
75 60
78 24
11 67
44 94
86 33
52 48
18 68
17 90
24 97
86 85
23 75
25 49
40 88
36 20
37 41
42 57
10 17
32 92
88 42
68 90
93 71
75 43
75 93
54 10
59 37
64 54
31 64
67 78
23 74
86 3
13 93
86 52
11 10
43 95
44 29
72 57
97 75
34 49
4 62
64 78
22 30
65 65
90 19
77 81
83 93
67 23
43 52
83 98
89 21
82 57
10 88
54 52
69 14
55 100
47 77
20 43
58 18
38 37
24 1
13 78
57 22
66 68
34 60
26 13
33 10
58 46
99 59
11 92
83 64
1 59
43 30
15 44
63 38
13 47
64 21
45 93
84 14
30 65
84 13
5 45
13 60
35 78
39 83
34 18
19 51
50 81
64 96
90 52
94 45
93 9
9 53
48 22
88 64
57 72
33 19
19 71
54 59
7 76
2 74
51 78
80 52
65 81
41 42
65 41
56 8
25 43
28 13
37 75
12 86
48 7
33 93
34 42
35 9
60 75
8 97
97 60
4 68
31 14
5 62
9 76
62 41
44 86
26 7
32 8
61 54
97 94
75 63
14 51
90 74
82 93
30 9
61 13
69 50
17 6
10 69
61 34
4 48
81 79
2 23
88 40
11 92
55 90
56 38
29 13
65 31
55 18
100 91
28 16
82 33
88 70
9 60
9 76
6 72
46 98
32 93
93 31
10 46
24 62
54 82
4 68
87 55
94 32
40 51
69 24
22 37
73 87
54 44
16 10
73 42
86 24
82 35
67 92
31 39
64 18
45 74
51 74
79 65
9 15
47 95
91 30
18 64
47 58
96 98
52 85
85 2
76 59
51 33
32 3
43 13
17 61
77 21
25 39
99 84
95 49
9 99
99 24
98 13
56 30
69 9
26 38
61 97
55 57
93 85
92 58
58 87
63 63
37 71
46 60
14 93
78 61
72 30
33 64
19 98
71 8
84 36
43 97
29 80
13 40
97 15
36 71
74 50
77 89
54 50
86 70
33 3
23 94
85 50
30 32
7 56
32 83
80 87
11 16
61 77
62 4
93 19
32 15
67 70
12 12
30 8
8 24
18 30
45 5
15 79
47 60
97 76
51 34
63 37
35 96
27 38
64 24
30 16
36 93
92 3
17 61
35 6
16 98
78 10
14 25
49 22
62 10
85 84
11 81
40 77
34 44
30 68
78 84
53 38
14 51
61 63
9 66
62 20
91 87
89 88
57 36
72 52
81 64
5 10
50 99
29 90
83 66
35 36
17 80
19 28
26 76
78 73
92 38
37 95
28 75
99 39
29 15
52 15
5 27
87 77
65 93
34 7
53 67
34 28
48 76
95 30
68 53
32 49
66 35
5 45
2 71
83 2
53 66
43 77
3 69
3 90
78 13
97 4
71 58
68 91
3 20
50 32
2 48
50 37
47 93
74 100
55 97
19 86
37 8
57 32
25 4
86 16
48 60
53 51
34 46
53 46
65 34
96 77
73 14
25 40
32 48
5 52
46 33
5 82
39 12
14 90
34 40
91 91
85 44
77 38
57 82
53 4
7 91
41 68
72 9
45 7
80 78
95 86
65 83
30 41
73 26
4 85
66 100
16 34
87 21
78 47
33 74
32 39
67 26
52 3
74 81
39 15
4 6
93 86
47 45
42 69
20 90
84 43
20 38
63 8
16 38
20 6
93 65
69 75
13 75
39 83
56 92
88 2
22 97
61 50
75 75
47 77
100 74
93 96
77 24
59 73
98 20
28 10
31 80
47 68
40 75
60 92
52 15
29 88
73 50
18 25
35 34
92 42
36 83
78 60
100 69
25 42
54 57
37 12
87 71
53 9
69 64
28 22
88 72
96 22
15 21
71 60
95 2
84 99
25 94
47 100
49 55
10 90
34 10
74 70
44 24
46 80
50 65
11 69
26 64
38 73
69 41
4 59
25 56
87 31
87 82
56 20
98 87
70 80
74 33
65 64
93 60
83 53
45 75
99 48
13 88
81 55
19 34
5 50
90 54
37 57
4 3
77 65
8 55
100 53
52 1
18 25
1 36
92 67
77 91
17 79
77 33
95 33
15 86
43 45
13 76
90 6
61 54
28 33
11 36
4 11
99 86
67 72
90 68
64 6
47 94
89 13
41 30
97 43
66 5
71 45
59 91
1 41
66 18
37 60
77 75
7 29
17 75
63 90
49 12
80 31
62 11
61 71
2 25
84 11
53 33
23 37
1 27
89 17
41 13
63 97
14 46
86 24
43 14
70 31
74 76
33 13
56 94
76 74
16 86
91 69
51 58
59 73
15 12
94 51
32 1
80 75
65 94
16 1
72 64
63 35
99 28
79 78
93 63
42 93
87 13
32 94
82 49
74 10
54 96
97 47
82 12
80 14
85 62
68 11
60 89
69 77
32 65
84 97
79 2
97 50
93 79
51 72
28 26
23 83
43 94
25 99
33 20
32 60
70 56
95 20
61 35
94 59
3 52
57 50
100 36
52 72
64 6
87 85
4 48
68 43
79 90
28 10
79 72
15 90
93 26
28 49
41 91
28 94
67 19
28 11
19 84
19 77
12 30
92 4
38 82
89 37
69 42
68 22
58 57
85 11
49 19
91 27
69 13
90 84
80 33
14 22
14 63
56 97
60 51
50 56
44 57
60 87
62 6
25 80
60 58
98 23
54 59
80 36
62 86
24 9
4 53
75 58
100 79
63 91
32 31
89 9
83 5
71 6
47 65
70 4
34 57
20 23
5 46
58 58
75 14
65 48
60 28
17 25
5 41
2 50
39 14
94 35
20 99
65 90
73 91
86 88
10 43
18 46
98 55
14 18
84 78
54 16
85 50
89 78
91 22
74 39
67 41
4 68
24 46
77 13
31 51
19 40
37 58
66 94
85 11
40 29
71 10
54 93
14 61
14 45
12 47
68 9
9 43
38 63
81 63
99 16
52 68
38 42
44 22
12 93
74 99
87 18
28 39
78 96
3 29
24 74
61 53
91 70
87 22
84 49
61 33
38 18
69 68
3 88
88 32
29 25
25 85
92 11
35 77
78 20
83 74
31 34
4 72
15 58
56 45
70 76
67 91
93 58
63 84
39 20
59 70
95 73
46 99
31 3
3 49
7 6
72 35
64 34
25 79
26 66
6 44
4 66
90 47
96 36
56 90
33 34
43 63
26 75
14 89
25 59
41 12
19 46
8 40
20 2
89 63
56 70
27 88
79 89
98 84
14 97
3 100
39 26
5 85
39 64
2 72
34 71
10 6
26 89
24 9
38 67
60 16
64 79
17 50
67 61
28 66
75 83
42 66
65 51
73 91
19 38
89 98
65 95
8 66
38 6
90 99
47 42
16 16
56 3
65 14
80 78
10 64
60 6
42 77
22 50
84 9
64 45
61 51
32 9
38 37
51 81
85 56
41 78
56 83
73 48
76 7
41 14
30 39
50 88
62 68
44 96
92 71
12 68
39 35
56 83
57 89
95 25
53 87
81 71
98 77
55 24
22 95
75 50
77 62
43 45
41 24
17 9
18 63
16 77
48 43
8 20
42 98
32 88
11 27
98 60
44 18
40 44
26 55
19 66
19 1
75 42
92 35
89 26
35 9
23 41
44 83
18 87
87 75
49 34
38 92
35 39
21 50
76 70
10 53
63 35
19 30
57 8
41 9
78 75
10 32
29 83
61 43
88 13
68 43
95 63
85 88
88 52
52 99
69 54
20 15
86 87
91 48
58 30
9 6
67 8
59 12
37 21
51 14
81 40
19 45
20 75
62 77
19 4
67 2
48 2
57 60
65 68
58 93
86 37
88 41
56 20
26 72
32 66
80 97
33 76
38 89
67 60
36 42
94 96
53 5
36 66
18 32
41 87
37 49
66 100
20 69
28 12
8 39
83 86
43 23
8 81
55 74
19 17
99 23
78 7
61 31
30 46
34 9
71 41
49 23
8 88
37 68
88 23
35 68
71 60
8 43
38 96
57 53
16 71
45 82
80 88
79 57
53 68
88 6
29 4
40 28
30 40
40 90
1 96
46 94
62 84
68 59
87 38
14 94
34 9
66 81
7 2
85 69
86 25
55 3
88 54
64 19
46 86
37 4
1 11
88 100
100 5
41 39
69 75
66 68
72 21
54 79
76 69
37 98
44 3
90 65
67 50
99 8
45 80
48 22
81 6
88 53
14 67
22 62
55 86
91 46
35 12
74 45
14 41
79 53
94 32
76 28
83 80
79 51
9 54
52 50
10 34
12 53
80 95
21 95
67 30
44 42
27 13
74 17
68 81
68 72
98 40
54 61
12 86
65 98
53 45
2 32
56 11
65 72
43 74
27 60
90 35
44 35
83 20
25 35
8 57
91 69
89 91
70 17
83 80
30 28
93 37
68 67
93 97
29 36
75 96
62 34
17 96
86 25
42 99
11 86
45 12
68 82
68 23
82 36
35 69
64 57
55 45
63 55
52 18
26 87
51 52
93 73
75 4
79 97
62 21
10 82
81 94
59 47
7 43
28 72
1 13
45 63
89 9
77 50
47 51
30 61
68 76
92 65
21 13
10 16
81 43
3 42
73 34
42 96
63 73
44 48
14 5
26 58
19 46
17 97
100 97
76 11
28 2
71 77
99 77
87 85
8 52
19 87
41 32
69 13
70 10
13 67
52 29
9 33
72 72
58 94
24 45
85 51
22 27
93 39
37 71
96 64
74 44
75 10
46 70
8 3
50 79
100 54
14 53
79 64
81 70
73 36
64 39
34 54
71 45
46 32
37 84
37 9
78 50
76 63
43 93
53 71
36 84
61 57
76 89
97 26
98 37
39 44
62 46
94 5
46 21
9 98
61 83
85 96
85 18
3 63
7 51
94 75
18 59
19 73
64 28
79 92
31 27
76 57
28 38
69 46
19 80
75 31
72 76
47 2
48 59
37 75
23 52
51 2
13 20
13 4
81 30
46 99
11 52
46 70
79 87
14 55
30 18
28 98
39 28
7 21
81 3
38 37
32 20
49 87
33 34
11 94
88 2
62 81
91 79
3 25
56 76
80 28
12 39
85 30
14 18
39 12
4 76
70 99
62 86
77 37
97 95
74 98
93 9
34 6
51 100
45 52
51 57
35 54
41 100
78 90
5 15
27 29
71 5
16 71
87 100
74 46
45 37
44 56
26 76
16 24
18 49
60 27
23 71
13 47
46 81
90 13
19 11
84 19
50 14
48 95
87 97
83 88
1 23
68 5
94 77
4 44
77 59
54 25
59 66
36 82
34 27
10 34
73 38
36 26
74 80
99 93
39 7
91 83
24 19
28 77
89 72
48 30
21 33
49 7
30 92
87 79
65 73
87 21
87 59
89 51
85 40
46 33
9 57
49 94
6 48
24 95
8 40
90 44
37 1
31 38
82 30
79 46
62 87
6 67
13 65
36 95
9 53
92 99
4 45
23 58
43 10
15 6
30 35
43 55
94 52
18 92
38 60
100 34
27 93
30 33
63 64
78 54
25 41
82 34
58 76
74 55
23 82
12 44
93 42
90 85
71 65
70 24
11 82
96 76
45 52
18 97
66 7
53 13
30 42
99 61
64 100
16 10
21 98
36 32
68 49
58 93
9 14
20 95
35 25
54 96
29 23
11 34
17 82
52 80
11 16
4 69
15 14
47 97
15 41
22 32
90 14
31 33
54 12
55 53
96 31
65 61
83 69
47 19
1 48
62 44
90 81
74 95
39 44
93 60
1 57
23 79
91 33
75 27
60 66
74 74
39 48
36 34
79 78
3 41
48 35
78 9
33 27
42 98
50 20
14 24
27 57
57 47
81 44
92 43
47 6
19 46
40 86
70 17
6 76
86 65
35 21
47 33
38 81
88 63
90 87
15 92
11 21
68 37
29 93
47 10
82 1
25 1
57 77
25 28
64 13
93 63
28 19
28 98
7 10
15 62
3 50
88 10
46 13
94 81
57 31
56 95
49 70
55 57
79 95
61 79
87 83
87 97
96 14
7 37
75 26
97 4
25 14
20 35
20 56
25 25
96 48
83 57
24 68
2 57
58 85
19 93
81 19
54 55
96 45
59 44
97 13
2 94
85 90
39 20
32 93
43 86
84 94
45 67
99 70
36 65
20 5
40 77
52 4
21 62
49 49
59 2
49 79
97 70
77 28
23 98
83 49
63 67
66 49
15 83
58 42
11 49
89 2
82 15
56 32
67 48
8 77
5 59
98 9
90 79
42 62
41 87
4 93
28 2
19 12
48 20
12 86
72 41
12 70
82 76
63 82
52 92
22 20
36 58
91 57
73 76
54 38
52 96
40 6
85 27
4 24
93 12
69 60
12 47
53 67
55 70
17 4
59 52
5 2
31 85
47 25
48 66
1 29
20 54
14 74
34 9
61 7
30 75
89 74
54 6
34 74
90 72
41 27
24 62
53 10
55 23
89 41
30 67
65 51
67 72
80 62
9 15
40 48
78 81
8 37
5 3
96 85
74 2
28 31
42 46
8 71
29 46
62 1
90 60
25 5
48 35
14 62
24 32
32 24
24 58
74 61
73 27
59 14
11 60
93 7
7 34
72 43
47 40
21 43
42 26
9 75
36 6
23 63
78 55
7 36
1 100
5 73
6 77
65 94
34 79
69 3
18 12
78 57
47 49
81 97
91 84
4 43
13 82
11 48
31 82
68 65
16 30
83 62
91 91
83 31
1 46
70 53
52 93
71 55
46 24
19 53
11 88
10 56
20 65
37 6
36 60
66 47
96 10
66 88
14 94
94 89
45 61
60 96
1 95
33 61
34 33
17 94
74 2
15 48
98 83
45 87
10 31
64 70
86 90
6 4
48 23
89 68
51 13
88 92
13 71
81 30
75 86
84 49
36 28
36 52
11 61
91 95
20 33
15 33
79 80
99 69
11 8
95 92
45 46
15 32
30 39
54 89
88 59
1 16
84 83
45 19
57 46
50 3
50 23
8 100
92 47
30 26
39 36
16 67
19 61
67 2
90 80
76 12
89 37
90 43
79 14
96 7
49 56
39 25
62 15
78 84
100 16
82 42
46 50
50 33
95 37
44 81
61 69
35 2
70 5
72 39
79 67
77 84
22 55
14 93
88 77
39 32
64 44
38 24
7 91
93 50
72 63
7 70
9 81
8 2
60 21
87 87
49 4
78 68
24 81
19 11
94 18
90 94
38 96
53 29
53 61
7 18
4 3
24 83
28 85
56 55
55 51
56 75
99 43
96 20
89 53
3 81
75 16
94 4
64 42
49 76
22 57
86 39
19 23
78 36
58 18
13 89
56 71
96 42
8 25
77 79
96 94
26 81
74 64
65 59
21 35
27 47
6 88
79 14
65 45
78 71
43 56
97 5
42 98
77 64
59 85
10 63
62 93
31 50
21 15
54 85
99 48
54 9
2 72
76 25
18 65
91 67
33 8
89 40
58 97
86 15
54 3
97 88
52 95
5 15
80 94
36 27
7 59
89 54
75 23
89 31
35 49
27 78
33 4
82 100
8 64
15 35
73 21
42 80
63 99
89 51
56 40
45 2
24 81
90 27
93 100
35 46
31 86
80 58
1 33
15 79
72 62
59 72
90 96
55 51
8 65
98 49
66 45
25 30
42 96
9 75
9 39
15 68
61 28
2 87
1 38
71 25
13 78
25 62
52 59
20 91
24 70
42 19
14 24
48 95
97 32
32 34
24 4
59 25
94 80
91 57
66 50
95 16
54 100
93 4
44 21
100 10
46 13
58 31
100 70
16 51
67 35
16 30
9 87
65 31
21 42
31 22
4 91
48 99
45 90
42 45
11 63
76 77
16 10
32 92
84 75
51 94
20 44
23 8
75 14
63 88
18 74
99 52
89 38
5 35
8 29
69 71
25 48
4 95
5 20
96 90
19 89
57 23
15 7
15 14
38 66
8 11
85 88
17 75
30 2
60 41
56 70
7 51
78 53
91 28
82 32
15 55
88 38
75 100
59 44
47 89
84 58
98 74
62 23
92 43
63 19
72 98
21 19
12 20
56 11
34 21
79 99
65 28
52 4
83 93
54 36
47 55
92 67
18 33
2 64
52 91
59 51
26 98
15 2
60 53
42 1
40 45
4 8
53 9
15 21
9 81
14 92
14 56
75 88
35 92
97 57
1 89
72 54
57 94
51 39
45 36
51 49
95 40
3 83
37 76
74 86
26 64
87 67
83 51
64 37
19 96
22 20
93 64
42 37
56 5
50 6
60 27
61 16
29 18
46 80
42 31
50 3
68 80
43 47
79 19
59 40
17 60
57 12
20 21
33 97
63 78
94 5
1 99
12 95
12 97
61 47
10 75
19 79
27 12
77 89
42 82
61 52
49 94
33 61
30 45
92 75
55 94
14 38
63 19
69 84
94 87
25 89
92 30
38 62
68 11
87 76
7 20
66 23
80 57
65 11
79 65
89 35
34 98
60 38
68 77
15 27
83 52
13 4
47 12
64 76
12 47
24 4
71 32
15 58
54 45
3 33
35 2
70 93
96 2
97 37
97 62
85 44
98 22
22 48
37 29
16 38
57 37
18 14
1 77
13 97
11 66
75 23
81 90
45 12
53 4
53 41
81 51
18 18
85 23
36 74
2 25
71 4
55 88
86 50
60 81
93 6
22 52
65 99
13 55
34 70
99 4
28 17
52 74
8 61
95 91
46 12
46 84
84 97
81 93
71 60
13 56
76 57
12 33
8 75
86 4
42 34
79 95
68 74
8 99
72 61
39 84
85 75
54 55
94 81
18 68
14 63
58 10
69 12
86 80
74 99
3 7
6 40
1 35
6 32
93 83
19 31
3 85
62 45
10 57
72 36
43 88
35 38
91 36
60 67
75 58
14 45
20 60
41 63
36 63
99 25
23 72
38 57
8 73
9 96
1 44
90 4
78 79
49 36
49 42
62 83
19 79
94 91
70 62
56 9
32 99
49 54
49 29
41 42
7 38
34 37
44 28
94 46
2 6
20 91
88 1
15 83
14 21
93 79
90 55
30 73
52 50
97 88
7 24
16 98
38 43
84 45
49 24
42 20
91 65
69 19
61 48
12 59
15 65
29 61
69 32
36 88
91 57
87 16
23 88
75 2
44 96
11 9
91 51
30 40
92 88
51 87
46 18
7 36
55 63
82 76
44 72
5 47
46 91
55 47
6 72
81 56
89 50
5 84
80 24
25 7
60 61
20 93
30 40
49 61
82 21
65 99
46 53
15 94
85 82
29 13
4 10
4 82
33 73
3 17
57 69
1 29
43 31
46 98
39 19
81 48
20 17
66 21
31 100
75 7
90 50
3 84
80 97
38 52
6 73
88 95
12 43
9 22
63 4
72 76
67 42
89 67
54 51
66 24
60 13
68 21
68 94
4 42
71 100
15 7
78 94
51 54
9 83
37 22
78 6
83 6
83 4
12 19
50 23
96 67
31 85
88 52
50 36
50 12
58 72
87 61
42 67
14 11
21 83
30 6
20 72
71 9
70 91
14 97
40 95
16 34
75 42
26 76
1 53
67 66
34 56
31 90
57 71
21 52
52 74
26 54
39 11
20 13
18 46
99 30
48 7
11 82
100 69
58 76
68 17
13 71
89 43
62 62
64 3
6 71
50 15
95 76
63 11
77 35
51 84
19 89
3 16
54 73
32 36
14 58
5 40
38 35
61 39
26 44
50 66
99 98
11 72
83 92
88 32
21 25
84 78
92 13
16 15
58 25
27 89
19 25
28 69
17 56
96 40
47 6
10 78
41 58
25 59
44 42
14 68
45 18
4 88
44 51
21 53
7 25
45 3
39 46
7 68
6 86
25 68
93 73
39 6
12 72
6 79
74 17
76 70
66 82
74 15
47 30
27 1
59 65
16 9
34 100
63 93
72 21
25 41
17 11
48 18
10 70
55 39
54 72
37 45
81 43
64 61
7 82
53 94
7 56
61 23
43 13
71 61
6 65
58 92
35 1
54 99
55 28
43 8
4 63
5 29
77 22
39 17
27 76
49 49
60 35
3 52
50 9
50 81
19 74
83 89
77 67
10 21
42 12
85 23
1 75
40 35
23 90
42 65
10 63
18 3
82 8
50 46
45 82
93 20
47 7
77 15
57 63
47 33
45 79
11 56
10 82
81 56
26 10
85 50
27 99
90 85
17 76
81 20
66 88
92 86
79 3
37 72
48 22
49 21
80 14
65 68
19 92
95 54
82 43
80 88
5 14
66 77
72 80
67 58
52 41
6 32
29 92
37 18
92 77
26 12
51 48
100 33
63 20
29 19
33 67
97 39
41 88
37 47
82 31
76 70
24 36
53 45
11 72
26 63
38 21
58 3
39 81
81 83
59 45
60 9
76 26
6 38
58 99
22 39
76 2
31 47
18 48
2 93
93 25
83 96
35 42
13 49
95 27
54 69
46 53
31 94
83 51
6 31
7 56
57 88
64 40
47 17
38 98
47 98
34 9
55 71
86 96
51 61
52 69
59 50
70 50
7 40
95 55
20 34
62 47
28 47
2 89
82 77
98 76
43 31
49 6
94 35
20 51
31 94
46 3
34 79
46 59
97 97
46 37
59 54
83 11
34 37
78 38
37 3
13 43
2 89
63 2
78 44
14 93
64 79
30 86
11 70
37 1
76 38
33 65
24 70
6 23
62 64
76 17
72 49
21 79
55 73
59 93
85 27
61 74
56 41
100 36
9 5
8 90
49 79
27 19
98 95
34 72
26 86
90 58
41 4
45 98
31 8
39 8
42 58
87 32
95 69
42 85
59 72
36 53
22 48
35 47
78 15
61 90
42 92
67 62
44 50
15 98
29 82
47 11
50 65
26 73
20 26
34 33
53 26
47 66
29 80
58 22
22 21
52 31
74 58
7 27
14 65
11 41
1 79
22 27
28 76
92 14
60 60
10 35
15 85
26 57
16 90
21 35
46 82
51 28
21 86
33 7
58 38
16 85
78 57
62 1
54 2
93 40
83 22
50 89
90 46
69 99
45 25
49 91
80 13
58 11
90 1
7 51
79 51
100 76
93 59
63 74
92 64
61 22
72 76
8 57
89 13
6 71
11 48
74 91
79 67
46 92
56 11
50 95
12 18
72 68
20 70
60 65
11 89
68 29
33 51
8 34
18 35
34 59
69 48
39 75
1 94
65 98
16 91
85 6
32 16
90 72
75 28
99 91
52 5
31 70
11 90
4 11
64 87
92 9
4 5
75 69
24 27
18 6
16 33
73 52
67 12
21 42
100 33
78 49
21 69
35 21
97 15
25 45
77 82
83 11
74 67
99 22
37 86
93 49
87 52
27 43
38 17
68 95
96 15
91 84
46 16
16 40
51 22
56 7
37 5
89 53
98 9
95 91
65 49
98 95
70 84
70 13
26 51
93 96
93 33
44 94
69 42
20 87
72 32
62 35
24 62
97 13
95 78
29 10
50 77
8 75
82 73
94 57
89 75
15 10
1 59
70 100
17 98
32 58
21 37
81 59
88 30
100 31
9 87
61 67
94 53
41 70
78 22
31 24
100 88
69 67
55 59
54 15
88 40
37 12
81 44
53 72
67 95
76 91
53 60
46 5
88 83
24 54
43 44
66 22
73 99
14 93
43 69
86 100
86 19
32 80
97 28
100 58
44 14
76 12
59 47
68 79
1 11
32 85
41 53
21 11
55 70
22 94
85 22
49 36
69 59
39 53
96 74
66 65
31 54
29 4
71 89
33 56
48 69
61 71
13 2
44 67
39 72
24 79
18 24
68 3
85 96
57 87
88 23
87 72
15 16
38 62
86 28
93 90
11 51
15 78
71 10
20 83
36 43
52 84
67 29
38 78
17 88
1 24
66 50
60 51
62 85
11 63
20 70
58 93
68 13
89 42
63 18
72 78
62 58
76 100
64 48
91 10
23 2
92 40
4 2
25 24
81 60
13 30
81 75
85 45
54 75
81 48
8 23
11 24
11 34
75 23
32 36
86 75
46 18
44 82
74 87
3 67
18 33
85 72
14 71
85 46
66 83
35 53
95 76
55 86
98 5
86 66
63 69
16 9
77 21
23 16
35 18
49 81
12 95
91 86
24 22
95 57
38 12
15 68
97 53
64 54
84 78
97 22
40 43
34 5
20 71
98 88
58 98
5 69
50 40
97 86
49 58
46 54
8 7
84 6
40 13
31 100
88 53
21 49
17 80
76 54
16 6
60 33
55 45
66 23
10 61
30 81
14 30
58 94
48 7
49 6
78 88
11 99
37 75
24 56
69 75
79 46
74 21
73 42
54 22
82 74
70 75
97 66
28 59
88 18
79 29
12 1
86 33
85 97
28 55
32 16
58 57
5 58
45 18
40 99
81 71
15 41
92 97
42 82
5 33
62 41
61 37
20 59
79 26
33 33
80 35
77 8
91 5
19 50
6 46
40 2
21 64
69 33
57 78
14 34
6 41
37 85
4 16
48 76
35 84
62 20
9 45
6 35
77 50
77 23
68 82
91 34
33 57
82 76
15 89
40 24
38 74
92 1
13 90
98 1
42 46
37 64
42 69
87 78
12 95
63 46
91 60
99 75
80 93
56 46
79 95
29 47
51 53
38 30
22 35
56 50
29 81
69 58
84 40
55 60
95 34
57 17
63 26
74 80
57 12
35 99
22 1
33 83
74 22
66 41
85 97
65 72
93 41
72 55
72 2
74 28
76 62
56 80
72 4
76 83
66 42
96 49
26 91
80 26
87 52
58 17
17 23
4 38
90 72
67 14
40 83
6 80
27 6
23 86
68 15
72 1
90 74
61 94
96 97
57 94
96 78
82 13
92 39
21 49
43 90
59 69
44 25
32 67
89 9
38 87
70 35
71 90
81 97
48 20
33 79
57 59
20 91
29 28
35 28
30 28
81 57
73 9
64 69
95 40
17 62
29 9
44 35
20 41
94 27
86 35
100 19
7 19
16 29
65 71
71 77
12 40
11 71
57 54
100 24
59 93
41 30
63 6
69 52
99 39
97 83
29 50
41 69
38 75
44 65
29 97
97 78
3 9
34 45
93 22
45 72
90 66
99 70
80 48
29 54
3 12
80 42
26 3
88 55
54 38
50 79
20 7
24 90
74 37
80 63
5 45
88 40
53 92
90 76
21 94
54 53
36 59
72 47
26 96
11 12
65 36
87 85
78 84
13 19
11 5
20 19
