10000 31
86 60
66 73
54 94
46 15
14 1
73 10
45 41
8 81
1 41
39 29
87 7
42 77
90 16
32 2
19 67
48 58
25 22
56 40
18 17
4 36
99 31
81 49
51 85
36 20
25 58
62 8
52 46
16 8
79 82
5 78
40 36
5 27
46 49
7 100
97 77
17 10
1 48
52 32
22 13
71 15
19 97
39 92
46 70
17 13
56 47
94 90
16 84
84 87
86 50
52 70
75 11
82 69
35 36
49 59
5 61
10 11
75 58
48 72
35 50
93 39
72 10
1 11
96 2
21 1
1 18
42 13
2 38
59 18
11 24
36 36
52 52
84 82
35 25
84 30
82 48
55 21
20 42
58 57
91 76
86 2
92 21
27 90
87 55
71 98
84 47
8 38
42 36
31 91
14 24
49 51
78 57
53 100
5 34
28 79
98 23
5 90
25 64
44 23
13 89
12 37
20 32
78 17
52 17
80 42
16 74
70 14
41 15
18 40
4 52
79 15
58 31
53 28
41 88
78 23
14 1
75 47
28 50
61 12
92 54
33 18
12 56
99 64
77 28
50 6
68 43
80 83
38 15
51 11
54 20
11 52
14 23
51 81
96 42
21 55
38 74
39 58
88 34
6 90
37 8
65 19
58 77
91 39
74 46
35 50
54 35
93 78
87 80
71 48
71 34
45 94
89 77
61 27
33 19
74 86
96 5
3 72
43 83
78 51
13 14
83 3
90 7
74 25
24 54
97 74
31 82
58 49
90 16
64 100
74 71
39 98
12 40
35 67
18 42
15 26
89 71
73 15
64 45
19 90
15 35
19 46
74 72
93 7
42 85
46 26
8 10
34 2
55 40
61 70
32 37
51 39
1 19
80 11
48 65
82 68
99 16
8 91
25 71
58 82
36 65
40 58
34 100
1 32
31 41
58 90
32 81
5 12
42 55
63 33
31 2
88 96
22 2
49 22
14 40
29 44
58 35
16 87
90 30
99 26
39 28
91 89
93 2
56 76
65 38
32 12
67 5
3 43
66 16
95 48
25 35
53 28
86 36
21 6
5 5
28 50
98 65
16 25
95 90
84 53
95 23
57 9
83 51
17 83
91 11
40 41
13 81
73 99
52 61
9 9
73 93
6 54
86 37
71 74
99 27
28 47
42 34
68 94
3 14
81 70
8 95
45 33
51 89
60 31
50 70
77 3
10 14
36 44
17 74
11 67
74 79
53 98
76 31
38 10
39 5
34 25
60 12
18 21
13 36
76 91
10 65
97 87
70 100
78 37
77 76
49 90
34 60
41 52
14 3
39 53
4 5
5 41
64 62
15 49
18 71
21 20
53 1
1 57
37 38
89 12
45 16
21 62
37 61
51 85
13 97
16 10
92 41
39 23
64 58
35 97
14 39
79 57
12 41
28 24
7 86
27 92
53 46
63 16
47 6
14 61
64 98
6 57
29 95
90 17
33 1
72 85
56 94
55 30
23 9
21 60
49 26
66 71
80 52
22 78
14 7
51 24
96 91
41 21
100 45
21 38
28 12
33 12
82 23
31 37
66 94
5 62
15 28
13 13
58 2
41 29
8 23
47 29
54 74
85 74
45 84
63 74
79 71
31 73
63 91
18 35
2 37
84 90
41 56
89 58
98 11
33 13
32 58
70 16
52 46
53 48
16 49
75 76
59 99
68 68
78 92
39 5
21 32
97 77
81 89
8 66
89 46
93 31
11 8
46 70
69 21
74 63
42 1
57 6
30 89
40 74
81 12
36 10
57 65
12 21
57 11
4 49
80 41
86 94
42 83
41 8
93 92
34 55
47 5
21 74
30 71
18 35
90 32
35 80
19 39
34 48
77 54
96 21
81 67
86 18
59 96
94 94
16 48
15 100
52 73
12 96
61 79
99 57
91 39
22 100
21 32
82 53
65 51
31 81
75 81
54 55
74 7
3 57
81 98
74 79
48 80
87 85
24 81
21 82
17 51
17 71
91 91
58 49
85 51
22 4
70 31
91 16
61 31
65 70
99 35
53 28
81 29
87 39
20 15
72 28
90 74
34 1
55 86
12 44
41 39
49 32
60 30
92 8
8 71
22 16
57 57
99 52
77 24
33 17
36 13
60 53
40 52
57 18
75 59
26 70
85 7
86 95
61 38
54 1
59 64
63 60
46 63
62 83
26 93
50 43
66 99
94 97
55 87
19 8
80 33
25 5
34 70
19 100
97 56
83 1
27 29
57 83
52 85
68 98
58 37
100 20
31 83
86 85
44 10
13 46
49 63
5 8
32 77
14 79
58 17
65 75
39 99
72 84
8 34
68 26
76 23
66 50
39 10
97 56
100 22
7 6
62 8
72 55
93 78
34 85
55 65
4 34
68 54
11 13
92 24
43 23
49 78
57 84
78 39
23 100
58 55
43 9
91 77
92 1
64 43
21 32
33 51
98 38
4 95
91 12
91 41
76 46
27 35
92 2
17 86
57 81
30 67
58 46
40 5
33 31
62 67
79 61
4 40
51 4
8 22
19 25
69 36
92 66
65 46
16 34
51 42
84 44
45 87
29 8
53 93
66 37
19 12
29 83
24 3
22 21
65 22
73 13
79 67
82 47
57 80
74 65
15 1
68 64
27 77
68 7
4 31
64 63
11 11
41 61
61 52
36 71
51 36
21 43
90 84
93 69
23 94
46 22
2 62
3 35
34 18
100 34
79 58
94 63
76 12
43 79
26 38
70 19
25 6
91 5
40 58
5 83
83 66
37 84
49 63
86 71
73 5
25 72
38 83
24 60
10 22
47 29
33 49
88 18
11 38
86 45
89 26
33 24
42 69
47 7
56 66
5 6
26 35
47 27
7 21
40 20
76 46
29 13
88 1
90 36
76 28
61 53
26 37
65 53
43 83
85 96
77 9
43 97
35 53
100 34
1 49
68 5
43 88
46 78
93 48
81 26
38 39
8 22
15 24
50 99
31 70
80 88
15 28
31 64
59 81
38 91
44 46
79 17
30 76
51 77
5 100
83 67
37 44
46 26
20 13
77 84
84 51
83 50
15 69
68 1
27 75
11 59
86 41
29 27
76 19
37 29
10 89
83 56
93 37
84 26
20 26
67 89
97 81
45 36
10 44
42 42
5 73
8 83
64 60
54 49
45 23
83 84
5 79
30 93
18 41
18 17
1 30
82 8
22 22
18 71
59 52
93 66
1 89
81 11
19 29
16 81
82 96
59 33
42 79
22 35
4 15
5 53
67 3
64 93
50 15
63 81
3 8
26 88
41 5
70 74
86 49
69 37
100 43
7 65
31 45
18 68
21 63
33 20
22 10
90 19
28 24
18 69
13 79
55 47
47 42
81 63
18 60
8 15
5 7
89 70
31 29
38 59
91 85
60 69
47 8
53 31
86 60
52 19
80 19
78 20
71 64
39 58
86 76
60 98
44 2
23 7
7 89
48 16
14 67
40 45
14 15
18 11
91 18
21 90
60 35
23 53
35 88
47 89
93 1
54 12
97 63
25 22
95 12
6 94
42 43
81 56
71 42
28 1
98 14
8 70
19 71
72 64
48 63
5 88
30 1
87 42
15 21
4 9
92 69
61 76
30 40
72 93
95 22
64 88
76 8
74 15
69 65
74 57
44 25
14 76
55 61
26 11
57 47
11 86
15 94
93 71
34 84
83 52
28 18
34 65
46 68
28 65
29 21
16 54
84 96
18 93
85 96
33 97
48 95
40 48
73 60
68 38
6 34
7 27
100 72
18 89
100 84
77 35
51 71
98 9
40 51
31 19
34 65
67 3
43 51
76 79
70 84
92 7
11 12
57 6
51 13
10 57
83 8
7 85
43 65
97 47
48 37
65 34
34 19
77 52
5 13
64 36
19 37
79 57
47 78
34 18
94 3
7 87
11 4
16 82
48 53
83 18
1 39
61 19
42 18
72 15
38 44
33 55
57 99
87 43
55 60
27 50
33 92
44 66
67 86
80 40
62 55
7 64
44 3
45 54
57 88
12 60
12 80
78 71
4 55
27 36
67 45
67 17
51 52
37 20
65 47
24 95
21 90
99 39
85 21
42 98
70 38
85 37
53 79
29 62
26 33
42 97
14 95
76 44
46 92
42 42
39 9
84 98
49 9
25 21
20 89
10 24
52 55
5 74
78 49
100 99
68 33
33 22
100 57
5 38
32 31
86 44
85 69
22 62
72 91
11 68
19 63
66 42
64 62
36 6
59 47
66 72
24 59
12 26
47 87
7 96
30 4
49 51
32 84
96 64
65 8
89 74
76 61
36 53
75 79
81 3
55 97
5 96
9 32
12 78
65 41
53 21
81 44
90 34
88 73
90 30
5 55
92 28
23 94
54 71
66 61
50 13
41 15
69 85
65 30
5 97
92 71
28 69
80 69
75 70
44 1
35 12
55 100
45 28
35 54
37 70
45 86
39 29
94 56
51 85
80 94
27 100
87 29
85 45
78 52
58 46
11 81
30 6
16 47
97 86
29 32
30 13
43 99
57 35
41 55
86 74
78 20
55 36
4 93
47 47
25 62
34 16
27 97
71 97
50 50
68 91
67 89
20 100
41 48
15 93
75 87
83 27
73 39
54 53
20 76
64 47
23 4
29 54
71 20
58 96
19 66
17 80
29 90
38 67
14 41
67 49
77 12
60 7
70 17
5 94
47 36
68 85
68 57
56 53
95 21
51 14
68 92
50 44
72 67
66 66
67 83
15 63
49 55
68 58
52 95
8 35
70 66
99 38
14 65
21 29
19 69
65 1
63 93
69 100
52 32
69 43
3 33
1 26
82 47
90 15
80 23
19 88
70 46
14 11
29 24
73 82
22 36
28 46
49 8
38 72
52 83
19 49
78 82
38 13
52 86
44 96
3 22
29 53
39 94
63 15
26 55
5 67
4 43
62 36
88 5
61 70
30 3
13 25
16 13
14 99
18 35
12 95
83 43
59 13
80 54
47 64
4 75
60 48
15 19
45 79
31 94
47 22
80 67
64 74
27 52
53 43
85 1
63 14
6 39
17 12
62 17
99 89
46 27
8 2
64 72
37 74
58 39
42 76
70 9
40 5
23 41
39 98
58 13
16 13
61 20
12 59
84 41
15 54
15 29
66 77
52 22
19 1
83 75
6 50
98 96
26 10
65 4
77 55
56 36
8 21
81 50
2 12
22 11
5 11
45 30
13 34
8 65
78 79
89 52
1 19
27 61
53 6
24 30
15 89
25 27
28 83
14 53
99 15
78 41
98 88
44 52
82 46
19 89
78 91
93 83
94 31
52 58
90 72
83 52
45 74
52 67
15 48
59 34
29 59
76 48
50 1
65 3
13 66
15 93
54 44
82 9
3 68
69 57
27 40
61 36
60 57
41 22
50 18
76 8
45 61
45 4
89 77
79 80
95 30
65 83
84 100
43 8
75 80
88 10
28 65
100 19
79 4
96 24
96 64
14 59
70 65
79 68
20 28
31 88
14 39
43 73
78 81
70 8
20 8
30 88
82 57
28 86
11 14
9 38
53 62
21 26
39 16
71 58
24 76
39 46
82 11
50 25
72 95
67 42
30 29
20 24
10 89
99 11
30 58
53 67
29 61
32 87
11 6
18 91
48 89
20 75
86 83
9 27
67 61
6 92
10 45
85 89
27 36
80 66
45 74
95 36
81 3
66 63
33 35
78 13
89 40
76 91
80 91
47 41
92 13
94 1
93 49
2 17
48 17
88 21
8 17
97 74
38 87
76 79
40 89
86 96
26 61
62 41
14 59
60 9
6 47
3 92
17 67
36 51
26 46
65 47
30 36
80 16
59 100
71 7
31 16
67 27
39 32
70 56
13 41
11 11
69 20
78 11
45 99
85 64
61 69
85 69
67 40
85 63
68 71
12 4
97 26
87 37
48 22
75 74
21 28
96 42
73 21
72 68
99 61
62 77
37 76
78 63
59 84
52 20
2 72
65 51
59 60
35 32
92 11
36 90
83 25
60 16
72 71
78 33
35 74
13 90
30 42
96 91
14 38
18 48
63 58
98 55
22 86
40 85
22 65
5 58
16 35
29 84
76 74
30 9
85 92
8 64
13 8
37 45
89 70
13 26
28 67
43 30
2 99
43 8
26 6
79 60
88 35
14 78
92 95
3 5
64 5
48 63
52 2
23 29
88 28
93 53
15 74
92 70
9 1
7 91
82 55
55 87
23 32
47 87
79 41
36 99
91 25
3 67
75 90
42 50
94 21
35 51
52 50
6 74
86 90
20 72
81 41
33 69
33 18
44 3
40 81
35 72
73 95
31 79
50 93
4 58
23 59
91 45
60 70
72 14
75 51
2 42
63 32
46 27
6 53
94 2
74 71
33 57
67 36
75 87
41 37
45 62
84 3
82 31
33 16
20 93
39 55
39 90
38 50
87 40
88 38
48 10
100 76
2 54
92 32
22 46
43 85
42 47
36 12
84 22
91 46
28 21
6 52
24 13
97 16
69 4
69 67
72 40
6 31
98 8
94 66
44 63
68 25
48 13
43 31
60 65
39 37
60 46
30 33
83 69
6 53
79 90
67 58
2 53
6 13
27 65
99 34
99 12
68 63
19 97
26 81
12 21
17 74
79 99
25 85
95 30
86 60
39 10
39 63
7 79
57 46
91 87
98 54
75 14
7 62
58 55
28 55
60 53
66 20
50 14
72 6
95 66
17 67
71 34
100 5
74 96
45 66
16 38
77 19
78 20
36 44
27 7
66 40
83 9
6 70
70 5
69 45
92 85
59 94
93 58
19 46
49 86
74 69
27 39
100 62
92 93
61 65
35 32
26 93
11 62
77 25
36 47
91 80
22 79
65 10
39 23
93 46
74 64
72 97
2 55
9 73
88 46
5 1
46 33
83 32
72 47
78 55
43 68
46 43
92 36
93 24
97 58
32 47
46 57
94 95
25 82
86 1
87 91
44 60
84 20
64 29
34 5
87 60
52 33
70 91
45 56
93 42
58 44
93 88
91 84
91 27
19 41
35 50
58 93
21 32
17 67
51 94
99 89
54 53
71 80
74 50
26 81
68 4
70 8
36 65
84 89
1 25
20 6
67 33
93 55
58 95
46 53
15 28
75 7
85 40
85 67
56 39
10 83
3 45
79 5
29 100
39 12
44 86
47 12
19 43
65 89
19 80
52 33
91 95
38 95
95 50
27 83
39 14
91 69
11 49
59 55
25 58
84 98
69 82
23 7
34 36
15 11
21 13
85 81
83 61
24 99
26 44
45 9
51 29
13 14
76 68
7 97
41 77
54 32
1 87
41 90
9 12
34 49
44 58
11 35
60 64
20 33
65 46
58 47
59 78
14 99
55 13
90 64
31 8
34 11
32 10
33 61
29 28
17 16
27 50
21 90
17 59
77 41
5 71
38 17
72 31
76 45
14 22
98 44
44 2
25 10
38 66
22 10
7 54
33 48
12 46
74 21
10 60
19 46
49 100
14 4
82 74
49 1
57 37
6 17
16 26
13 77
12 52
50 8
79 57
56 32
51 89
92 53
86 45
27 82
57 5
26 79
100 87
25 11
50 31
30 82
99 42
32 77
22 94
60 67
74 17
82 59
54 84
69 66
40 81
7 11
89 63
3 12
37 84
1 17
54 84
55 85
96 31
4 12
57 64
57 16
36 51
56 2
2 24
55 41
92 63
38 54
16 10
21 85
51 20
25 4
92 1
77 48
5 61
95 6
61 69
78 11
55 37
5 2
92 11
41 66
39 100
56 5
14 66
98 21
44 25
4 3
16 80
67 34
81 6
79 57
48 18
11 58
28 90
12 14
74 25
69 39
20 44
14 81
69 6
12 60
30 31
87 68
57 91
71 21
77 67
16 86
8 67
19 40
9 92
27 86
82 70
75 4
75 19
76 42
91 77
69 4
20 60
47 49
96 88
98 39
45 93
27 92
8 25
14 71
24 93
80 42
18 14
90 45
78 63
57 10
5 92
30 23
11 20
95 95
45 10
81 44
24 25
100 25
16 11
88 18
11 40
43 10
97 55
21 38
90 19
50 67
55 70
36 91
43 19
98 73
86 41
60 26
17 74
49 76
39 36
77 32
53 16
39 15
45 10
28 55
67 30
15 70
86 79
60 34
34 96
73 23
33 60
17 16
31 8
18 18
94 87
64 14
63 73
96 96
56 61
73 53
81 16
14 92
96 74
87 38
70 16
27 49
85 63
96 87
27 63
1 46
33 66
78 89
3 89
62 9
38 60
58 13
69 4
6 12
85 66
54 51
56 29
55 88
79 87
58 97
82 89
51 100
30 26
60 27
82 60
22 79
44 33
23 6
4 99
55 28
55 7
27 51
76 44
52 51
28 41
42 16
27 3
52 49
84 76
90 99
84 11
90 32
28 46
23 33
72 10
56 16
84 54
67 9
70 20
3 57
27 77
8 24
64 73
78 96
54 13
21 45
28 12
96 99
6 64
25 90
48 17
51 4
83 94
44 69
73 54
62 32
22 84
89 46
53 12
81 90
93 95
78 35
76 2
76 97
59 45
91 54
6 74
62 90
32 94
27 93
2 65
31 100
30 83
77 79
29 41
20 37
92 83
42 98
77 29
68 40
30 92
76 18
76 19
70 97
58 60
44 83
88 84
89 28
50 63
11 42
72 46
89 3
30 20
72 53
70 67
55 73
47 97
35 22
93 100
15 71
30 89
7 100
68 39
77 69
87 81
24 19
68 2
8 69
10 63
34 51
58 87
71 72
10 57
3 7
37 95
89 98
52 21
68 3
4 97
35 63
9 35
52 91
38 7
91 38
19 92
41 8
39 60
14 83
22 65
67 99
31 80
20 79
17 41
37 78
81 80
64 64
4 61
48 93
38 16
94 7
32 59
11 16
100 89
71 19
22 74
24 98
9 100
74 94
83 39
8 60
71 9
88 20
5 8
49 66
9 33
5 88
41 27
25 9
84 46
7 70
1 47
38 39
4 83
96 49
49 53
90 47
75 55
60 67
100 21
37 6
64 5
22 64
79 54
9 46
77 30
96 27
66 36
39 98
80 59
30 56
29 4
1 67
41 70
25 64
6 29
74 26
65 11
80 79
51 69
91 69
41 37
45 100
64 36
13 64
80 70
90 54
48 88
22 27
85 15
87 75
75 10
31 74
82 68
89 54
89 39
39 36
52 57
10 71
12 36
55 90
82 29
17 79
17 83
1 41
100 55
73 44
96 47
60 56
70 65
43 18
38 86
27 93
55 61
25 70
15 39
71 84
24 54
55 51
4 74
54 93
41 82
14 77
30 45
57 46
28 24
47 67
83 23
10 74
55 29
60 53
3 12
94 73
27 81
64 73
8 74
55 36
21 25
34 26
64 78
77 34
4 53
12 72
61 83
72 9
42 83
4 3
51 98
41 97
66 51
91 9
76 62
82 27
92 54
56 29
23 93
40 60
56 55
88 45
100 37
9 66
60 6
69 6
22 28
44 67
63 47
65 88
62 5
68 53
93 58
72 97
18 36
19 64
55 2
27 51
87 37
10 56
30 58
6 81
85 36
27 36
49 95
92 8
6 41
75 71
44 24
77 4
98 22
44 4
5 28
79 28
33 40
15 87
25 52
87 56
23 28
51 16
9 57
53 88
61 33
10 77
62 75
21 45
10 37
33 57
54 69
38 17
1 9
39 85
40 69
91 14
90 2
1 38
12 18
52 95
30 2
55 92
61 17
77 5
26 64
41 34
69 39
6 100
55 26
87 77
59 61
52 57
47 15
51 24
16 53
2 14
34 29
54 51
33 4
23 55
63 89
28 46
88 15
75 26
73 37
69 78
93 67
23 40
93 57
32 12
72 12
47 35
35 68
87 54
88 23
99 45
29 13
91 95
91 33
40 3
81 18
86 53
51 14
38 82
98 10
56 25
7 28
83 39
77 86
74 36
38 93
65 22
80 37
71 16
67 51
25 1
5 9
98 25
6 27
36 83
40 78
80 2
54 10
85 23
49 89
93 10
81 18
5 61
100 10
38 71
43 73
89 77
95 34
80 95
13 18
32 99
63 66
100 40
76 1
20 45
24 28
71 93
12 89
4 60
11 74
67 92
87 10
44 2
21 57
72 2
70 11
57 38
31 73
8 47
87 27
21 10
69 57
36 51
5 90
23 68
62 37
18 91
88 89
43 75
84 49
22 30
29 5
46 14
31 80
35 43
34 9
80 5
73 57
55 93
21 81
98 77
35 7
18 14
86 11
16 100
79 72
28 83
42 92
65 47
90 33
96 85
92 79
51 32
57 66
96 11
53 92
99 26
87 42
31 59
11 99
5 99
88 73
29 40
81 14
45 39
33 25
53 6
77 65
73 90
23 40
85 88
36 20
15 45
69 88
76 3
94 14
21 38
5 94
37 9
88 15
61 2
45 25
39 33
5 30
44 49
28 40
85 38
26 42
59 7
95 56
40 64
20 97
65 65
8 15
96 95
43 1
36 38
50 19
49 43
56 86
90 60
51 80
100 75
19 66
57 2
21 81
21 33
21 53
48 11
45 4
86 63
7 5
20 51
12 36
46 92
50 2
1 19
20 13
83 89
89 72
22 92
30 10
17 56
50 59
72 21
50 40
11 35
70 3
6 71
38 36
41 7
38 79
32 76
67 100
39 75
33 59
95 59
76 29
100 59
3 70
9 11
61 29
57 47
58 36
34 36
9 8
65 99
43 25
65 29
49 1
4 1
23 87
62 84
39 92
29 9
55 41
76 63
79 20
30 18
63 77
20 80
21 23
57 42
74 15
35 93
6 63
6 69
65 38
1 28
21 73
24 3
92 62
19 29
62 77
5 7
61 12
29 96
28 6
97 46
3 65
70 40
78 49
73 59
35 6
9 20
2 25
1 39
87 99
92 73
57 69
52 69
58 79
42 6
21 39
43 83
81 65
59 16
98 47
66 55
51 99
85 74
28 55
82 62
18 97
92 78
82 13
3 54
3 46
50 43
7 29
54 43
18 36
53 8
72 17
54 70
61 78
67 46
19 7
43 76
51 73
6 81
70 8
34 91
52 22
72 47
28 59
57 80
93 12
97 96
54 40
77 76
16 72
19 98
49 3
55 21
96 57
21 12
97 87
97 1
70 54
86 2
40 46
10 3
75 26
28 54
5 83
75 33
72 15
7 89
34 78
47 47
93 24
99 51
12 71
4 95
16 90
39 50
48 21
36 45
94 73
56 19
86 2
27 67
54 46
4 22
66 46
96 39
76 65
76 83
30 60
19 8
30 53
52 69
92 24
35 39
67 66
56 64
93 14
20 89
18 85
30 80
26 12
41 33
16 18
54 61
31 84
55 88
91 27
39 86
42 99
76 78
91 85
70 41
90 87
95 95
52 45
30 20
24 61
47 95
91 19
86 19
42 74
27 16
97 86
100 49
42 31
44 90
7 9
20 75
60 100
60 97
29 76
45 1
36 20
22 60
82 11
95 40
4 39
64 55
90 56
91 15
44 12
97 46
90 28
90 83
95 19
22 2
22 77
78 100
78 59
5 65
4 16
5 8
59 89
88 86
83 3
88 31
22 83
29 44
22 62
94 46
49 22
78 86
34 87
15 81
65 64
74 95
68 24
90 51
91 1
72 52
93 64
76 55
20 55
88 27
83 11
76 19
31 65
74 9
80 7
48 8
50 44
57 53
100 20
62 40
41 23
56 84
71 31
61 12
93 17
30 98
94 60
45 73
28 77
42 56
53 35
14 47
17 50
19 29
64 22
32 65
64 49
87 62
97 75
41 38
47 72
12 46
53 3
47 70
85 87
61 50
41 32
8 7
1 40
4 45
20 63
97 73
33 85
31 79
88 91
3 4
35 3
11 29
8 14
12 44
68 49
68 68
43 19
52 83
73 62
37 5
29 7
59 91
71 25
43 70
35 22
45 6
32 82
40 81
77 77
68 73
72 94
18 21
53 14
18 91
98 38
35 81
71 41
36 47
42 46
49 85
3 59
26 96
53 100
75 91
59 89
90 79
87 51
51 13
91 26
71 31
100 86
63 43
3 74
58 83
22 57
27 78
67 100
43 34
37 54
23 59
87 85
29 5
30 16
67 45
52 35
49 99
87 30
95 83
12 69
94 91
93 28
34 8
77 13
1 30
41 10
60 99
35 9
70 61
54 12
45 20
39 52
82 92
20 35
83 8
24 85
77 25
99 69
77 85
92 73
80 71
65 42
88 54
17 87
11 57
43 64
77 96
28 3
32 21
1 57
95 72
79 70
41 22
54 68
6 21
27 95
66 31
37 69
24 99
35 46
45 24
35 85
48 11
70 94
22 70
93 12
57 65
36 20
18 1
34 23
84 50
10 5
84 38
60 18
34 83
52 87
97 71
72 17
19 22
50 72
95 74
99 22
58 73
31 90
21 25
66 65
56 95
92 41
1 93
2 30
75 3
85 34
49 63
71 17
66 56
66 68
74 61
38 1
4 75
3 97
76 54
25 64
9 11
47 75
8 92
35 29
45 69
32 100
33 97
33 94
10 24
62 26
77 85
14 98
80 71
24 82
100 11
12 11
16 20
74 18
30 60
16 81
42 2
52 93
83 56
27 86
58 60
71 2
76 98
78 5
41 71
59 42
85 15
60 20
91 50
94 13
95 33
5 4
24 81
29 72
79 74
96 41
39 12
15 86
13 81
87 10
15 95
84 78
2 13
80 83
61 33
47 7
94 32
63 80
34 13
19 59
73 18
80 86
30 8
82 84
33 2
53 39
25 89
97 73
53 57
14 54
76 22
56 35
44 56
37 88
18 77
72 41
96 14
81 88
90 97
17 98
14 15
96 66
30 91
65 96
52 97
77 88
69 3
22 6
92 1
68 66
33 79
83 35
10 71
68 74
92 95
50 88
53 6
71 83
91 72
12 8
92 92
37 34
7 59
83 46
60 28
51 55
57 46
84 100
52 58
49 93
74 90
58 14
64 58
14 1
99 64
81 46
49 65
23 71
18 82
5 31
68 55
25 51
66 32
24 32
51 95
2 27
5 65
24 58
42 66
38 9
81 51
75 42
99 22
99 88
7 26
23 93
100 61
97 65
83 38
78 39
70 32
75 3
42 84
39 34
93 29
95 56
87 25
89 20
25 26
81 51
90 72
10 74
87 12
78 46
34 27
1 16
45 5
36 93
13 82
86 41
54 89
97 19
23 26
30 87
64 69
100 32
72 73
83 49
41 34
30 22
51 55
96 97
90 74
4 25
59 89
90 85
35 88
41 4
93 98
89 21
57 50
61 58
1 48
96 17
91 75
24 7
60 24
86 56
5 52
6 29
31 5
66 53
26 56
82 91
27 72
71 89
16 7
46 69
6 76
47 65
73 71
67 85
23 33
93 64
76 14
65 82
42 54
44 17
29 83
44 21
49 31
36 51
41 93
34 79
81 50
18 52
60 35
48 90
17 7
99 92
74 30
19 39
40 1
86 82
69 72
50 69
10 41
7 86
28 11
75 64
77 36
48 73
47 27
72 92
52 39
54 97
12 68
52 36
23 62
59 2
7 64
96 71
39 23
5 19
61 27
6 57
45 44
12 43
50 87
17 90
69 83
80 88
75 59
46 64
47 83
17 29
3 29
61 52
66 11
30 71
100 62
49 86
68 27
87 81
58 69
26 77
50 9
34 99
31 1
60 51
38 37
8 41
89 51
62 12
74 52
74 5
99 19
5 46
11 85
57 36
7 44
27 52
92 33
98 43
23 35
37 84
81 75
20 83
56 64
84 29
80 67
16 78
89 83
50 39
83 46
9 71
33 57
77 47
35 5
68 68
91 20
64 43
79 60
99 65
87 100
9 40
15 1
21 50
11 74
24 62
59 71
97 6
11 4
22 5
67 31
71 64
51 57
18 36
17 46
13 92
71 12
51 62
70 42
50 38
5 44
56 26
26 97
22 95
63 58
99 56
72 31
85 98
23 75
94 86
61 38
91 43
10 56
9 26
65 32
65 72
93 64
88 2
21 90
78 94
99 12
83 71
57 67
60 33
16 41
45 39
71 9
55 66
73 77
7 81
85 89
28 90
63 38
93 93
33 46
63 63
47 38
7 84
62 3
81 98
83 100
95 92
84 52
42 37
8 1
91 74
13 5
27 8
86 67
9 52
89 95
67 33
93 84
59 11
65 8
73 83
28 88
29 50
59 17
96 11
40 98
79 74
81 59
25 59
58 57
18 61
12 67
43 9
7 14
1 51
59 27
16 91
37 3
2 19
66 75
46 32
8 35
75 78
17 9
70 35
96 95
76 2
3 60
14 58
39 34
38 46
67 54
38 46
88 3
86 36
14 77
66 74
61 76
62 98
13 13
91 32
1 2
29 43
40 60
11 81
80 64
68 41
69 70
99 4
66 12
58 64
82 41
78 25
18 43
83 60
65 9
74 83
46 23
99 35
74 72
44 12
1 40
9 80
40 28
21 53
77 46
31 14
62 79
36 40
26 48
27 7
80 82
96 59
99 49
37 32
66 18
88 84
23 69
37 16
24 26
23 22
7 28
47 18
75 2
3 14
92 74
12 53
97 76
57 97
84 6
65 29
20 64
91 48
86 94
8 66
16 41
38 75
90 46
83 62
79 63
73 54
74 92
14 75
12 69
18 64
7 96
8 34
43 55
59 74
88 42
40 22
65 21
60 78
38 89
61 68
74 86
74 81
74 77
18 49
78 50
54 89
54 81
9 2
60 78
23 50
65 10
6 1
6 85
38 2
81 71
89 93
48 52
95 80
23 83
6 64
63 6
45 6
63 42
42 85
33 75
40 3
58 66
39 67
46 1
50 88
1 29
32 70
92 12
80 68
33 29
84 11
43 10
44 31
70 59
42 13
44 86
18 99
52 54
93 25
32 31
43 28
36 85
67 85
81 77
24 81
8 29
1 39
50 63
51 26
44 12
44 3
21 39
69 78
78 10
6 18
80 97
69 32
49 77
7 74
44 39
73 10
65 57
76 36
15 99
83 37
63 44
40 4
80 64
91 6
36 2
87 21
45 29
54 91
22 84
71 38
84 32
63 36
16 32
94 17
48 4
18 89
35 73
20 53
25 31
72 71
27 24
60 86
31 38
68 38
32 99
66 26
47 37
95 82
17 34
39 59
31 19
54 29
81 17
63 45
71 62
59 22
57 82
31 44
44 79
84 80
79 98
80 2
100 15
76 1
97 100
63 58
71 3
74 91
34 87
6 39
83 49
100 6
32 95
79 66
91 39
99 91
44 92
4 52
24 14
95 94
23 36
78 87
79 98
15 55
71 19
60 67
26 20
65 15
99 20
41 8
63 32
39 47
4 89
80 89
35 20
45 2
85 39
54 19
1 8
47 83
15 63
27 7
53 22
57 70
87 67
51 81
89 65
14 50
73 81
30 78
86 64
100 25
99 95
18 80
99 88
86 84
76 29
19 48
79 89
88 5
69 27
82 93
57 2
11 91
38 6
60 27
99 58
35 55
20 60
25 65
69 81
52 56
71 59
72 9
34 3
3 92
55 27
52 100
79 62
86 54
92 46
43 57
74 67
35 12
51 18
7 31
60 52
47 11
63 90
73 20
46 38
28 63
30 67
32 96
41 45
42 3
32 77
32 6
70 80
48 22
81 60
92 59
21 44
70 7
65 63
21 76
15 91
54 3
25 55
95 2
61 84
22 51
35 16
70 89
59 48
90 89
1 57
59 93
76 72
25 78
46 22
11 17
73 18
60 37
84 52
75 97
11 44
66 62
6 49
25 88
74 79
10 14
2 92
4 72
56 78
78 58
49 18
53 7
47 87
32 67
20 18
90 72
17 43
69 50
29 53
67 3
49 48
14 92
68 75
59 62
10 89
65 28
54 83
14 22
87 29
3 89
39 15
38 93
63 22
69 92
91 30
58 58
22 74
57 73
16 22
82 56
6 17
74 6
37 30
12 99
95 82
8 28
92 25
49 40
12 65
75 48
42 58
5 89
100 99
100 97
85 96
42 39
97 26
39 36
39 72
49 75
93 31
53 43
46 77
90 64
66 51
61 100
71 82
77 33
39 95
6 49
2 2
50 41
34 76
62 55
49 8
84 42
77 13
76 96
60 8
91 49
11 44
92 37
16 94
40 13
57 4
99 14
55 76
58 7
18 41
60 53
88 18
4 80
25 33
25 90
30 55
88 35
17 62
85 72
12 71
2 20
69 46
49 64
66 20
14 16
60 26
32 82
14 88
64 24
13 94
94 9
52 22
99 54
91 88
52 9
53 15
94 68
92 37
60 26
97 52
83 58
25 62
86 40
10 16
15 14
22 37
51 13
98 13
29 43
5 49
95 28
52 32
74 26
99 28
14 92
4 33
29 74
32 24
71 1
4 31
22 62
58 42
97 84
62 13
14 80
93 85
34 77
13 3
77 2
72 21
80 96
25 42
61 70
51 75
17 65
26 78
14 12
87 89
5 44
52 32
53 7
48 88
51 27
4 20
13 20
39 28
49 12
10 37
7 28
54 26
97 39
9 41
37 71
36 52
55 87
53 97
3 43
39 9
45 54
41 14
10 19
59 2
70 7
40 47
37 20
88 24
63 57
50 15
5 77
15 55
69 72
9 76
42 52
16 23
75 91
91 58
50 86
1 67
49 83
79 1
5 89
76 68
79 58
69 88
7 98
9 27
49 81
95 75
32 47
6 54
66 23
57 4
84 29
47 17
49 85
20 80
21 34
54 43
57 45
38 81
56 53
45 17
44 63
24 43
23 4
97 75
35 85
38 37
85 46
13 88
69 68
92 99
41 64
72 83
55 96
45 22
38 48
68 30
67 7
10 71
11 57
82 93
40 62
74 6
5 71
49 37
53 55
3 83
50 8
55 56
35 60
32 38
42 7
45 17
14 58
91 50
99 100
52 68
98 66
10 96
37 69
8 90
40 54
91 36
31 31
6 41
36 38
68 32
68 97
73 39
45 87
65 8
87 93
41 64
85 42
14 90
73 46
6 33
84 11
15 10
33 64
80 50
31 56
32 43
36 40
99 38
53 64
50 40
87 54
59 91
36 50
66 57
94 31
6 86
7 24
20 94
80 64
8 65
65 76
53 88
31 79
53 35
32 37
64 55
32 5
98 99
30 87
14 36
80 96
77 74
99 88
11 44
56 32
17 40
6 3
56 27
66 7
27 64
31 98
73 70
62 80
27 19
84 63
99 14
95 83
11 70
58 16
24 90
82 73
11 12
9 67
49 10
68 23
32 43
100 98
78 12
71 1
69 77
38 99
51 38
21 63
55 29
4 70
25 62
83 26
15 26
42 1
13 19
67 60
29 96
62 93
33 2
16 61
95 15
10 44
40 19
33 93
61 19
47 19
17 65
40 35
8 31
30 35
5 13
21 93
91 25
46 45
9 2
98 96
39 63
84 26
71 9
77 11
37 52
45 3
65 49
15 34
93 39
13 58
77 19
75 51
23 80
17 16
24 99
2 78
85 37
95 63
1 98
16 75
46 87
71 40
62 95
71 88
88 26
34 37
76 99
12 25
40 47
100 64
35 95
55 28
33 57
18 48
14 62
46 82
3 33
76 18
91 77
35 79
80 97
8 12
94 99
81 29
85 46
34 48
51 64
44 42
51 83
14 33
17 36
52 21
82 45
73 3
81 9
4 3
52 67
15 41
24 62
40 61
99 49
40 44
27 64
95 31
40 47
75 85
92 91
29 83
55 27
73 18
8 22
48 73
92 16
97 44
98 13
36 2
57 53
89 63
60 88
63 72
60 91
17 40
92 28
82 48
15 7
61 74
100 80
100 89
63 97
28 85
78 34
71 27
72 1
10 77
65 97
44 12
77 35
99 42
60 54
67 17
89 9
4 61
29 52
8 9
21 43
75 36
99 77
68 18
77 54
21 45
98 2
36 45
81 55
7 59
16 18
5 19
28 68
50 76
81 44
29 9
3 39
81 52
48 16
64 54
27 35
67 52
70 77
86 24
51 89
98 92
1 57
18 96
45 90
33 33
19 5
41 89
23 78
89 92
2 26
10 48
54 53
33 62
22 42
73 4
7 1
96 10
14 80
35 21
9 14
72 3
52 92
40 75
37 78
32 62
2 61
79 63
38 52
73 12
60 16
80 77
34 38
50 16
13 23
68 11
67 87
8 75
100 81
24 87
90 44
6 49
93 47
13 96
9 72
40 16
88 47
67 91
10 27
37 11
67 51
91 56
63 35
94 29
60 76
17 2
18 8
24 95
16 18
91 38
85 75
6 31
26 40
28 23
79 36
19 64
75 83
22 21
90 83
50 14
34 69
26 45
49 2
5 91
85 72
79 94
34 35
30 34
94 68
81 94
19 9
91 36
7 22
94 29
65 99
19 74
26 4
94 61
59 2
38 32
25 57
90 35
85 59
95 68
90 95
51 65
57 52
18 90
80 13
66 80
85 89
58 11
80 50
14 78
9 69
100 26
60 88
95 15
55 93
36 15
32 45
25 4
9 33
43 59
95 18
20 73
10 47
58 20
23 97
26 11
82 42
58 94
10 10
32 55
37 12
67 34
89 5
42 31
48 27
12 21
99 42
76 55
49 35
82 1
92 7
20 69
11 23
7 81
92 55
60 5
81 57
71 58
42 82
55 5
8 61
12 18
25 20
20 61
96 24
1 79
64 44
34 77
28 39
21 72
45 44
85 19
44 81
95 89
37 61
60 52
47 43
36 90
98 83
67 83
11 37
50 3
71 17
57 31
3 63
85 30
100 4
28 66
80 87
64 55
2 25
32 9
32 7
86 56
19 86
78 89
90 28
64 9
17 64
66 26
34 46
83 100
100 49
71 56
84 74
60 63
41 69
67 86
19 95
8 89
7 25
40 90
61 46
2 55
45 96
70 70
27 11
47 94
93 90
5 74
15 62
74 68
78 44
68 94
70 84
92 9
29 49
28 58
65 49
43 20
57 86
77 17
6 87
29 58
10 66
74 47
14 41
26 13
37 62
20 4
44 34
66 63
28 9
75 75
50 98
77 36
55 60
10 94
6 83
5 76
19 48
78 73
5 47
87 57
98 12
78 7
11 62
16 25
65 11
99 52
23 35
10 25
32 46
88 96
48 47
91 84
37 5
29 46
56 50
94 37
14 30
9 87
13 98
56 97
66 42
61 55
1 62
94 58
94 92
19 92
3 34
76 100
80 88
81 57
74 68
26 49
29 17
5 20
49 6
32 78
43 5
52 82
38 55
83 99
83 5
5 97
63 73
28 80
14 9
66 38
91 15
4 3
16 82
3 84
65 93
74 62
67 1
84 82
13 97
58 39
21 29
20 14
16 86
26 82
26 41
24 33
39 85
75 54
51 28
48 63
86 98
26 50
26 16
27 93
10 25
89 59
96 77
67 8
22 9
49 8
66 9
9 45
31 48
44 25
9 85
89 6
46 59
67 87
87 3
12 8
63 85
86 1
57 95
72 23
21 86
86 90
84 13
12 70
8 22
30 26
78 86
86 49
42 49
95 91
62 23
16 49
97 75
48 45
91 27
62 44
34 20
16 46
64 61
92 56
14 72
11 25
89 99
74 98
97 47
43 78
8 58
61 71
65 78
86 29
53 34
13 96
51 85
35 94
87 42
70 100
48 56
19 89
49 43
51 79
7 44
89 11
88 57
29 11
1 57
27 84
47 78
58 82
58 21
93 31
91 49
91 59
64 3
60 14
60 49
99 46
28 55
68 86
43 91
63 85
87 45
62 83
11 59
22 41
65 33
72 85
13 21
65 33
78 27
56 88
69 58
26 87
67 32
72 23
51 96
39 20
34 99
78 77
68 91
32 15
71 14
67 15
3 18
63 47
27 57
60 22
93 89
14 97
64 63
82 71
99 11
50 12
60 18
53 47
22 15
53 68
24 97
99 93
46 49
18 18
45 61
40 7
82 92
5 2
63 52
55 8
22 83
90 17
15 14
52 32
68 36
56 52
99 26
93 10
67 45
30 32
66 44
82 80
71 71
94 32
73 72
11 45
93 100
38 75
25 11
72 44
25 71
7 78
9 100
36 100
97 76
61 34
31 56
61 72
44 60
57 14
38 6
46 10
13 76
87 86
70 48
76 43
12 96
23 26
50 70
93 36
66 73
44 21
36 59
88 47
47 3
56 45
62 67
82 36
4 69
41 16
26 66
33 80
29 15
41 42
99 30
15 98
75 37
20 51
35 46
42 48
95 1
43 29
2 47
36 28
85 45
50 51
38 11
58 35
91 83
19 43
87 12
27 21
65 54
79 3
14 95
25 4
96 60
25 76
9 2
18 33
87 7
63 45
26 47
40 94
54 58
46 12
26 48
7 79
70 63
8 20
81 45
76 78
78 40
38 39
53 44
55 71
14 43
58 77
28 28
86 6
8 95
90 70
16 38
59 54
76 99
91 55
8 55
21 7
97 26
18 26
89 20
35 93
72 3
12 51
88 80
18 66
70 46
7 20
51 13
100 41
75 22
55 47
23 5
10 81
91 69
14 87
29 34
96 76
57 78
63 14
2 10
58 32
84 14
22 88
59 53
1 35
98 64
38 80
10 42
60 25
80 45
49 25
100 81
12 100
12 25
27 34
20 92
74 63
67 67
27 30
17 87
25 82
29 46
74 74
6 40
20 78
71 85
38 27
41 64
42 3
90 10
6 49
87 63
52 77
45 52
84 44
43 49
1 36
56 17
4 69
37 43
6 31
33 38
94 56
31 92
73 89
98 27
60 66
28 39
40 85
35 45
16 26
82 51
35 7
81 31
53 59
86 65
34 51
29 45
49 21
67 95
95 30
16 47
100 30
13 72
26 84
1 78
51 51
72 58
94 83
8 32
28 51
88 84
82 85
2 52
95 61
37 68
26 26
34 75
92 15
55 40
88 91
7 48
50 64
24 17
77 10
41 83
6 53
40 34
60 44
8 13
80 63
87 13
26 45
61 23
49 26
88 76
21 44
20 23
97 67
85 32
61 22
56 81
42 30
63 61
15 69
97 14
76 89
16 46
76 77
28 12
52 91
24 100
48 49
58 5
9 4
35 93
51 96
11 77
36 14
26 1
31 96
29 77
73 14
22 16
37 3
33 4
63 74
60 30
7 63
80 91
97 71
24 80
26 22
39 68
95 87
42 70
58 73
56 46
62 14
21 59
60 97
72 75
73 75
85 100
58 27
11 38
36 47
29 94
39 78
63 71
73 31
65 45
65 50
37 73
25 94
11 54
45 30
19 31
31 68
89 32
91 88
75 38
61 91
23 51
80 76
41 17
79 82
32 97
72 36
70 45
49 28
52 39
68 87
48 9
6 64
91 87
23 84
47 47
97 47
60 100
92 87
19 24
9 86
14 7
14 61
15 51
47 8
90 55
57 76
38 64
47 19
91 58
52 32
82 79
88 72
4 34
25 14
67 59
98 73
28 25
25 8
11 98
40 12
17 83
59 50
56 2
99 61
12 25
55 72
17 5
57 72
82 94
82 75
83 41
60 84
40 39
38 96
87 19
1 8
2 14
2 93
76 5
33 56
15 27
78 58
47 16
54 73
79 42
34 74
21 68
14 15
81 59
92 29
15 100
52 18
88 17
81 97
79 91
43 58
14 93
85 15
90 12
76 74
70 69
79 97
31 71
31 17
38 3
84 30
23 42
67 25
67 3
8 34
3 73
37 80
64 16
100 36
59 33
70 80
35 9
7 94
66 9
31 77
25 83
44 94
85 16
54 63
38 79
7 49
46 91
31 49
46 32
49 74
98 89
44 15
66 61
56 53
25 4
37 93
97 1
38 28
1 3
36 66
98 96
18 17
61 19
77 11
1 47
2 55
30 35
32 7
94 55
14 34
19 57
58 68
71 50
6 54
95 98
82 80
65 23
83 23
17 86
46 55
83 94
46 43
79 44
40 15
83 66
97 98
49 62
27 10
4 47
76 82
62 19
55 47
49 74
92 73
61 55
19 9
46 13
90 53
90 52
15 48
21 33
85 63
43 86
1 32
83 32
36 19
92 39
8 60
48 3
52 100
81 98
47 90
98 27
52 34
7 21
36 9
73 28
16 17
36 82
5 78
42 44
24 15
32 51
19 32
42 32
100 63
35 23
27 23
70 31
36 1
13 26
34 92
60 79
18 52
68 22
63 50
62 42
50 9
70 9
40 82
71 11
25 72
82 50
6 43
43 19
85 36
76 59
29 26
40 1
89 24
82 78
85 77
18 25
81 51
64 80
21 11
90 15
19 22
71 74
28 96
28 29
58 73
17 51
35 19
82 12
8 44
97 54
88 63
92 58
38 39
10 8
91 11
56 98
98 71
62 11
72 8
8 25
85 85
3 58
30 7
41 27
43 96
31 34
32 15
67 7
21 24
55 79
16 65
13 92
24 85
41 1
38 52
39 90
26 24
63 95
84 44
70 98
98 77
59 8
44 94
34 90
87 92
83 46
44 16
31 87
22 60
40 29
55 33
52 82
26 5
38 64
33 2
26 2
63 57
18 43
56 61
69 100
36 75
11 98
15 93
36 62
62 24
25 70
15 52
6 40
41 49
5 93
75 78
91 73
5 51
19 67
44 57
13 46
98 11
64 73
36 7
28 90
64 18
87 66
17 99
82 31
76 7
98 61
47 69
7 85
4 30
90 3
54 21
57 42
61 64
48 2
94 16
89 9
8 96
26 45
46 90
35 92
79 82
44 66
62 90
86 28
66 13
58 60
47 66
61 79
71 47
88 19
17 74
64 92
54 92
45 68
95 9
69 93
43 78
27 75
47 4
69 96
59 88
29 58
54 59
76 91
53 29
62 94
82 63
68 75
38 63
10 73
95 63
26 60
24 55
94 82
62 71
96 28
2 54
62 74
45 75
71 68
15 98
74 71
38 67
9 85
10 82
20 85
46 24
44 85
80 12
43 36
75 41
90 70
27 39
54 89
24 44
30 37
69 43
32 18
52 42
41 52
61 56
77 47
52 9
87 85
30 86
39 8
49 24
93 85
60 11
4 20
93 69
30 38
35 29
14 17
91 7
28 39
73 38
40 95
82 86
50 60
35 77
85 59
74 5
82 11
34 60
7 95
54 37
65 17
64 30
39 45
58 82
75 8
52 35
7 33
78 53
31 77
99 52
27 78
86 42
43 20
2 44
4 88
3 81
20 35
18 12
94 17
15 74
68 24
19 16
18 89
30 89
48 64
14 52
72 28
87 74
43 45
56 94
56 23
72 58
2 32
36 44
91 90
96 67
68 100
73 74
2 80
29 36
35 53
6 10
61 3
96 28
64 11
35 8
82 56
12 86
73 10
98 22
19 36
60 16
60 28
44 42
60 92
61 34
30 10
45 8
37 39
20 37
59 77
33 97
50 19
10 30
56 77
20 14
70 87
20 10
37 59
20 20
59 87
99 48
12 93
80 42
52 12
80 10
26 52
76 40
49 95
54 14
51 64
35 100
68 57
27 41
39 52
89 47
7 55
37 93
96 71
30 61
23 92
89 22
65 68
95 40
4 82
60 86
49 44
46 66
26 77
60 76
23 6
4 51
51 68
21 45
20 37
1 76
80 45
2 39
94 99
47 75
50 33
65 87
60 80
36 80
72 16
86 28
39 50
3 87
45 90
58 47
12 4
37 16
70 89
23 35
33 87
96 59
27 99
95 63
79 65
15 70
5 93
42 41
65 88
81 76
20 91
93 82
33 41
34 49
47 97
82 91
46 86
52 97
3 19
30 12
51 70
33 28
2 72
92 79
25 49
22 51
57 64
30 22
90 23
71 36
63 70
2 35
58 18
53 78
54 94
93 40
48 20
24 27
92 51
1 42
17 32
4 54
42 3
79 42
10 91
8 57
72 71
35 50
40 28
48 37
59 50
100 42
51 15
34 83
32 19
74 32
2 4
99 69
15 15
48 44
43 52
40 28
30 34
86 10
48 26
20 85
75 97
79 15
43 69
30 68
48 87
32 9
92 36
8 63
78 90
41 91
81 30
13 59
40 9
82 67
81 53
60 68
47 25
69 9
14 9
15 71
80 23
75 36
18 66
91 72
93 25
5 98
13 96
50 86
62 87
38 34
66 48
70 61
67 71
19 24
54 61
62 96
61 74
5 3
80 50
88 37
26 78
64 15
46 43
57 1
13 24
18 57
51 24
30 64
75 3
14 8
21 38
69 98
69 81
49 7
41 36
99 64
77 4
96 70
93 91
40 39
33 50
91 69
42 54
53 40
49 35
14 25
20 41
16 20
82 16
16 40
3 30
89 26
18 58
71 34
68 90
25 56
41 94
44 27
85 98
76 29
95 20
34 27
30 34
81 92
36 59
8 75
54 50
63 96
71 17
57 49
89 50
54 25
58 58
74 90
53 11
22 94
43 63
79 40
26 93
100 24
19 74
10 24
14 9
68 25
45 89
28 5
100 48
49 3
88 37
73 71
80 92
27 75
20 15
100 19
95 28
82 18
81 92
84 32
13 30
44 56
42 39
31 20
20 39
15 92
64 92
77 68
96 38
10 49
69 100
86 50
75 41
22 15
73 52
100 22
68 50
46 35
73 19
2 25
13 57
59 88
44 98
74 35
87 2
90 50
7 56
70 50
6 77
7 84
91 97
44 79
80 54
91 21
19 34
94 23
17 57
8 89
64 2
52 78
32 76
37 53
21 49
8 44
88 65
72 5
31 15
57 61
54 97
72 66
90 23
78 75
51 37
19 17
83 36
23 89
84 30
93 87
90 56
57 11
8 16
27 58
79 94
51 27
7 92
69 35
50 41
34 36
56 43
17 1
60 7
36 87
13 34
62 62
86 100
58 68
45 54
60 60
97 100
9 16
13 82
93 41
58 24
83 87
77 52
74 92
100 93
70 32
50 66
96 6
14 43
37 35
26 69
22 18
27 74
10 88
27 69
26 91
63 36
86 32
56 45
77 42
73 29
60 82
10 84
99 2
47 66
94 64
23 19
1 62
69 94
33 91
79 40
97 80
5 21
74 90
68 43
67 66
67 34
27 67
79 11
27 38
60 17
70 56
35 20
36 93
84 42
54 1
1 99
16 64
57 70
37 30
79 80
38 75
52 20
100 29
50 26
36 15
90 83
15 38
47 22
37 51
17 35
21 51
2 18
99 13
32 84
55 4
88 24
57 86
56 42
24 14
50 6
23 20
6 56
66 86
93 99
81 49
73 37
45 93
82 37
82 28
20 33
38 31
29 28
1 68
100 31
75 5
80 6
91 17
6 9
91 95
53 96
57 67
14 15
82 42
24 6
43 10
10 43
41 6
77 76
90 80
44 97
98 44
87 18
51 73
48 62
57 100
95 96
68 24
31 13
84 70
55 49
88 11
11 52
71 82
23 25
39 17
21 4
23 93
74 25
61 69
64 36
70 91
9 4
28 77
84 3
31 85
38 12
93 75
45 23
40 97
77 30
31 16
30 69
90 100
53 83
46 90
88 54
65 37
80 59
37 39
43 47
34 57
29 91
70 94
41 65
66 9
31 72
79 60
21 69
51 56
95 36
52 44
36 19
40 77
100 7
93 96
25 61
44 20
55 57
5 64
50 25
6 87
52 73
92 38
99 100
30 57
35 29
72 50
65 50
92 69
30 46
4 40
74 71
25 18
66 53
76 13
57 98
57 10
86 88
62 25
53 91
82 72
15 15
2 56
95 59
44 99
2 31
88 68
35 86
84 56
9 81
62 87
28 84
56 67
76 58
49 81
77 5
23 86
47 80
57 15
90 63
7 64
35 86
64 75
77 21
17 44
30 77
31 42
62 65
84 42
53 12
91 57
77 47
22 57
46 20
43 12
21 79
27 39
94 26
41 100
20 85
2 28
71 92
95 3
88 59
17 16
92 63
98 7
7 9
97 48
2 28
89 29
51 37
26 83
61 13
17 93
76 98
9 78
32 24
9 90
50 68
27 56
87 38
2 8
37 79
13 58
68 96
3 41
67 65
8 13
15 72
32 49
19 13
50 13
45 2
24 17
67 49
59 22
1 93
32 95
37 64
7 76
64 50
30 26
13 82
60 34
90 61
38 97
84 23
86 75
94 28
13 52
100 67
83 25
77 17
47 20
84 4
6 59
14 26
29 5
93 85
4 2
63 11
60 77
52 85
31 90
80 54
55 98
71 37
34 11
87 35
57 51
55 46
54 72
49 38
79 76
15 76
59 89
45 11
54 8
58 22
22 29
38 63
97 18
85 93
99 90
21 86
45 69
45 90
40 16
84 95
100 87
54 84
64 38
44 87
70 39
7 24
68 79
93 96
9 52
29 63
38 56
15 92
67 4
95 77
89 76
95 23
35 4
65 72
17 79
60 91
35 63
89 20
62 80
25 49
79 98
78 99
28 54
81 2
3 79
19 72
72 18
49 100
35 50
23 1
57 36
79 30
81 66
75 44
41 63
73 67
29 34
81 22
46 78
81 89
94 37
48 43
5 41
85 96
4 57
94 68
78 3
28 15
99 94
42 89
21 68
30 16
89 8
63 1
93 80
57 27
37 100
75 90
92 30
66 58
33 64
65 48
94 27
23 24
81 55
27 45
63 22
82 99
21 65
8 7
51 1
75 79
8 91
94 29
12 36
48 67
39 91
9 77
34 15
42 25
20 57
23 89
72 90
78 75
59 8
62 13
82 4
65 74
10 65
41 40
33 86
3 22
50 14
52 70
79 65
88 26
4 87
34 43
58 8
56 9
53 100
99 97
3 8
24 82
52 10
27 70
22 6
52 83
92 63
41 19
82 95
32 51
15 87
40 13
62 16
99 30
60 85
58 89
45 74
39 87
34 62
32 48
3 71
6 28
25 96
57 24
37 40
82 14
94 19
61 41
96 100
40 94
58 71
29 77
44 81
38 53
66 42
90 74
27 40
75 52
87 18
43 15
39 73
60 95
23 33
41 19
4 42
3 50
80 12
7 25
63 57
13 26
70 41
100 7
86 32
67 82
86 82
84 68
59 56
89 48
37 100
31 3
46 26
34 64
39 76
42 9
23 98
98 26
2 26
32 97
25 69
46 84
50 58
70 24
77 22
73 33
35 18
85 48
72 53
15 68
79 79
9 39
5 45
28 21
75 54
47 27
95 53
17 47
41 13
26 69
81 95
32 83
38 87
75 19
36 18
42 9
70 49
40 5
25 63
40 3
98 19
29 28
16 73
42 43
63 57
77 92
97 13
38 78
12 42
47 69
88 57
7 66
59 46
72 18
92 91
75 94
100 45
28 1
75 86
32 77
42 88
8 59
7 93
100 81
68 66
25 56
77 38
73 12
1 51
88 44
22 41
52 65
12 33
10 15
26 93
41 99
80 23
3 86
85 10
48 93
96 71
78 92
18 10
85 43
61 2
59 88
56 46
3 9
13 97
4 41
37 78
98 94
66 20
34 38
81 65
21 90
84 39
1 55
63 62
24 91
41 17
51 42
96 86
68 65
1 42
97 97
77 94
89 79
4 93
9 65
87 75
96 100
59 34
43 22
59 92
48 56
16 97
92 14
36 36
44 96
76 44
75 43
18 52
47 32
89 98
4 55
58 85
97 69
12 5
86 33
42 31
16 31
63 38
100 12
51 7
54 7
57 55
73 30
73 46
83 3
93 51
1 70
7 93
75 43
20 27
95 17
13 88
42 47
86 71
7 87
59 56
67 18
51 38
90 81
71 67
69 5
23 59
87 30
63 31
69 20
51 37
54 82
65 57
19 30
87 87
42 71
16 44
34 86
8 62
85 77
54 83
2 72
91 35
58 55
93 90
45 9
14 88
100 13
62 6
75 37
84 71
49 53
79 26
96 38
15 83
85 97
85 46
68 7
74 99
61 49
26 35
19 61
24 27
8 38
46 50
89 83
52 62
54 70
87 54
99 71
82 25
26 97
55 93
75 68
92 42
31 60
67 66
68 74
16 16
91 44
13 71
18 76
77 8
52 8
77 28
29 46
55 76
28 74
86 1
3 23
23 94
95 75
43 82
48 19
11 77
26 13
36 10
29 84
35 38
34 42
11 94
24 11
5 4
97 62
48 19
40 64
36 100
24 89
98 54
50 43
16 51
12 76
90 61
49 89
70 96
75 27
77 72
97 91
23 20
75 21
34 40
15 43
77 27
59 51
36 34
11 41
22 72
69 74
5 74
42 36
62 29
36 19
28 36
21 78
15 93
21 45
88 66
40 3
56 100
63 45
38 71
41 47
58 25
36 89
32 44
73 91
66 29
56 20
3 50
41 47
88 55
29 92
83 23
66 46
20 95
23 69
49 8
57 34
31 54
50 59
33 33
24 87
89 99
54 22
69 22
94 95
19 29
46 80
53 36
40 59
76 86
22 63
30 71
45 57
88 26
70 91
73 62
76 18
48 85
86 83
12 72
36 44
99 41
3 15
76 73
59 57
100 27
73 94
82 27
20 53
31 1
92 60
1 62
46 68
51 3
15 19
96 79
99 80
45 69
61 55
75 86
25 85
79 95
10 50
95 67
99 99
7 16
56 84
52 95
91 89
77 2
46 90
38 64
25 87
50 76
52 63
6 48
23 15
65 61
32 52
8 18
79 85
45 31
62 88
23 57
21 73
72 8
89 34
62 11
74 85
76 46
47 17
94 88
7 55
26 47
59 49
31 45
99 22
36 20
84 39
95 11
31 45
89 26
51 52
21 62
67 44
58 49
36 29
41 17
46 91
11 66
94 29
59 87
29 31
63 43
79 15
89 90
25 99
56 36
19 93
17 71
39 48
58 2
28 22
30 89
72 59
28 86
76 82
58 73
41 19
93 47
21 61
27 68
10 59
51 91
16 2
98 36
27 54
45 34
24 31
74 43
61 66
62 14
23 80
75 55
47 25
14 48
54 43
89 7
40 95
30 84
63 64
23 83
91 51
35 62
34 94
82 43
51 17
38 61
75 66
41 30
49 37
61 22
33 4
56 68
34 89
9 31
67 80
49 15
77 8
66 62
65 68
6 15
6 75
40 60
71 33
36 18
2 84
88 49
74 18
41 54
6 22
49 19
93 92
81 10
79 96
10 30
5 99
97 3
24 6
56 56
33 31
100 24
36 31
91 79
70 94
60 4
76 80
66 41
30 92
84 93
61 78
20 99
34 94
51 62
71 22
38 7
98 37
74 28
67 99
47 18
23 25
14 99
85 31
16 76
45 4
94 40
76 9
15 76
45 35
96 49
24 58
98 42
91 42
8 57
1 65
73 2
74 34
34 52
5 14
69 4
48 22
42 41
27 3
72 47
37 3
77 83
46 21
38 59
78 28
32 62
49 33
36 73
57 84
61 60
48 22
44 92
77 66
39 44
70 33
9 65
91 56
60 62
57 15
59 86
63 28
42 53
67 76
50 96
98 37
97 23
12 29
86 54
94 92
70 61
63 89
29 31
85 66
49 85
24 88
16 24
62 12
97 95
87 9
36 27
49 26
13 58
90 1
75 8
1 73
42 71
26 7
85 81
100 46
86 96
74 77
5 15
90 18
19 32
91 2
60 96
75 48
19 8
44 98
90 2
64 26
59 87
29 41
86 66
76 37
72 2
85 96
95 26
79 78
86 43
14 83
53 77
62 33
26 17
57 85
13 4
63 13
86 93
56 21
52 96
83 4
67 39
18 26
34 61
21 17
65 48
24 65
45 97
70 52
1 30
75 57
46 87
61 5
14 13
8 57
92 14
33 23
11 67
39 36
35 69
7 16
11 7
25 20
89 100
39 9
88 4
88 96
55 7
9 61
9 70
67 29
58 34
27 42
84 28
33 7
54 44
85 77
50 19
55 61
4 20
83 8
54 46
82 36
39 73
49 21
31 89
57 37
42 44
50 84
63 87
65 39
89 81
66 11
16 39
25 46
86 58
76 55
38 52
12 42
11 32
2 39
19 4
41 31
43 41
13 99
17 28
38 43
61 30
2 83
38 72
76 83
58 86
27 61
83 94
47 72
97 13
30 2
67 17
20 80
47 56
88 81
2 17
42 11
65 25
9 17
78 60
60 48
78 44
36 37
9 91
1 57
90 57
31 98
5 45
80 72
82 40
51 12
60 12
12 37
9 30
80 10
13 32
97 87
83 13
84 24
44 85
53 81
15 73
87 17
4 72
82 53
77 89
47 33
17 86
12 44
2 50
39 46
19 93
84 26
24 28
85 70
35 83
33 27
4 55
44 37
1 6
8 70
20 84
46 6
44 2
27 9
20 15
4 90
81 59
18 16
13 1
91 4
14 24
75 43
20 89
2 64
97 6
66 79
22 83
22 25
15 67
68 68
25 27
73 94
16 8
86 10
9 64
93 25
82 63
62 99
79 50
16 54
77 78
43 34
64 18
86 36
83 24
52 92
31 93
97 26
24 86
82 81
71 27
79 3
33 83
2 72
97 52
59 28
40 64
90 31
7 70
42 66
59 32
59 28
77 100
100 8
85 22
60 56
5 93
31 90
96 94
34 28
87 94
93 70
52 17
75 57
65 52
44 99
47 44
72 4
84 44
56 44
68 92
11 67
67 94
38 97
5 22
26 91
95 7
40 90
23 27
67 9
89 48
72 75
14 91
28 90
18 86
13 39
95 33
23 100
20 66
66 36
22 39
82 78
63 75
18 44
36 55
51 90
41 90
44 30
18 60
89 35
50 50
40 79
38 84
14 100
54 27
16 67
1 22
79 99
62 20
90 35
13 86
35 18
3 81
59 22
63 26
80 25
33 65
29 3
14 9
13 1
78 21
81 67
85 47
76 45
61 93
62 99
48 64
63 49
54 85
38 31
45 44
58 51
55 1
96 30
52 82
91 52
62 4
49 47
71 17
30 1
19 44
28 55
39 75
55 3
44 15
63 25
5 90
61 71
66 99
68 74
56 85
56 63
37 53
32 63
38 74
45 13
25 62
8 96
15 97
1 91
33 63
47 68
3 99
86 98
76 17
30 58
89 35
6 36
3 77
22 81
62 62
68 92
60 16
41 24
86 57
70 2
7 3
92 13
98 88
68 23
64 62
32 96
99 32
50 27
41 18
93 34
78 13
23 78
43 16
43 74
62 95
61 29
80 58
53 43
57 37
25 64
94 70
23 32
18 94
27 90
21 45
95 65
97 92
3 83
81 18
17 97
26 56
8 49
34 28
68 33
49 36
35 52
75 6
49 72
4 6
59 50
23 86
13 80
29 86
37 55
38 30
85 95
86 97
31 36
29 47
21 30
28 17
47 42
94 71
2 99
57 5
65 42
71 91
49 94
39 63
13 24
60 84
79 14
74 85
27 46
13 4
72 39
2 41
74 54
9 5
11 80
15 14
89 31
91 18
92 42
81 48
1 65
85 99
78 39
90 82
95 44
36 28
52 28
24 31
12 5
64 19
26 27
47 90
93 43
35 66
15 52
55 16
77 24
51 93
7 20
8 56
89 100
54 71
56 11
60 5
44 6
61 42
83 79
38 97
12 12
21 2
58 41
28 15
86 4
16 1
69 86
34 2
81 73
68 92
3 91
29 22
33 94
65 6
74 13
94 41
39 17
14 46
7 31
99 33
71 79
53 77
73 15
14 41
15 88
26 22
56 37
92 89
66 13
57 40
80 100
57 3
21 16
91 20
38 69
12 49
81 47
26 98
45 98
74 82
29 60
97 85
38 7
25 90
83 45
19 65
79 85
36 46
18 15
51 29
36 72
78 52
5 68
9 57
2 80
78 43
9 100
100 34
82 28
81 50
100 54
35 23
75 77
78 86
1 64
79 63
6 96
69 76
84 19
24 55
96 49
62 18
54 33
51 80
68 91
43 63
13 56
89 45
1 22
42 73
80 91
8 61
84 74
61 47
92 31
8 14
11 41
35 66
8 38
77 49
54 71
40 13
86 62
94 70
78 62
31 54
15 90
51 29
85 61
54 96
98 49
26 62
92 8
42 16
20 4
85 12
33 32
52 66
97 99
79 91
1 12
64 89
98 27
83 37
80 29
88 40
47 73
12 4
25 75
14 89
15 76
55 21
61 88
54 27
63 6
77 67
71 13
67 95
98 28
88 79
1 62
70 79
10 77
90 33
62 13
64 69
19 34
80 86
89 65
91 79
30 82
80 30
17 48
67 23
52 20
80 81
94 68
64 5
84 71
38 54
6 65
61 32
10 12
3 38
34 71
50 38
87 4
52 1
12 65
89 13
81 60
15 2
32 100
48 50
5 13
9 85
89 8
100 29
21 29
82 93
74 28
7 62
27 26
34 75
42 75
99 93
53 47
1 69
5 87
67 44
17 93
92 55
8 14
95 18
93 1
75 100
38 6
7 65
5 31
89 39
72 89
83 80
83 19
10 44
16 94
24 96
81 58
30 46
33 78
40 90
17 12
31 53
44 63
66 60
74 52
40 49
12 80
58 64
14 91
36 23
71 39
76 18
48 13
100 41
6 68
27 49
61 23
73 40
84 62
89 15
33 42
28 93
19 55
51 56
14 24
86 18
4 7
15 61
69 82
99 58
19 52
13 12
37 13
77 71
18 63
9 52
59 100
2 3
19 2
95 39
13 72
45 39
12 85
12 63
35 56
70 31
12 53
4 55
87 94
40 8
2 41
21 5
53 97
9 5
51 95
86 44
18 88
23 71
29 43
42 92
1 22
48 39
22 22
24 68
99 3
86 90
84 73
74 61
62 4
100 50
61 39
52 28
44 6
28 28
96 18
98 97
2 11
47 28
10 10
49 74
45 91
51 40
64 25
48 71
54 60
89 55
66 47
60 72
76 60
2 59
39 1
7 81
35 95
31 44
69 31
70 79
91 13
50 34
45 46
39 71
27 53
82 1
59 15
48 1
78 59
34 79
90 75
45 19
12 71
44 64
84 11
18 21
26 45
90 67
44 12
95 1
76 43
25 48
66 67
47 60
7 14
48 92
88 38
56 87
60 20
74 22
55 62
23 74
73 80
38 21
55 7
17 60
92 9
83 51
92 68
39 45
72 23
17 82
39 59
37 10
83 6
15 35
64 17
79 33
58 69
98 67
31 29
81 6
49 51
66 69
91 80
81 12
22 37
83 32
12 52
8 89
8 19
96 55
76 41
71 81
42 33
86 73
15 84
78 42
77 88
67 83
55 52
16 92
11 48
81 57
78 51
64 45
43 4
31 32
49 81
49 2
11 52
2 11
12 3
28 67
67 32
57 67
42 47
28 8
37 78
22 8
32 4
74 38
5 91
11 76
95 10
44 90
92 60
52 95
28 50
70 34
70 52
21 56
41 8
38 94
22 86
28 12
23 41
64 66
44 59
99 82
28 58
52 72
70 16
80 58
27 55
29 91
82 11
7 11
36 85
29 26
62 26
81 75
4 100
63 82
21 68
61 59
17 41
69 27
66 88
18 3
80 34
100 61
93 87
5 79
68 48
17 35
84 71
37 98
87 4
54 36
100 70
77 80
93 43
62 6
38 68
56 1
81 39
8 100
25 61
71 98
39 92
74 76
92 24
37 14
32 23
6 38
3 84
28 38
51 31
69 39
75 29
19 69
52 16
4 50
24 34
60 100
3 28
69 93
82 33
8 49
25 59
83 11
39 75
1 76
64 46
7 65
64 2
91 19
8 15
42 22
27 57
99 96
41 28
78 18
64 96
9 14
80 77
74 33
95 65
20 73
74 61
75 30
42 43
50 54
65 43
87 1
96 52
94 14
21 81
9 90
52 71
98 75
74 54
34 22
10 17
41 49
24 97
72 48
82 25
68 61
92 42
44 60
52 26
25 18
97 100
74 86
12 81
93 56
58 52
34 84
38 36
90 16
10 32
99 94
31 92
64 91
92 70
41 5
44 74
70 55
30 4
47 84
34 89
41 90
74 31
38 35
3 28
41 55
43 29
72 29
83 97
59 65
97 50
74 16
1 80
44 7
82 19
82 21
58 86
13 73
57 87
100 93
3 50
95 64
34 34
71 20
22 100
52 58
56 35
7 29
23 69
77 54
48 35
75 90
48 64
19 10
23 92
32 6
50 59
95 17
91 20
66 81
37 3
73 97
23 18
23 26
96 71
48 55
54 63
34 86
86 67
41 46
47 30
86 47
36 38
34 57
37 26
46 32
50 75
36 64
3 37
44 98
42 32
26 57
29 58
1 45
11 5
5 26
92 33
88 22
47 100
72 29
86 91
99 40
8 44
85 53
42 95
85 94
14 60
62 40
5 20
15 6
58 6
96 4
60 96
33 27
82 4
67 100
96 27
65 37
92 71
1 53
28 13
63 7
6 42
95 27
46 9
7 11
93 13
52 42
94 78
81 64
83 91
50 36
89 76
90 96
4 27
37 2
20 34
59 43
2 74
76 24
82 88
5 11
99 8
76 57
90 13
25 10
45 10
40 40
61 18
74 72
25 48
31 74
45 54
56 83
15 44
40 5
22 13
18 90
97 92
76 50
48 91
49 23
2 36
24 27
59 26
35 36
72 48
72 18
13 77
46 58
97 75
7 1
82 16
7 51
97 36
57 100
84 50
9 62
70 36
43 10
52 59
36 94
63 53
90 93
43 84
87 62
3 6
17 23
25 8
90 90
5 65
64 81
7 93
93 47
99 32
75 49
96 25
81 41
15 80
50 68
24 93
93 31
96 92
90 86
90 16
1 77
74 58
84 34
23 58
26 94
78 2
75 85
94 42
67 37
97 25
25 42
45 13
39 66
16 22
13 6
42 100
100 10
77 71
50 71
75 71
59 89
17 48
76 39
43 46
34 49
29 10
16 79
45 32
56 57
85 93
31 33
92 3
6 7
34 28
32 85
27 29
20 34
9 12
1 39
65 80
7 18
60 73
21 30
28 29
99 54
72 60
49 2
50 61
81 72
8 4
21 20
42 14
81 25
40 24
73 46
8 2
8 45
25 7
72 29
56 86
50 22
81 66
83 7
52 28
45 93
100 60
1 77
82 25
49 39
50 76
6 61
50 56
11 81
70 31
79 23
34 64
36 61
82 100
97 16
7 73
60 89
15 15
90 46
7 41
94 49
55 32
51 55
85 44
42 9
28 13
19 37
41 40
66 53
85 27
34 54
82 3
25 8
91 25
14 65
30 16
99 31
96 53
20 73
60 7
96 4
89 33
87 84
56 18
97 81
50 81
24 91
58 12
8 2
33 82
55 17
24 43
64 97
37 3
100 75
36 78
25 61
41 57
69 62
55 75
11 94
61 32
58 74
1 14
38 73
69 54
44 16
17 30
40 65
20 100
51 58
52 74
95 18
52 47
40 49
52 49
35 99
17 68
2 76
34 22
15 69
74 66
52 96
34 7
63 65
31 60
13 89
62 57
94 45
92 58
14 90
62 85
70 83
11 100
87 77
76 63
2 48
99 97
37 93
53 18
29 16
66 12
34 18
54 55
78 52
59 17
6 49
13 63
74 75
28 45
38 22
4 39
10 98
25 53
51 41
75 65
98 19
28 68
12 2
98 56
60 98
55 56
8 17
71 25
4 14
73 5
87 63
66 58
96 10
37 10
6 15
33 56
53 34
4 63
32 27
72 16
15 55
10 21
86 43
64 64
99 91
75 93
7 25
20 25
82 23
11 34
9 47
67 36
12 28
23 14
6 5
27 74
33 5
16 56
33 76
4 16
35 83
69 39
45 42
17 65
4 49
37 11
82 72
99 82
60 43
70 82
49 28
48 52
88 58
57 36
1 86
17 83
78 65
80 63
12 66
9 42
30 95
89 36
10 60
71 7
75 23
53 97
18 70
73 85
23 98
55 96
67 73
82 81
37 2
10 10
51 41
29 24
54 82
64 34
34 88
27 70
7 11
22 35
75 45
99 80
32 89
17 9
53 86
74 87
96 7
58 71
96 78
15 47
53 34
81 38
21 17
5 23
54 39
67 93
6 76
92 43
27 81
46 42
35 68
82 10
45 94
32 48
95 9
22 83
4 32
66 54
72 28
54 57
19 15
79 24
98 65
38 80
75 89
14 48
42 69
92 35
62 47
9 44
63 29
57 9
7 6
25 43
9 69
65 14
52 29
67 45
91 89
66 60
15 90
54 99
3 81
85 93
1 79
52 33
49 53
49 69
34 16
15 46
35 60
59 16
96 8
12 17
8 50
4 54
20 20
23 9
17 23
67 89
39 34
91 81
39 17
35 44
83 29
73 72
30 30
34 10
15 6
6 61
95 91
40 38
47 88
16 79
32 53
95 52
92 57
19 33
74 98
49 81
48 25
35 8
1 63
37 2
32 2
6 25
69 39
38 30
41 49
68 93
6 52
22 59
60 40
74 22
23 30
33 48
37 69
10 20
81 95
60 56
52 7
44 76
6 97
27 18
32 78
72 21
23 85
67 22
64 56
18 51
87 26
67 39
46 34
41 8
47 18
87 81
73 98
37 83
52 95
69 66
77 3
63 91
66 48
34 89
100 79
28 57
62 95
26 59
3 59
68 10
45 77
49 10
31 95
20 14
24 95
90 54
12 82
59 6
47 61
60 86
99 49
77 95
20 48
74 1
14 11
84 86
62 28
71 79
69 55
76 81
71 87
17 5
21 14
40 19
59 59
24 17
47 12
24 43
7 83
55 34
4 93
31 58
35 98
79 35
72 81
53 71
93 26
25 57
25 61
79 27
67 46
40 95
60 60
91 42
40 97
82 86
80 11
24 26
78 14
94 96
47 7
21 73
79 91
43 19
55 70
1 86
1 11
12 13
39 62
76 81
42 85
47 32
77 51
18 46
74 12
67 44
69 64
82 35
2 98
45 72
62 47
55 61
2 81
14 90
51 60
97 33
60 48
23 66
51 2
10 87
18 50
49 79
72 5
23 27
49 4
4 21
39 18
99 37
70 29
65 7
51 21
67 86
57 9
79 99
65 89
22 53
32 34
15 75
26 74
29 75
78 78
84 59
40 6
89 28
68 51
89 9
90 31
55 2
8 63
23 42
47 60
25 20
69 99
42 14
68 72
22 6
85 99
11 22
24 24
38 84
39 72
42 43
73 52
27 7
21 95
37 41
23 44
55 87
16 47
48 46
56 46
49 43
60 1
36 59
29 9
52 11
91 89
46 3
66 39
16 75
81 76
65 49
52 27
71 94
39 3
91 79
80 10
54 28
82 80
95 80
52 83
94 91
82 89
49 69
21 69
3 17
56 96
68 13
27 5
12 23
41 25
19 30
100 63
21 33
89 29
95 11
11 61
32 13
48 34
80 11
84 85
64 90
59 7
82 74
96 56
50 93
4 47
99 63
70 79
19 40
9 43
15 53
46 60
55 84
86 38
47 68
85 17
26 66
20 52
30 85
35 95
95 59
30 47
74 69
9 16
76 5
1 26
76 11
51 91
71 38
38 50
11 15
44 98
71 24
74 9
91 84
20 73
61 82
92 54
59 55
95 21
83 3
13 46
22 98
12 47
51 81
53 60
33 71
6 48
79 61
10 24
51 51
62 72
49 75
29 68
87 56
95 75
70 39
66 23
58 86
45 38
69 12
74 44
98 17
87 60
55 64
2 11
17 58
93 21
70 25
30 54
67 34
23 96
99 30
81 4
64 67
50 72
8 29
97 83
60 50
100 6
75 100
29 51
67 10
100 28
33 90
96 34
43 24
54 14
26 36
1 62
11 88
7 90
42 2
36 4
10 17
51 89
75 22
33 92
89 49
74 79
67 28
34 51
73 8
74 35
6 80
88 35
41 22
4 68
75 60
43 78
50 26
2 47
46 74
51 3
18 32
94 77
42 47
96 47
63 49
66 38
13 81
56 35
66 5
94 35
78 65
44 76
21 33
6 88
51 62
52 88
79 60
50 7
26 89
11 89
5 73
60 30
91 51
4 67
56 24
5 68
26 41
14 22
25 6
45 56
74 3
35 46
46 85
5 69
69 85
91 20
56 12
9 99
58 46
23 40
95 62
15 49
88 96
77 78
26 40
64 80
75 67
65 27
78 74
95 35
24 9
10 57
73 10
5 45
49 24
9 68
59 5
2 16
10 24
43 78
35 77
4 88
65 58
17 11
58 53
93 43
93 71
16 78
90 21
92 80
92 100
49 88
69 52
81 10
52 22
32 86
23 41
31 25
67 51
7 63
25 64
18 24
11 65
9 98
9 35
62 10
66 83
100 13
91 18
1 30
7 61
83 55
4 87
74 89
58 94
26 27
28 82
47 49
43 60
87 26
15 73
46 5
98 85
82 79
88 53
50 78
15 29
4 17
36 24
8 32
62 25
24 20
56 18
99 51
41 31
99 68
87 73
73 48
41 49
30 46
58 83
32 55
62 87
63 36
60 44
33 70
35 20
81 26
75 28
25 90
17 44
54 86
17 23
55 24
96 66
81 66
71 19
2 24
100 13
46 84
35 56
88 33
63 83
34 77
10 45
77 59
32 5
77 57
64 69
30 13
24 57
93 32
41 56
30 42
2 44
55 63
58 10
91 54
98 52
41 82
74 99
96 95
80 76
83 51
3 98
92 91
63 73
75 35
72 20
62 82
96 89
44 5
35 95
14 93
43 2
72 66
88 16
18 92
39 55
47 85
64 63
18 90
76 4
1 11
32 94
94 55
27 65
75 45
11 82
52 88
57 34
97 41
12 48
35 3
65 50
84 86
8 3
43 43
71 1
47 78
79 24
58 35
64 61
92 84
20 27
94 18
87 83
85 61
47 94
27 51
65 62
60 67
76 63
29 44
31 22
70 60
54 33
74 78
22 30
14 81
28 70
33 9
64 10
25 96
97 29
98 5
1 80
4 33
58 57
41 94
27 22
2 21
81 68
65 56
75 88
2 98
59 45
81 30
91 27
11 29
6 95
15 15
36 70
11 49
41 22
8 7
88 92
81 98
67 59
38 83
22 55
36 92
1 55
73 75
99 75
31 73
100 97
22 25
23 40
49 59
57 11
44 73
62 25
87 44
98 69
64 78
98 14
57 27
75 19
57 31
86 4
11 21
90 64
97 78
59 30
80 69
94 67
53 87
21 96
70 66
98 47
12 87
62 92
52 71
48 52
98 79
30 68
93 44
96 17
38 46
97 29
88 92
59 77
77 32
64 15
56 66
100 70
52 16
34 95
96 93
42 29
55 6
68 16
74 78
84 49
76 47
36 88
25 6
55 93
30 4
83 45
84 53
88 43
62 50
9 69
39 5
23 21
81 31
39 22
83 5
90 25
69 33
32 3
8 35
92 66
8 11
64 78
48 62
59 14
83 90
19 37
2 30
80 76
2 50
59 46
35 50
95 62
98 97
44 46
73 50
37 30
57 39
39 76
63 73
59 11
26 56
29 16
80 14
41 1
15 34
70 60
98 96
4 45
37 50
77 7
52 70
5 68
60 43
83 47
20 22
27 97
27 96
86 49
26 20
50 2
100 94
9 70
14 60
37 80
32 86
92 91
32 32
36 44
25 71
61 6
85 64
8 77
30 13
78 35
14 23
61 46
2 41
47 36
66 61
20 97
66 21
83 43
27 50
88 72
18 57
33 59
24 99
61 89
69 12
12 48
55 87
74 52
27 1
54 46
74 13
90 26
8 98
49 1
59 31
45 53
49 80
87 32
53 81
88 86
87 29
52 99
98 19
76 21
76 4
78 28
79 75
37 90
43 94
33 94
98 68
1 89
50 60
70 34
67 86
48 1
69 34
33 50
70 68
10 86
66 85
16 55
26 73
53 46
75 81
53 45
54 36
44 73
40 48
31 53
87 56
63 69
59 25
99 28
56 33
12 35
33 39
87 57
75 2
98 11
14 77
52 25
96 98
26 40
18 66
90 92
45 48
15 38
17 33
23 7
41 80
23 35
61 81
38 73
5 44
47 35
87 10
86 28
21 55
33 95
71 11
27 17
33 32
14 24
48 33
35 24
83 55
93 29
33 93
72 76
75 86
54 93
52 5
37 8
97 76
17 71
15 48
74 83
16 58
66 15
10 56
53 69
24 64
31 28
69 89
46 96
14 97
23 13
91 36
38 27
22 10
76 83
94 97
22 89
6 57
53 96
10 85
46 98
45 30
52 65
44 24
59 37
69 12
39 34
26 100
71 20
63 92
82 7
7 56
89 52
76 19
82 30
44 59
21 15
57 77
13 33
54 47
15 56
63 95
44 85
5 34
73 30
72 9
44 80
57 17
53 7
22 71
19 86
60 28
49 39
46 70
58 10
20 63
43 37
51 61
48 26
70 13
21 27
17 31
98 87
32 61
18 18
40 96
85 46
84 72
72 87
85 52
70 20
23 45
74 98
33 1
71 74
79 59
80 42
28 29
12 84
18 45
5 28
53 95
35 87
59 61
79 79
78 25
88 83
93 7
51 68
1 50
67 12
29 64
45 66
93 32
32 86
54 18
98 5
28 99
45 47
94 34
32 2
75 69
15 90
52 38
26 39
97 48
27 64
9 76
5 14
85 30
97 50
87 65
71 38
91 56
9 91
51 10
36 21
95 51
62 9
39 73
36 53
35 11
72 37
93 63
44 31
15 27
67 96
91 32
100 59
37 21
31 11
22 87
60 27
7 60
2 94
21 32
21 55
60 94
15 23
98 24
53 43
91 46
76 8
51 20
17 34
39 50
13 4
79 69
79 17
91 99
84 47
28 28
2 31
73 29
44 83
98 46
62 84
42 5
41 15
43 97
47 2
39 57
70 36
42 40
63 96
80 57
92 25
85 16
65 1
39 32
72 22
33 14
64 5
14 77
75 6
37 46
1 84
4 8
14 9
62 27
82 47
74 32
69 13
89 50
54 78
52 54
30 30
52 45
81 27
71 56
54 41
62 49
45 94
55 41
9 84
52 11
83 33
12 94
29 73
25 23
86 47
51 61
61 54
32 41
21 52
24 68
25 12
80 64
92 93
14 53
81 64
45 11
16 1
97 22
6 31
51 8
27 89
100 7
15 16
9 23
37 72
16 86
61 25
23 59
33 49
62 7
6 4
82 43
87 22
53 78
67 26
84 58
61 30
42 5
59 93
55 54
36 10
34 36
33 33
86 7
40 54
28 83
26 38
63 71
35 24
93 81
14 90
69 15
95 38
64 78
50 69
78 53
59 100
39 19
97 32
62 6
42 52
47 7
32 28
89 37
81 51
27 14
83 53
42 86
61 5
87 4
39 75
84 34
99 83
6 13
84 29
64 46
74 37
11 91
43 60
33 45
28 65
83 70
38 19
87 67
68 95
61 85
98 48
8 58
24 30
80 53
90 58
91 41
21 43
51 23
74 82
32 61
95 65
5 3
40 95
96 14
59 80
71 67
87 37
76 50
80 41
96 16
36 46
13 27
45 2
84 29
17 76
16 87
81 49
92 68
43 55
90 98
24 29
49 84
28 15
95 69
79 94
16 29
88 51
91 40
100 27
6 24
37 99
66 94
74 40
87 53
91 41
26 7
37 51
24 56
12 33
5 98
21 88
71 34
77 27
55 91
95 98
92 77
49 89
71 49
19 52
13 88
16 12
13 70
57 92
5 30
31 85
21 71
78 64
19 95
82 68
89 63
52 4
3 40
67 83
78 45
32 73
62 68
70 26
94 75
20 65
46 9
64 7
85 35
11 90
82 52
33 58
87 21
35 81
50 38
74 87
33 78
80 85
52 44
26 51
37 55
88 38
57 98
5 73
89 88
13 92
74 76
13 41
74 84
19 60
10 76
96 11
21 100
50 61
15 74
67 12
13 55
65 100
98 85
14 8
76 6
86 100
20 52
32 60
53 48
64 83
71 10
1 47
48 45
69 92
33 8
72 9
71 11
86 84
47 38
85 11
9 82
14 11
56 30
38 1
73 67
17 94
58 53
78 19
1 8
6 23
26 16
63 24
34 37
43 14
10 48
9 79
20 66
7 75
94 49
29 74
98 56
41 54
86 28
31 40
27 90
69 66
14 98
51 73
1 64
11 7
77 82
42 4
1 27
27 35
36 8
95 82
16 57
15 24
86 31
59 49
66 83
47 70
5 97
100 92
94 61
80 76
94 28
40 91
98 94
21 32
46 92
42 25
31 4
18 32
55 35
40 73
73 2
17 32
10 14
76 5
80 94
66 97
21 39
6 71
55 16
73 49
21 93
46 49
85 83
31 100
25 17
40 83
61 2
35 10
15 88
44 56
39 16
10 53
34 99
99 9
9 33
98 77
34 79
21 76
29 85
5 25
46 83
30 47
47 61
21 73
51 53
18 76
47 74
45 26
27 34
49 38
57 89
18 84
74 41
47 89
32 90
56 98
45 96
49 87
11 20
2 98
22 28
17 53
12 57
63 7
65 17
43 21
56 90
97 6
89 31
49 58
18 21
88 3
84 30
70 32
12 67
57 12
41 72
85 55
7 70
32 98
62 60
90 23
24 8
67 55
51 46
57 21
28 16
11 8
15 6
65 89
73 57
51 89
63 99
59 67
8 7
87 37
38 60
42 53
35 6
34 36
28 26
46 78
57 46
57 73
44 32
75 58
81 77
19 22
17 73
13 40
14 3
26 69
62 86
52 8
92 52
36 70
8 2
54 63
69 69
51 12
79 36
74 31
66 61
65 92
54 52
33 87
29 7
53 88
75 18
97 32
77 97
2 53
61 72
87 69
21 23
22 17
90 19
32 59
8 24
27 92
83 46
11 43
23 78
3 88
1 7
87 56
65 9
33 60
95 83
72 98
58 85
61 30
70 26
96 49
13 97
31 14
11 16
73 22
84 100
28 63
47 75
49 78
39 81
15 54
29 94
18 45
93 41
9 3
71 23
10 45
46 19
60 91
14 98
23 62
30 83
90 1
85 80
67 50
100 46
51 37
65 6
90 57
72 90
38 50
57 43
80 13
12 77
90 42
84 11
43 92
26 70
60 5
70 35
62 26
67 79
87 6
17 15
28 40
78 56
18 4
53 37
41 35
68 16
63 68
52 84
25 22
34 70
75 31
36 29
33 60
35 49
33 56
72 64
81 9
52 51
9 82
28 28
6 36
47 87
96 97
78 26
64 46
14 8
19 36
55 38
42 95
65 38
78 75
1 56
48 29
7 21
36 98
49 93
76 85
25 81
61 77
69 20
47 31
2 95
66 85
29 26
21 34
65 34
34 3
20 61
18 34
88 33
13 4
28 71
52 89
53 20
66 63
52 92
80 84
8 24
42 93
15 27
52 49
21 58
41 9
90 25
59 81
74 10
58 99
98 65
52 18
6 84
50 89
46 5
44 56
98 95
61 75
4 88
31 15
17 29
3 45
2 30
5 76
28 64
40 27
26 45
72 12
7 6
18 6
66 51
24 19
63 12
96 14
18 67
87 98
31 81
70 34
22 10
68 22
16 19
1 51
43 26
37 30
24 57
1 36
90 99
66 76
84 69
3 82
78 3
23 11
28 50
92 1
40 60
96 4
41 98
48 97
88 24
57 83
82 52
44 67
30 48
23 96
37 55
22 76
4 42
80 40
97 14
2 57
35 20
51 4
87 95
51 90
55 8
95 71
74 20
57 25
47 56
68 28
10 92
89 59
42 88
48 75
85 85
18 83
65 70
30 81
20 22
90 19
76 99
50 68
44 94
18 95
89 37
15 86
68 83
27 85
48 58
84 24
40 13
76 48
38 97
15 67
48 50
79 46
20 56
71 48
96 4
68 31
46 55
33 11
95 57
89 6
24 4
61 7
69 39
11 87
95 55
35 92
49 56
5 96
12 1
31 1
63 14
93 62
23 78
91 6
16 88
67 38
41 100
4 54
67 100
45 28
10 10
17 15
14 19
22 28
47 14
28 96
39 84
79 25
28 65
82 81
21 39
71 35
47 85
30 83
12 6
76 71
83 67
64 31
97 66
66 21
10 88
71 55
48 31
79 36
23 17
35 88
39 38
42 5
44 86
58 23
7 72
82 91
95 45
99 2
66 73
59 35
51 100
52 55
72 26
63 27
65 95
95 63
97 87
91 31
52 64
32 7
93 19
6 90
29 16
57 44
81 39
50 43
39 23
89 10
86 16
40 85
48 18
50 24
88 91
32 83
86 77
41 79
92 90
62 73
15 100
3 29
44 97
92 11
46 51
55 31
54 66
89 43
86 48
65 28
72 71
69 91
33 85
5 81
58 45
59 34
87 67
15 31
29 63
19 63
78 93
62 63
41 63
49 71
11 40
52 24
28 68
5 38
6 34
71 24
93 74
67 15
59 15
50 34
78 71
25 54
16 93
20 46
27 78
34 44
82 54
13 100
17 64
70 49
76 25
88 3
56 58
89 37
9 99
73 27
67 79
71 43
25 48
43 94
49 41
98 13
78 98
55 85
86 9
90 38
70 28
90 48
46 5
7 28
84 68
36 96
76 88
71 97
27 54
98 39
79 67
56 13
31 42
9 96
30 7
1 54
38 60
29 8
70 81
88 2
94 11
47 13
91 62
5 19
61 8
29 21
82 65
61 48
49 60
89 100
85 98
41 21
31 90
32 79
81 7
22 97
92 15
8 33
73 37
81 10
59 83
55 11
63 72
79 60
50 7
41 45
44 78
99 79
31 9
20 92
4 17
94 57
92 86
55 72
22 92
67 49
65 27
100 18
8 58
28 15
34 87
55 54
45 34
38 29
94 48
19 44
36 2
75 35
26 66
93 9
37 95
93 1
39 35
1 98
45 84
44 94
80 86
69 70
26 100
80 64
68 76
77 24
86 3
56 8
7 5
55 22
6 45
77 31
100 67
53 83
38 7
80 73
50 78
15 10
71 21
3 35
93 68
12 69
99 69
71 84
61 50
5 32
21 100
25 64
20 8
81 77
50 79
16 4
55 4
55 19
36 89
6 87
96 80
26 52
31 49
60 21
67 87
92 6
55 14
48 12
21 85
83 90
92 11
41 20
71 78
37 60
78 65
32 90
7 71
20 32
69 65
36 65
92 21
31 87
22 89
72 62
56 40
100 13
70 65
83 40
31 81
69 66
39 68
51 42
60 61
80 20
40 22
81 66
36 90
81 20
75 73
35 48
91 75
74 18
90 89
11 6
17 66
48 13
15 56
53 90
43 64
59 96
3 75
29 72
100 51
69 71
49 51
46 14
75 22
94 29
61 27
20 30
66 19
50 38
46 24
10 47
13 42
