10000 55
19 68
17 34
29 8
55 17
92 17
54 32
42 31
5 11
29 57
29 14
61 2
56 28
47 43
41 3
58 8
5 19
75 14
95 81
58 88
59 4
46 26
5 82
50 94
85 5
91 62
6 88
37 58
61 71
88 79
7 19
100 5
3 2
90 90
22 86
12 61
45 7
7 29
42 38
80 85
4 26
39 25
37 20
46 2
64 41
29 87
60 33
88 55
27 88
1 90
49 3
74 60
96 18
45 78
6 68
81 92
74 52
59 38
15 81
21 45
89 18
20 18
46 4
91 8
52 11
15 46
35 2
32 71
20 6
60 3
52 70
87 22
20 90
4 70
19 74
22 47
34 73
99 53
54 17
24 96
43 62
79 73
85 59
32 84
91 53
61 44
53 13
76 3
47 15
14 85
95 54
17 39
91 17
96 72
85 39
22 26
29 17
83 36
74 57
25 59
7 11
26 4
93 92
9 83
84 9
9 77
58 56
80 83
89 74
34 23
32 19
35 13
91 91
37 69
36 86
83 89
32 56
81 5
52 7
14 60
42 62
14 11
69 16
12 56
71 34
20 51
96 64
61 77
8 73
12 83
90 79
45 70
17 81
92 41
59 45
14 8
29 94
4 48
87 51
90 97
42 69
42 23
38 91
44 94
4 6
40 54
86 17
67 55
54 55
35 13
2 56
29 50
33 80
48 30
24 64
91 90
60 97
82 9
56 40
30 58
62 89
28 82
69 30
9 40
8 67
89 54
30 2
60 20
100 5
100 87
67 71
38 1
26 10
24 37
37 29
55 88
87 80
91 16
60 80
18 17
47 40
38 40
29 16
23 66
97 90
35 12
25 16
28 61
68 81
34 59
100 71
63 100
92 76
40 73
84 33
76 97
83 29
57 78
47 48
65 25
79 62
38 81
92 6
36 75
34 36
98 81
36 41
43 98
37 52
68 53
86 10
73 16
22 65
99 53
39 90
61 33
78 53
46 60
67 25
8 4
39 80
21 84
1 85
77 49
90 19
79 45
27 64
85 48
6 11
93 55
6 30
35 80
46 40
64 1
25 10
16 36
14 61
4 77
94 99
97 99
87 69
54 64
4 27
11 13
56 52
58 65
89 52
30 46
6 97
92 83
51 66
34 20
14 83
36 51
33 93
35 2
54 6
63 3
50 85
83 7
15 15
44 58
78 65
73 33
39 2
34 81
22 36
59 56
15 93
98 40
54 38
75 74
82 79
33 76
37 9
73 87
52 42
75 28
71 36
45 42
33 13
15 47
63 72
24 89
50 100
66 60
8 76
26 58
9 12
93 33
33 45
2 71
89 28
10 1
75 33
45 91
84 27
5 96
11 51
79 78
49 19
23 2
51 19
62 62
19 28
99 63
61 18
36 17
15 87
1 57
90 93
27 44
53 29
76 46
18 43
3 54
52 6
24 90
1 100
75 68
3 5
89 98
72 79
100 91
27 78
42 100
100 48
30 89
60 33
30 72
50 68
70 48
53 6
96 17
34 31
88 32
16 85
51 22
10 88
81 79
48 15
43 65
37 50
69 8
84 41
76 84
38 81
96 2
6 19
29 94
84 53
12 62
35 29
35 17
23 13
4 100
96 55
24 15
50 7
64 4
67 32
58 1
49 86
36 48
21 60
63 83
3 19
93 85
10 70
35 50
70 53
77 97
58 49
6 5
56 17
50 44
51 29
100 50
38 66
93 68
23 97
47 8
93 16
16 82
19 54
25 71
23 6
41 16
67 93
68 28
78 11
70 79
100 16
78 35
18 30
25 11
44 96
99 16
85 16
42 54
59 29
67 36
74 58
32 44
24 52
56 22
89 72
83 70
60 83
52 2
99 52
13 90
65 83
24 67
11 20
78 64
75 56
61 93
60 51
22 43
41 77
22 44
18 47
52 41
38 29
75 4
91 73
96 46
60 63
69 21
55 69
55 4
42 55
59 91
76 16
63 36
28 30
83 74
55 1
65 1
70 65
52 16
94 90
54 97
99 79
71 41
89 26
42 79
94 77
6 49
90 24
91 25
64 25
47 38
88 25
58 70
65 88
69 58
69 78
90 62
85 57
50 15
11 80
2 9
16 14
2 45
4 29
11 92
59 56
72 30
3 52
33 58
91 29
18 17
86 1
84 62
57 89
41 5
53 98
21 51
1 55
97 15
96 2
67 86
82 82
61 62
88 97
43 60
51 47
36 34
72 35
66 89
5 89
65 2
74 57
68 22
71 21
40 22
17 82
60 81
17 47
67 18
37 83
55 56
27 23
52 32
15 79
17 54
28 31
44 55
18 63
53 46
64 62
61 17
100 90
44 60
15 55
49 33
74 35
44 67
22 92
19 24
73 100
88 88
16 20
4 71
78 80
91 4
60 69
88 70
19 4
30 78
91 17
42 56
10 46
96 30
100 98
82 75
100 95
41 37
81 99
3 97
79 37
98 75
63 33
12 88
53 77
75 87
17 24
17 57
68 100
66 32
2 80
39 28
90 5
72 92
80 30
45 97
33 10
63 47
5 66
50 94
43 23
83 97
21 49
1 65
21 85
19 84
47 11
92 100
69 67
73 30
14 76
27 27
82 74
16 74
57 92
13 59
52 85
91 72
86 93
94 25
86 56
90 54
43 40
24 15
29 82
90 8
31 27
33 12
41 71
79 69
57 79
7 28
16 13
53 64
28 98
29 3
96 24
61 79
16 58
9 78
70 15
97 19
4 3
11 43
29 48
11 77
95 70
7 73
64 51
32 35
81 56
91 30
22 60
78 20
100 30
46 19
92 57
94 57
87 10
9 14
38 55
85 65
78 51
42 36
55 94
6 25
58 73
65 57
8 74
5 62
38 74
63 32
78 31
15 6
63 15
61 55
85 71
4 70
90 65
32 12
35 50
65 100
84 18
50 23
33 51
57 38
79 8
74 53
20 5
54 33
10 29
91 62
17 76
66 12
66 47
90 15
39 88
12 32
42 99
7 17
29 3
53 12
79 32
31 88
65 52
86 54
90 3
23 24
22 47
69 64
11 52
15 1
38 38
80 49
63 93
65 55
37 9
18 97
65 83
79 61
95 88
45 55
77 8
58 76
46 65
31 86
69 51
62 24
55 18
60 94
38 10
27 33
23 93
33 5
5 76
70 43
60 83
96 2
88 23
17 4
99 15
95 18
100 92
19 68
24 46
9 30
86 4
90 6
1 13
73 23
49 63
55 95
26 75
17 83
88 44
93 5
65 82
65 20
76 15
17 22
5 20
3 89
71 53
49 26
67 64
38 15
27 3
89 54
79 51
1 65
74 14
68 79
55 99
38 5
54 90
87 22
97 50
74 67
62 20
24 50
46 48
51 59
88 1
58 73
75 79
8 87
20 92
20 43
100 41
22 58
49 96
21 4
52 90
89 62
76 62
63 33
55 9
59 50
33 26
35 76
21 10
32 36
36 73
73 57
3 85
14 77
70 48
69 50
76 72
54 3
88 44
59 4
63 41
61 43
25 3
82 56
1 93
6 6
98 58
8 28
22 92
54 4
43 51
40 81
84 42
8 52
16 27
71 67
8 69
24 100
96 70
90 95
29 31
88 78
89 6
46 79
6 42
48 8
85 32
93 55
87 57
54 100
56 25
32 63
26 53
90 66
49 70
91 28
25 2
12 89
88 60
79 62
56 20
86 21
99 70
18 7
29 35
71 58
25 98
83 45
67 18
91 29
24 54
52 52
51 58
42 43
56 11
76 52
5 66
84 89
26 25
66 94
82 34
20 18
8 17
82 77
19 44
53 84
79 18
86 92
51 13
33 4
89 87
37 58
88 24
73 79
55 37
3 84
89 36
76 53
1 63
85 4
61 79
59 78
93 17
79 12
44 68
39 57
61 25
92 21
37 62
35 97
61 100
41 57
24 64
55 11
94 24
92 45
82 98
93 16
23 16
80 38
11 22
11 45
76 68
86 86
35 88
3 58
48 47
72 90
4 51
1 39
39 74
6 4
7 13
13 16
37 55
73 26
14 37
46 61
85 23
62 98
56 38
82 8
42 83
75 5
33 59
78 34
96 4
41 24
20 16
80 79
93 50
13 48
80 36
79 77
34 97
96 26
55 43
11 37
24 77
78 2
44 15
93 85
18 18
71 71
6 13
3 77
73 15
56 53
5 3
3 15
80 50
78 46
67 75
68 99
37 25
56 60
14 12
50 9
67 100
63 39
3 85
33 41
39 18
65 91
80 97
82 85
62 40
66 46
20 67
94 38
96 71
80 100
52 61
58 30
85 53
29 1
13 91
70 9
36 7
30 52
44 13
84 59
44 36
92 49
68 22
36 78
63 76
51 11
82 46
92 86
55 80
100 59
81 35
88 78
54 3
45 83
34 46
35 46
90 42
39 50
79 29
72 54
84 48
55 2
7 5
49 1
74 15
43 93
36 11
33 79
9 82
17 63
8 89
35 73
74 87
13 30
79 46
7 69
27 14
6 11
41 68
51 40
91 47
94 14
4 3
23 45
86 44
47 48
15 34
20 80
42 27
26 56
72 35
71 60
8 34
53 13
56 44
11 12
66 73
37 75
31 75
80 28
20 23
6 77
53 64
16 28
29 100
37 49
37 3
20 51
71 64
24 11
8 100
17 77
63 1
59 43
81 4
68 95
53 77
78 17
35 67
52 69
8 10
67 65
90 74
65 1
7 69
100 98
66 71
55 100
12 47
100 79
84 69
97 5
1 62
69 81
6 92
80 44
5 19
92 68
49 92
61 65
39 63
25 16
81 99
87 3
10 67
57 76
56 53
20 93
71 73
19 80
90 8
38 54
25 28
4 70
45 13
37 48
63 99
66 18
85 41
41 83
54 15
16 46
81 90
55 56
80 72
27 17
46 63
11 53
66 65
18 15
26 32
68 80
57 41
86 48
97 25
22 74
92 18
63 51
3 83
57 46
74 8
20 19
81 52
7 56
91 75
83 29
43 3
91 27
55 50
18 15
71 98
52 100
81 43
37 26
17 30
23 42
24 62
75 72
67 100
53 91
88 12
87 46
9 61
88 52
34 18
73 94
83 21
12 58
36 82
60 94
28 88
77 21
90 91
70 58
9 93
43 85
74 22
81 86
76 30
78 77
48 21
99 5
13 8
94 57
78 76
10 82
79 90
69 12
6 82
48 85
82 28
16 78
60 50
75 40
12 92
45 13
64 47
55 92
73 51
44 33
67 68
87 60
77 61
11 67
26 40
99 37
95 33
96 52
50 13
40 66
50 9
16 38
54 26
59 22
51 82
86 68
81 96
12 80
55 71
35 27
20 41
4 17
78 69
31 55
26 41
28 7
81 82
7 19
62 38
63 28
49 17
21 50
84 70
7 62
18 69
2 76
23 12
7 28
34 32
97 26
65 98
60 52
7 59
69 79
72 11
97 63
77 52
45 69
96 59
1 65
71 77
61 3
28 69
43 29
4 23
12 52
92 63
86 33
89 14
17 95
65 100
91 95
89 56
57 17
32 55
32 73
32 87
97 29
7 90
72 65
34 96
65 23
48 67
41 24
100 75
1 31
27 14
39 76
96 84
28 99
20 4
77 82
76 37
88 87
45 6
24 72
28 51
65 63
90 70
88 59
65 70
76 39
5 33
22 67
71 18
13 33
93 58
67 7
76 99
35 38
81 14
65 55
88 7
82 15
92 12
55 47
92 91
61 84
43 86
53 4
78 83
24 15
44 62
51 63
75 51
58 79
72 53
22 86
88 18
92 68
76 45
99 12
87 81
75 95
67 80
73 19
36 44
83 19
72 25
25 42
69 52
65 7
30 50
38 33
49 86
50 89
18 34
43 58
17 66
66 73
82 17
95 4
99 83
81 31
67 70
3 94
97 20
79 63
36 33
63 60
27 99
30 56
19 49
51 67
6 31
67 77
96 65
55 67
96 90
37 84
43 90
10 12
12 40
6 70
22 52
2 94
57 77
23 80
18 15
27 82
43 16
16 24
61 48
51 61
92 88
46 66
46 46
42 77
64 99
12 70
53 21
18 83
27 55
66 86
73 87
3 17
26 56
82 70
98 19
22 60
80 90
6 6
80 37
54 94
23 14
17 81
30 87
84 23
96 16
79 49
54 31
59 53
53 27
20 99
36 29
60 97
9 43
90 32
50 66
21 1
93 93
52 69
20 63
37 99
100 74
29 30
61 25
66 100
64 54
27 68
17 39
90 33
9 89
71 44
73 71
89 35
3 2
15 81
10 52
76 10
7 98
42 18
76 9
10 93
26 11
13 39
29 22
38 53
50 59
45 84
82 51
88 92
72 88
20 50
32 82
18 71
92 19
23 20
100 14
44 64
90 46
35 72
94 86
89 69
42 55
41 62
99 13
99 1
2 92
64 24
42 69
85 12
25 14
82 81
60 48
52 64
62 49
95 86
31 87
5 93
27 26
77 62
28 40
46 8
85 44
67 11
22 67
97 20
62 74
37 28
46 68
54 96
73 63
81 8
6 24
28 56
61 95
93 98
27 33
67 79
80 65
13 64
61 98
43 70
85 61
42 51
50 95
76 1
62 37
73 36
14 85
24 23
97 95
63 9
35 29
57 76
59 93
41 56
85 12
24 25
84 55
47 73
69 64
20 56
11 17
45 63
100 17
42 88
78 88
82 38
54 10
39 41
76 99
99 56
48 59
45 58
72 21
31 26
27 22
18 19
41 50
81 68
19 66
57 7
50 2
97 26
75 99
20 54
54 74
11 20
19 29
38 86
3 7
69 62
18 11
29 39
97 86
4 35
67 79
61 52
76 55
5 81
35 74
76 58
85 57
92 17
56 100
27 14
15 63
2 17
75 5
36 13
85 20
6 78
14 29
70 29
75 79
93 58
48 61
8 34
39 5
91 37
75 38
22 12
94 5
63 7
52 34
92 44
43 39
47 77
58 76
96 51
91 88
45 67
40 95
19 11
18 28
32 28
40 50
71 75
95 76
35 3
3 11
81 27
44 47
62 93
56 28
6 61
68 57
66 7
77 47
88 81
53 19
8 50
83 66
33 72
29 66
81 49
97 80
36 10
45 40
46 44
90 93
11 65
86 81
64 38
75 26
91 93
36 21
55 19
71 11
18 55
64 13
64 45
12 60
69 95
19 45
27 57
66 56
83 43
7 46
27 35
75 39
67 71
62 53
67 81
11 66
49 98
73 57
10 11
8 91
61 12
87 65
90 93
25 42
22 95
31 54
97 15
62 65
26 93
80 86
69 23
18 35
15 72
6 11
49 5
86 33
57 75
88 41
55 49
89 59
78 84
96 68
18 10
32 8
16 21
99 77
28 55
75 22
73 43
27 93
11 48
74 8
57 43
20 28
70 50
53 53
61 13
72 19
59 50
6 76
57 99
92 27
58 62
76 21
69 98
34 81
66 86
7 14
66 65
58 24
1 34
10 53
67 43
86 37
46 37
93 79
8 71
40 85
86 68
36 34
97 49
48 83
35 30
8 55
58 72
22 18
89 68
82 23
60 4
87 33
22 18
68 25
79 7
88 57
15 1
28 83
32 10
2 92
15 14
67 97
27 7
64 49
91 86
26 58
17 51
99 71
61 47
7 62
93 20
11 25
71 79
2 97
24 72
14 86
21 53
4 76
35 59
54 77
53 13
62 47
100 4
8 48
99 26
34 72
57 50
32 87
9 74
95 4
54 89
34 89
74 22
43 74
6 48
28 66
75 64
70 32
78 100
96 48
34 4
64 70
57 50
99 27
43 14
8 64
1 34
50 44
88 35
57 63
29 3
96 98
35 52
21 83
42 97
6 95
65 66
47 95
57 18
4 36
47 61
91 15
96 39
75 19
21 38
86 62
8 53
36 37
57 74
47 48
90 20
21 22
58 65
81 98
30 89
13 60
16 3
24 59
34 55
55 70
2 72
58 24
19 99
1 61
94 19
19 67
30 16
86 98
17 28
67 72
95 65
66 36
92 91
100 39
35 12
3 98
96 56
54 30
93 45
76 67
90 17
88 78
37 43
38 80
12 50
85 16
83 75
3 7
21 65
72 84
78 23
51 16
54 73
17 68
63 46
47 85
73 40
32 91
42 29
25 68
90 7
12 90
37 78
23 21
89 22
62 7
54 47
83 80
10 3
3 69
56 28
3 85
10 76
64 22
48 32
5 40
73 62
91 6
81 97
100 33
59 24
33 44
60 29
68 33
51 75
99 100
76 58
72 90
44 74
71 21
76 40
92 84
23 13
13 81
42 48
11 61
43 36
2 43
1 57
57 12
64 78
47 60
10 9
42 21
41 84
34 44
52 44
15 8
62 11
20 71
10 76
21 67
44 76
83 49
37 51
11 41
12 88
78 74
54 93
55 92
55 76
57 75
29 39
70 65
18 19
49 15
81 43
29 28
88 98
96 72
4 95
61 25
26 4
97 77
73 28
78 22
57 34
69 81
44 99
65 65
69 25
15 30
34 75
36 5
88 57
95 70
14 96
33 19
72 20
21 40
1 49
11 37
80 10
94 16
53 15
15 57
18 36
63 32
6 81
80 44
99 97
7 86
88 34
63 56
46 30
18 84
92 40
9 99
93 27
11 12
53 70
69 84
20 76
45 78
63 18
68 53
16 18
7 75
21 44
66 46
14 24
52 24
11 57
59 13
88 47
47 98
81 51
71 33
97 55
23 15
55 39
77 24
27 78
72 13
64 70
66 97
90 32
95 91
21 23
38 46
8 66
3 52
30 61
44 26
73 14
93 27
8 45
41 18
42 43
60 84
67 9
72 85
69 61
93 95
24 26
89 97
64 55
28 82
39 3
71 10
9 22
4 37
48 92
65 40
45 81
20 14
29 3
12 21
83 67
44 32
64 46
40 89
21 51
36 95
86 10
16 20
46 64
60 35
99 52
44 45
67 68
70 43
48 21
82 31
52 8
71 94
88 33
20 96
98 25
100 65
96 13
100 69
9 79
57 35
76 91
37 57
17 25
91 63
19 85
76 31
68 68
54 15
63 18
78 30
26 3
75 65
8 84
8 52
85 6
63 66
13 51
35 86
84 28
82 3
30 42
8 18
47 5
30 57
27 40
95 62
11 95
9 13
48 39
11 57
50 46
44 30
97 52
10 32
42 2
31 34
38 58
10 67
11 34
39 92
92 41
67 72
16 76
40 43
77 96
69 82
46 38
64 92
57 33
43 63
51 1
25 74
10 38
56 49
45 2
71 72
53 44
54 85
53 16
56 20
48 68
58 85
57 22
54 13
39 28
4 12
84 34
35 35
84 98
96 19
55 10
21 36
32 72
31 77
27 36
35 57
3 1
97 12
96 64
88 96
19 93
45 52
15 20
21 15
26 22
34 30
78 68
57 5
80 58
9 15
59 93
30 77
98 15
60 60
16 96
61 96
92 89
60 62
1 13
30 43
75 42
54 19
51 96
11 53
62 44
10 33
31 77
97 61
41 12
41 19
37 29
76 99
18 1
15 74
40 28
42 94
61 22
91 69
42 46
67 8
26 75
83 59
35 69
53 75
38 26
93 77
44 90
97 98
78 31
74 85
19 37
7 79
87 45
11 38
63 1
34 61
60 54
38 71
50 16
29 85
47 12
75 46
72 76
61 13
19 88
42 66
62 64
63 33
15 20
34 61
71 44
2 56
1 13
61 45
77 90
72 98
9 54
1 26
87 8
80 47
82 15
13 61
32 25
23 91
65 19
19 18
71 49
100 100
47 92
69 92
61 68
26 97
60 25
96 54
72 78
27 89
71 33
45 86
60 71
21 89
34 46
74 54
76 64
45 84
96 83
61 55
14 77
55 7
11 27
71 23
75 25
58 47
51 92
88 88
83 17
75 26
67 48
69 59
48 7
26 10
49 24
35 95
22 41
53 100
30 39
28 46
36 34
78 28
30 58
10 91
60 24
2 22
18 12
28 11
97 19
52 80
49 93
73 74
44 78
75 26
70 18
7 5
67 27
85 84
38 31
82 12
9 30
20 44
77 58
84 37
38 18
35 73
60 93
28 27
31 6
96 72
20 64
15 98
54 28
84 92
83 10
55 99
51 57
82 63
40 45
25 84
48 95
24 60
61 41
41 89
89 2
89 30
17 97
47 68
27 62
19 18
54 12
60 75
75 42
92 9
15 61
23 58
48 19
97 35
34 94
92 29
29 76
53 32
16 91
74 29
88 69
88 51
57 62
49 89
31 67
93 91
3 56
65 21
94 25
67 6
57 51
53 61
80 61
2 29
95 22
19 31
32 74
62 78
16 67
90 80
53 54
54 30
89 81
64 96
34 96
25 59
62 94
49 58
14 92
60 8
14 38
71 40
92 36
62 33
3 39
80 71
33 12
47 93
88 91
48 90
26 42
82 18
24 59
50 66
81 49
86 62
60 5
95 27
92 61
39 100
79 94
69 60
69 45
63 12
51 36
42 85
25 92
96 89
60 17
46 64
4 79
93 30
42 47
54 90
83 99
41 56
23 79
68 90
94 47
74 53
8 12
86 29
7 62
26 46
10 81
91 55
23 16
58 73
25 71
45 51
72 75
3 20
72 57
11 71
51 43
50 29
57 6
58 33
11 55
59 9
2 34
33 80
84 36
91 29
51 63
60 30
22 27
38 47
52 16
71 63
56 48
76 96
39 4
30 47
22 45
11 79
45 10
66 36
51 10
64 34
87 75
90 53
78 2
18 50
14 21
55 40
8 60
1 12
70 52
84 2
28 80
84 20
44 90
78 49
21 51
19 96
82 48
18 65
72 21
79 3
48 70
62 13
94 37
27 93
58 46
54 88
91 51
88 94
60 35
79 63
52 24
23 96
66 44
45 84
6 11
18 65
63 72
68 55
4 49
25 3
1 25
2 71
41 5
5 78
80 100
3 56
63 61
74 89
86 91
31 81
67 28
66 52
18 69
38 14
2 70
84 1
61 70
75 26
81 56
72 10
42 21
22 9
71 83
53 19
42 5
99 80
83 32
86 81
86 96
84 25
5 24
69 43
31 48
31 45
90 7
58 91
82 2
51 26
99 24
7 97
7 11
51 70
35 40
69 72
92 47
95 20
70 100
7 82
69 100
59 29
88 30
16 51
19 45
40 59
77 98
51 97
82 52
94 54
54 28
18 30
94 17
38 96
81 70
19 17
68 56
81 11
22 68
98 100
94 68
9 77
63 28
5 100
53 68
99 27
68 91
33 97
38 19
52 89
52 67
63 81
25 16
60 44
77 7
41 68
19 85
25 63
22 84
58 63
6 71
79 56
22 27
42 74
48 67
99 46
27 12
17 59
100 56
47 57
13 37
66 61
71 38
45 94
51 69
88 14
55 81
45 93
71 13
49 71
83 62
2 85
5 7
77 3
2 5
52 53
41 35
84 54
13 14
96 89
26 22
69 66
56 71
79 55
14 76
12 9
84 84
89 7
47 98
50 4
29 5
67 11
36 50
11 42
96 37
29 39
61 100
65 50
32 38
92 18
20 79
28 5
10 90
84 12
69 41
61 34
7 3
80 8
87 79
10 24
69 65
81 27
5 6
71 32
36 31
68 96
54 8
10 47
3 95
54 22
66 3
70 89
33 5
4 88
80 67
23 57
34 44
20 11
91 93
53 8
11 21
79 6
88 65
85 78
46 96
88 41
92 53
49 97
75 11
31 24
26 16
62 41
9 61
64 75
12 30
35 88
75 73
18 96
26 48
20 89
14 37
99 87
87 17
28 22
20 74
33 88
8 24
85 73
76 75
68 76
20 76
6 59
40 96
28 7
56 30
100 82
56 53
9 26
26 25
3 37
55 59
14 30
80 82
53 33
8 65
12 42
69 68
56 91
52 65
34 51
22 39
52 75
28 38
24 23
4 56
20 30
62 14
50 7
34 75
100 21
50 46
23 4
90 17
62 64
49 55
1 24
64 63
38 75
23 8
85 57
71 78
80 28
1 56
15 64
79 94
50 22
58 25
59 45
27 97
73 45
95 91
28 65
28 91
87 11
57 80
2 14
54 69
14 13
6 90
57 37
61 62
85 67
36 15
81 78
29 22
14 51
57 9
61 11
22 97
27 2
99 34
14 47
17 50
7 20
86 76
51 12
69 58
86 67
52 78
78 66
17 35
62 12
14 41
45 86
58 81
7 52
45 5
32 43
58 95
85 34
73 23
27 45
9 21
59 43
67 35
45 39
75 1
51 26
76 42
45 80
44 77
7 40
48 92
11 71
20 41
39 75
40 31
82 19
34 59
58 57
16 20
7 54
28 46
50 79
72 75
26 19
69 68
78 7
21 36
88 53
89 91
47 35
94 21
76 58
64 18
68 91
14 99
33 73
34 18
21 7
6 67
85 69
65 30
96 93
54 98
39 94
95 68
75 56
75 88
77 36
4 69
24 42
1 62
65 10
94 83
66 19
36 76
24 57
49 82
22 23
12 40
92 100
98 100
97 40
69 51
22 72
4 1
92 89
48 3
85 3
51 31
70 40
22 25
3 46
36 89
100 69
12 50
25 58
26 72
63 50
76 69
22 28
61 39
62 20
97 98
19 22
87 17
23 3
80 31
10 6
10 44
32 90
56 40
75 57
87 28
47 85
84 90
39 13
44 51
83 36
61 29
73 95
83 3
13 31
60 6
35 71
94 63
66 34
12 79
97 43
37 13
32 60
21 24
70 42
72 2
92 44
97 24
9 44
11 77
99 68
40 4
66 58
45 69
33 21
90 61
19 94
76 48
69 18
34 20
62 7
72 18
82 79
3 5
10 63
79 83
7 35
32 51
11 1
92 90
2 42
63 3
19 87
36 3
5 82
19 36
85 1
25 54
7 7
71 17
43 15
48 10
40 43
67 72
40 73
49 39
47 72
80 33
24 45
7 61
60 98
100 59
66 20
43 62
59 27
57 25
27 42
83 64
64 98
16 11
75 88
91 94
37 74
7 81
50 47
4 49
18 87
49 58
81 67
29 79
36 63
16 31
60 14
32 52
26 82
2 71
37 64
90 77
91 58
67 23
29 68
17 28
87 45
80 94
14 37
42 74
14 23
40 2
54 24
38 80
98 12
9 82
12 95
100 14
59 11
43 49
86 52
68 17
96 89
41 77
36 84
11 69
32 35
22 38
45 94
78 41
62 43
66 68
53 16
61 6
16 7
31 55
7 11
30 38
59 6
54 18
51 19
71 59
3 5
70 31
45 40
44 27
98 78
49 100
3 96
35 12
3 55
7 86
98 9
16 8
80 79
23 24
10 32
13 52
48 72
44 56
84 63
74 43
9 65
87 77
19 30
5 72
56 66
37 48
45 4
87 5
86 7
4 64
18 3
53 91
86 41
1 45
62 7
87 74
94 45
48 59
12 54
4 78
11 31
85 69
79 80
61 79
36 83
92 38
32 40
62 64
37 39
26 33
35 18
33 62
42 92
27 17
44 33
10 17
29 70
10 23
7 38
76 93
11 12
95 41
27 94
96 77
33 68
1 84
5 82
48 82
24 94
100 30
89 94
4 27
45 82
62 33
20 32
93 71
55 10
7 51
83 7
82 17
34 56
59 64
75 50
44 33
17 45
21 40
84 70
32 61
43 26
84 16
30 46
67 57
70 98
35 2
42 79
74 34
30 87
2 41
72 52
45 62
65 89
36 15
48 43
14 13
11 61
94 55
57 75
20 33
31 99
55 50
79 54
19 73
60 5
21 54
5 42
54 60
62 27
59 70
8 88
56 54
16 30
12 95
49 81
100 57
67 30
98 53
52 32
1 67
19 36
92 23
13 88
21 93
81 30
13 97
49 30
18 79
99 4
59 62
25 79
22 26
2 64
99 100
39 42
70 35
20 19
62 22
30 17
72 100
70 76
37 62
93 63
27 28
96 68
83 91
76 65
58 26
79 41
21 99
52 37
98 72
39 27
100 52
95 22
70 18
69 9
67 94
62 77
2 3
32 90
48 95
64 80
11 72
2 8
53 90
10 89
93 58
63 18
7 81
85 88
4 57
41 53
83 35
48 95
48 85
94 47
6 35
65 37
78 72
69 24
7 37
86 65
13 76
88 66
82 87
82 2
66 36
88 100
14 96
1 98
66 29
3 18
92 37
45 18
26 43
68 6
53 41
58 59
70 6
69 93
52 46
49 32
62 53
57 80
52 68
61 43
8 11
55 50
44 98
18 37
42 52
26 52
17 84
45 6
40 21
34 10
27 86
92 58
81 48
65 3
51 10
12 78
8 93
94 37
42 34
59 14
1 27
79 62
9 26
50 64
91 84
12 65
97 57
71 59
5 97
10 54
89 4
34 26
41 91
61 83
27 81
31 39
52 27
23 79
46 90
44 86
12 75
32 26
7 34
69 65
76 69
33 12
76 99
89 75
24 95
78 6
98 34
39 52
66 46
94 75
46 56
10 43
5 22
27 26
60 67
76 35
85 87
19 44
7 3
58 29
13 51
28 59
54 20
62 22
26 82
82 61
28 13
83 20
68 15
33 72
24 6
7 55
59 10
63 52
81 61
14 52
72 62
82 54
81 47
58 50
71 73
99 77
78 100
35 61
68 85
77 51
39 56
10 80
83 21
19 23
30 11
9 38
87 16
70 54
81 79
65 1
86 1
21 11
27 51
99 100
31 44
27 81
93 68
86 27
50 16
39 36
51 98
36 30
99 10
66 50
30 30
12 78
52 95
59 58
8 49
81 66
77 54
85 48
53 3
74 47
27 26
10 23
100 5
7 15
25 99
24 38
39 8
9 80
75 87
53 99
88 63
16 23
99 6
17 11
77 62
54 1
11 93
96 60
90 22
30 47
40 57
85 85
72 1
19 99
48 58
80 88
50 12
23 97
74 45
86 87
2 20
27 36
47 57
12 31
70 1
75 10
33 50
25 99
23 47
93 16
86 76
98 69
43 6
79 71
14 73
81 47
17 98
64 14
42 29
11 37
42 26
26 83
19 1
52 52
62 60
44 1
18 64
3 11
9 10
43 11
16 15
82 7
62 26
30 50
33 24
30 13
50 37
93 51
80 88
90 46
54 100
5 51
47 1
92 6
49 3
66 82
6 76
16 43
35 33
87 10
49 87
57 53
39 76
78 6
86 63
29 30
38 27
12 38
67 31
67 84
80 43
81 82
33 78
27 64
27 5
72 46
19 99
58 11
5 50
18 28
7 94
19 48
80 82
79 99
21 18
48 59
66 28
71 44
8 41
89 60
48 37
36 97
41 24
49 23
66 53
75 4
7 6
90 52
69 44
23 3
98 26
52 87
29 55
17 45
27 5
31 10
91 5
43 54
60 20
74 35
89 62
71 88
25 95
30 72
31 91
46 48
53 50
53 82
56 20
50 94
62 18
4 83
9 39
6 12
42 95
7 11
74 87
64 69
36 26
19 1
24 6
60 54
28 73
16 1
20 53
86 40
85 87
89 86
37 86
82 83
93 56
45 16
6 51
49 71
41 81
71 7
68 61
96 83
52 100
91 1
30 37
45 69
82 63
3 95
54 72
45 55
80 13
92 22
74 84
50 81
29 29
10 68
61 72
12 84
100 78
28 18
24 60
79 80
97 25
30 5
79 90
11 38
69 48
29 55
31 64
74 10
55 54
37 92
15 3
17 45
73 24
5 10
73 12
3 49
23 4
56 96
91 36
73 36
79 62
48 46
35 100
67 82
41 97
30 20
69 42
71 89
55 45
51 82
38 76
26 47
97 31
63 28
40 78
97 64
71 47
67 15
26 81
29 74
24 8
15 94
43 48
95 41
59 21
63 56
54 27
14 19
44 65
40 83
49 99
74 54
98 8
70 78
51 94
7 24
67 23
60 13
49 22
10 40
40 44
82 43
69 61
13 93
8 47
2 52
60 77
28 79
57 34
82 58
93 31
38 5
39 68
95 18
81 81
57 44
43 42
35 30
18 50
80 22
37 83
24 43
84 92
3 79
11 22
14 70
53 48
75 59
23 6
47 5
40 97
92 64
83 35
35 83
41 100
22 36
18 18
77 34
75 54
68 47
36 31
61 40
86 12
98 37
54 76
11 16
41 97
91 52
33 99
61 29
72 46
96 4
15 87
40 53
4 76
21 16
87 65
46 19
5 80
83 90
99 79
89 19
86 57
25 46
50 27
5 82
12 87
75 45
100 76
38 58
90 66
32 59
86 97
72 33
37 16
15 34
50 41
88 40
3 41
69 3
24 11
71 32
89 19
96 45
34 39
48 47
44 87
26 44
71 21
65 1
50 81
91 52
21 51
16 95
98 37
4 3
66 44
38 82
100 76
80 89
76 94
54 40
38 32
41 58
14 51
96 29
62 15
18 72
51 70
67 3
58 75
39 70
94 16
6 25
50 88
94 7
94 26
98 27
83 92
48 6
60 39
3 2
67 29
76 95
53 58
43 26
6 85
36 49
54 82
89 67
95 9
15 70
17 88
1 44
92 31
82 58
35 35
40 74
47 46
8 77
90 97
36 68
60 48
22 70
4 35
8 27
49 23
78 28
5 23
3 10
83 34
55 89
41 81
85 30
83 7
49 41
75 70
11 33
68 10
11 15
49 41
41 26
14 99
82 60
44 2
25 55
77 43
99 82
58 32
57 21
12 59
4 15
15 1
43 95
39 23
80 43
76 37
15 72
69 10
10 99
54 79
89 92
24 86
7 90
83 28
67 53
6 85
3 88
73 57
11 97
38 85
9 14
56 39
35 35
80 37
74 57
82 10
88 14
63 95
23 16
39 58
8 71
82 60
53 72
61 74
96 10
13 62
5 1
23 22
18 99
97 54
45 6
82 51
3 43
51 44
20 32
58 67
77 34
94 58
86 85
4 78
70 59
88 1
28 23
60 100
76 83
97 4
76 55
100 68
51 25
80 78
21 32
13 73
53 25
99 98
68 14
21 14
59 71
60 92
39 95
47 48
6 21
6 42
59 46
33 81
14 68
73 8
46 89
52 16
33 96
1 13
92 5
23 84
1 44
47 74
72 51
85 96
11 15
69 42
41 77
69 52
71 3
72 57
22 51
99 13
7 24
84 15
14 38
18 48
91 34
16 46
39 6
5 91
27 82
19 60
53 6
95 78
82 73
10 74
75 38
49 77
83 68
74 35
16 49
46 7
29 40
14 55
69 29
9 21
32 55
1 14
47 63
51 77
11 32
58 56
40 76
98 63
19 59
74 63
10 96
18 24
29 59
19 89
69 97
52 18
43 48
81 92
22 69
55 25
46 41
44 97
19 25
95 50
9 79
35 25
67 8
88 63
12 73
26 98
3 76
17 96
81 86
63 1
74 99
74 8
85 29
47 85
92 65
24 72
94 53
12 23
68 8
3 33
32 82
61 5
23 39
30 24
52 78
59 39
1 25
12 54
98 16
30 20
80 42
53 51
72 7
54 90
86 73
65 63
85 97
50 29
24 42
99 21
57 2
97 92
90 9
66 21
74 80
7 83
20 54
52 15
2 67
67 61
12 85
52 34
82 79
29 28
12 22
22 27
37 25
40 34
30 55
28 49
19 59
13 83
91 81
71 54
61 87
81 22
94 1
72 50
90 85
99 57
61 32
69 33
5 28
66 50
66 87
89 85
69 96
32 16
46 22
20 9
98 99
61 7
98 50
80 21
11 68
21 49
64 40
53 64
22 33
45 73
95 30
56 2
72 87
18 60
100 90
3 44
18 11
40 56
65 27
6 36
77 100
16 79
84 97
64 14
81 56
87 99
77 85
96 36
64 3
38 35
47 83
63 19
98 84
14 56
11 37
51 3
8 42
71 61
21 99
8 20
73 65
70 75
78 97
2 100
89 68
48 66
14 53
12 35
73 64
67 51
20 50
25 5
78 27
8 50
53 95
95 60
17 49
97 20
93 49
30 11
66 54
8 75
60 41
24 100
46 94
72 45
80 57
84 21
53 52
9 47
100 51
58 51
34 94
57 78
15 44
31 44
46 45
74 1
61 63
53 7
16 35
71 93
27 91
76 41
67 10
64 97
33 50
46 20
62 72
56 98
81 20
19 11
66 25
32 16
88 33
95 12
31 62
81 51
9 43
53 21
42 29
43 78
87 64
33 47
78 11
26 3
51 12
49 39
15 8
87 71
70 45
60 67
61 43
27 23
61 34
28 7
38 63
21 82
78 29
64 61
80 58
9 94
84 51
94 4
57 53
72 86
65 91
84 27
78 98
59 44
35 48
54 35
41 63
15 22
6 73
94 40
55 73
47 82
61 68
91 78
77 100
48 72
85 13
14 84
72 49
32 80
44 5
90 63
29 12
99 33
90 21
76 29
36 93
47 10
13 14
58 75
48 74
87 87
88 11
15 75
98 35
16 87
9 50
22 21
26 67
94 45
22 51
78 100
100 77
48 22
37 53
50 33
80 21
85 34
2 18
75 53
87 15
76 9
10 17
18 87
44 17
40 53
99 95
10 12
63 55
52 8
92 89
65 63
21 89
69 79
44 82
2 58
21 36
7 32
53 92
48 99
23 65
44 35
54 59
47 25
52 17
72 92
25 94
47 64
31 83
25 61
44 66
10 17
87 18
71 87
11 92
47 86
4 1
85 36
70 53
31 11
58 99
94 6
30 68
27 23
17 49
87 59
58 38
35 40
75 56
4 7
38 1
16 57
82 96
89 80
81 100
55 82
82 95
58 71
93 64
39 81
62 83
55 47
72 58
84 36
20 87
58 28
61 62
76 27
83 87
97 87
13 3
16 89
26 2
37 10
31 62
78 10
88 80
99 48
30 24
77 20
35 79
36 60
25 85
98 3
80 15
90 12
42 37
37 88
42 46
48 97
89 74
57 85
32 80
55 77
81 49
75 22
90 86
44 19
34 2
33 77
89 35
88 22
25 61
87 1
19 16
87 68
23 90
68 31
58 5
85 7
95 27
46 15
63 97
20 75
35 66
51 49
16 36
59 99
100 5
39 15
70 14
96 32
99 45
93 67
44 73
4 28
61 52
21 34
94 37
46 30
46 90
76 18
61 25
19 42
57 74
14 79
98 43
75 4
16 58
33 26
26 32
18 9
79 59
22 24
83 100
72 11
27 36
47 16
74 76
32 98
56 81
51 24
87 10
5 75
99 46
96 50
77 53
57 46
75 20
53 4
47 36
46 1
78 28
36 44
2 44
7 46
56 74
97 15
51 10
42 78
20 87
87 66
50 7
20 66
65 27
50 83
85 11
74 58
22 66
9 12
66 23
74 20
6 13
43 26
65 69
30 84
20 97
21 70
94 38
83 15
94 50
46 41
47 77
57 81
13 51
46 25
2 99
12 98
31 96
86 69
36 93
68 26
67 89
98 81
61 1
100 72
65 100
69 70
33 49
81 67
3 29
88 20
30 63
12 26
8 98
92 10
13 85
71 1
2 22
91 97
56 89
35 45
29 47
22 77
41 72
57 24
30 19
51 2
59 13
20 77
75 1
17 16
20 27
94 12
48 6
12 27
15 44
11 90
5 59
16 1
30 17
83 87
73 34
63 17
19 70
86 67
81 33
80 16
12 93
62 50
48 42
6 5
51 61
30 74
90 48
62 76
87 80
60 13
53 39
4 35
2 56
36 33
69 52
28 54
23 43
83 35
26 47
12 61
95 10
84 3
8 79
87 59
9 28
39 11
11 1
57 74
18 50
66 61
98 14
20 98
1 25
28 80
87 21
27 6
31 75
65 68
89 69
6 95
84 99
13 34
37 78
49 66
31 84
32 19
1 49
81 95
41 100
27 69
19 89
24 55
28 84
37 9
6 11
41 11
35 55
71 93
97 99
37 51
87 29
88 50
41 58
3 65
56 71
70 12
53 28
23 31
60 27
72 36
44 22
35 16
2 56
13 88
30 9
36 76
31 75
3 18
94 49
43 66
59 72
90 49
7 86
68 77
44 25
2 18
8 26
86 71
52 56
38 39
49 20
29 5
72 25
11 54
1 100
100 3
10 86
66 88
66 12
24 69
70 59
9 12
56 34
4 59
22 21
6 87
14 79
91 72
19 85
49 45
37 2
35 61
26 95
83 9
84 50
47 5
75 31
22 24
68 8
67 47
69 73
68 20
54 10
93 29
6 98
61 12
58 46
88 40
1 36
62 88
51 86
61 17
54 39
66 25
18 79
99 35
50 24
9 18
29 55
50 6
80 93
10 8
1 80
18 87
29 31
47 97
39 46
53 100
73 89
72 64
47 80
70 64
47 48
69 64
86 44
86 84
26 27
38 23
36 14
91 93
12 53
52 94
96 12
86 5
55 80
68 48
59 85
76 52
83 65
70 48
92 36
7 33
34 97
81 39
24 39
11 53
45 84
40 12
7 56
8 52
82 23
91 20
46 17
77 50
3 23
59 2
67 65
80 33
83 2
10 14
14 7
48 22
41 59
21 97
61 55
5 18
3 18
47 73
8 7
53 63
34 51
9 79
52 31
24 8
44 75
92 40
53 45
18 46
93 12
56 32
70 30
15 6
10 91
24 98
90 52
7 17
72 48
40 49
48 14
38 53
26 87
88 80
77 29
70 80
80 94
43 22
89 39
3 60
67 39
33 65
98 22
22 91
27 3
78 66
58 69
59 12
45 100
21 76
14 37
23 89
16 100
95 32
14 82
70 35
98 77
9 69
52 65
17 15
95 50
83 64
8 33
83 7
74 71
35 87
69 76
71 42
26 77
9 66
53 73
58 40
56 50
48 35
32 68
100 7
5 10
8 46
33 93
36 21
14 56
80 56
18 8
8 35
41 32
1 97
26 82
59 61
60 96
36 28
53 42
96 13
26 90
12 78
11 36
69 78
47 71
10 84
96 88
36 9
75 6
25 34
47 41
49 55
97 36
86 94
29 56
39 39
16 5
21 72
72 7
55 11
51 2
13 37
6 83
88 55
54 44
32 89
71 53
79 88
91 68
63 100
3 39
24 96
74 75
69 61
15 62
5 1
28 55
83 91
62 81
88 42
29 88
1 75
99 97
65 3
31 10
17 44
46 9
36 3
34 4
64 1
82 92
45 17
74 82
62 79
53 51
60 11
67 95
76 2
66 44
94 36
54 42
83 65
81 26
21 65
87 22
70 75
59 24
27 77
43 13
17 47
56 63
52 66
80 72
65 99
6 30
4 28
27 11
42 99
90 27
3 63
59 99
85 34
96 35
8 99
97 72
47 88
82 16
77 3
31 72
50 63
88 47
58 1
11 25
37 15
83 87
57 97
17 93
1 45
7 16
95 67
30 65
62 59
84 48
47 96
58 91
11 74
60 32
45 16
68 89
1 86
43 78
19 53
47 19
60 53
97 78
5 68
49 17
34 21
40 80
56 21
11 43
61 26
12 65
29 34
12 83
59 49
94 31
92 26
30 16
5 1
13 94
59 36
74 14
75 43
19 98
56 88
46 52
63 18
51 90
14 45
73 83
20 18
90 14
94 11
8 87
36 31
56 21
11 84
27 12
49 40
95 12
78 85
36 29
5 50
1 6
46 25
78 48
62 69
31 49
96 28
66 95
49 10
43 38
85 45
51 10
17 100
46 93
30 15
80 3
50 71
82 27
27 85
82 5
25 11
86 99
59 55
8 47
63 85
88 91
64 78
65 46
3 90
25 61
93 77
66 20
56 41
7 69
56 19
64 100
48 9
11 2
13 14
84 24
46 14
7 71
13 83
59 56
58 87
76 25
50 36
11 33
10 49
88 30
70 57
45 79
84 42
72 49
92 74
84 26
68 92
71 95
69 27
70 47
25 43
72 57
21 82
27 75
70 5
45 31
8 88
6 6
41 63
43 87
39 69
69 65
15 85
10 12
63 14
2 44
29 87
65 28
91 72
30 95
28 13
45 16
54 73
42 35
28 23
42 64
88 90
56 26
87 35
85 75
50 40
91 41
90 74
60 80
32 33
52 83
3 81
81 38
96 18
5 33
90 23
2 38
61 97
80 12
34 58
29 15
81 66
85 33
65 28
16 13
90 68
77 22
62 20
12 34
45 42
16 90
67 11
2 71
72 82
33 47
71 17
4 85
70 33
68 71
42 66
32 35
84 61
28 63
60 44
93 64
79 2
98 61
28 69
55 35
44 58
48 52
77 84
62 82
37 58
68 75
10 5
87 33
8 8
90 96
8 58
22 19
9 40
34 97
43 93
98 58
13 17
97 2
11 76
74 58
10 94
60 44
100 33
32 10
53 16
43 33
30 7
84 45
14 61
70 64
56 53
54 76
60 61
89 31
90 41
60 100
28 97
12 45
72 79
23 32
75 49
52 16
84 58
40 13
85 27
53 3
72 64
43 99
36 27
97 90
79 16
29 31
71 78
43 90
66 58
96 41
79 84
85 85
54 15
41 44
24 59
14 24
82 47
41 51
22 75
57 54
1 31
65 17
6 9
76 33
61 72
81 10
96 28
3 21
32 50
38 68
62 65
77 23
50 84
60 3
71 13
74 1
55 32
20 67
33 42
2 82
60 64
88 100
35 72
61 62
99 81
69 79
95 19
78 46
85 94
25 66
14 3
48 82
92 59
28 49
17 62
1 59
93 12
57 61
98 8
90 88
91 78
21 89
1 99
71 49
3 62
4 8
94 80
10 28
93 72
47 12
62 93
93 93
64 92
67 46
80 11
2 74
45 17
79 73
80 39
72 67
41 64
20 83
55 94
80 40
65 89
12 74
20 95
50 52
42 25
13 12
6 55
40 30
63 58
52 22
25 92
90 18
78 60
82 25
84 40
46 63
64 70
48 69
36 20
92 58
96 36
86 52
86 18
7 64
56 29
56 79
23 33
61 11
20 52
45 41
38 94
16 7
44 9
96 50
24 100
42 52
60 38
15 42
8 31
73 21
52 69
11 34
89 45
99 62
68 89
11 23
8 93
38 5
73 16
52 35
85 2
10 88
94 24
78 48
87 60
46 49
98 20
62 97
33 59
63 18
50 68
22 4
74 40
17 54
67 60
38 7
71 21
37 82
89 74
68 78
8 98
26 100
80 86
16 7
38 22
85 34
63 80
87 27
88 41
91 49
90 67
72 11
94 97
3 1
86 98
37 46
26 22
42 92
39 38
35 10
51 47
71 35
40 38
34 97
63 56
56 50
78 96
53 62
5 59
40 70
9 83
9 46
36 94
73 41
27 7
15 20
52 59
15 86
57 31
23 14
41 67
67 87
24 39
43 8
90 95
73 26
1 55
40 92
72 48
39 49
46 27
19 66
68 7
28 11
100 45
90 75
30 85
59 26
25 58
63 12
26 79
52 44
10 68
99 19
92 20
30 45
69 88
17 56
75 11
65 43
10 40
74 16
28 26
24 14
90 58
5 77
35 12
38 39
19 93
47 40
53 19
64 78
51 5
10 22
59 29
20 62
31 98
18 58
74 43
70 7
56 37
92 8
59 9
68 33
56 52
71 51
76 80
66 62
38 15
77 21
10 100
55 84
19 28
26 43
92 7
90 41
51 36
86 95
52 59
56 66
10 37
41 23
54 92
87 57
72 84
67 55
80 94
92 64
65 36
96 41
31 44
23 46
9 95
33 48
12 81
29 70
82 38
3 57
89 68
47 11
100 40
20 52
20 74
69 65
33 46
33 89
86 79
85 95
4 36
78 58
46 91
76 61
66 50
80 10
9 93
5 78
94 98
36 26
6 95
73 7
15 52
76 33
85 69
52 54
8 71
11 3
61 100
43 40
84 59
27 88
100 63
19 89
54 77
45 12
23 84
10 4
36 38
45 30
72 88
97 85
72 11
33 68
44 69
13 17
9 8
59 30
20 81
21 37
21 59
19 95
7 71
30 5
54 98
7 42
47 17
50 27
15 96
45 92
96 77
34 12
25 42
19 31
61 10
84 52
38 81
43 74
67 34
89 61
68 18
86 57
93 90
9 54
87 88
98 63
69 89
65 49
31 95
80 50
37 64
38 85
31 91
66 41
59 4
76 1
59 88
62 90
23 2
97 4
25 67
96 56
9 19
74 46
98 14
32 65
62 30
9 94
22 2
93 89
88 16
15 41
94 65
84 36
45 98
47 78
55 46
14 59
25 16
80 62
94 77
33 93
37 84
94 74
8 79
13 43
65 21
11 66
54 94
56 70
87 14
53 37
8 21
47 75
61 17
18 91
45 75
62 68
10 89
94 1
47 75
60 56
66 20
46 7
76 67
12 99
4 63
16 90
47 52
74 79
26 48
59 70
9 61
21 59
46 74
1 27
12 28
51 93
45 86
16 78
79 53
98 25
16 87
17 40
93 97
57 33
60 69
13 64
82 71
34 30
21 74
76 5
88 99
39 3
53 6
6 37
95 1
9 10
60 53
50 7
30 93
100 57
51 38
98 16
52 60
54 43
14 66
22 88
31 31
66 23
3 72
90 81
46 61
14 84
81 96
77 43
56 38
98 77
18 13
79 36
74 87
85 40
100 8
57 7
57 22
91 56
47 37
19 29
4 33
57 74
21 73
24 58
25 2
23 70
70 72
9 49
64 31
52 84
29 61
69 28
41 25
93 70
100 67
42 44
40 17
38 47
9 99
17 63
7 99
87 44
95 28
7 67
10 80
2 80
59 42
29 11
4 34
89 87
81 43
56 99
37 45
4 30
48 38
43 95
20 56
80 23
32 57
32 44
96 6
35 34
43 24
90 5
56 36
47 14
60 86
32 26
51 53
66 58
50 70
29 72
25 9
8 62
80 32
39 64
54 83
70 25
12 82
14 81
41 89
25 69
60 93
60 18
53 36
38 72
63 16
35 82
22 15
77 41
33 2
72 81
21 19
38 84
76 13
26 19
54 91
56 80
88 21
21 58
35 97
76 5
38 76
59 16
7 21
22 81
10 54
84 56
74 50
24 88
93 28
40 2
17 62
32 82
97 63
14 23
84 15
85 58
55 60
42 93
83 29
89 80
74 97
46 29
80 64
33 89
25 8
46 8
29 47
94 46
24 87
41 69
11 71
23 6
46 17
35 18
22 49
27 18
96 92
92 48
76 26
43 88
16 83
68 67
21 62
31 54
43 6
62 44
20 62
74 81
64 12
73 2
73 4
90 13
52 58
30 26
100 48
92 67
18 17
8 36
23 15
78 46
99 98
17 40
64 91
68 65
63 6
13 66
15 25
18 30
83 13
36 37
96 70
52 17
60 86
67 76
72 77
26 23
70 7
51 66
51 27
32 68
57 34
3 58
92 14
58 75
15 94
18 75
2 8
62 67
53 62
45 59
37 62
55 74
24 85
77 31
60 10
33 75
96 96
53 82
3 23
87 2
91 90
10 20
8 32
42 69
19 6
48 100
31 55
39 78
46 93
96 93
69 28
31 92
80 35
8 13
97 60
29 71
6 99
94 10
58 74
34 1
88 51
55 44
86 56
26 76
41 81
65 43
89 41
61 73
19 63
49 17
52 32
38 50
47 26
39 34
66 50
3 59
26 41
2 40
57 66
5 18
93 38
93 35
33 81
3 82
99 81
54 62
22 18
8 57
10 93
24 66
62 11
22 90
98 99
54 50
83 92
4 23
52 86
27 64
40 60
94 32
25 64
60 46
3 80
81 55
47 25
10 65
57 81
33 89
98 29
15 27
21 50
63 94
28 28
10 4
77 42
92 15
24 68
22 52
87 70
61 5
42 93
96 37
94 95
72 92
28 99
66 84
47 61
58 80
40 86
89 57
100 34
58 2
30 20
72 57
9 81
98 71
70 62
23 57
18 98
77 72
21 8
43 28
5 76
39 37
99 17
91 75
44 8
67 83
38 76
72 9
20 61
77 38
96 2
30 22
74 15
62 38
74 38
70 23
55 58
18 73
50 62
89 73
59 55
21 90
71 45
73 96
10 79
63 61
66 61
25 11
92 16
42 73
57 7
86 23
51 73
94 59
57 98
92 68
10 14
27 12
32 97
2 18
66 68
28 39
71 92
84 57
53 52
84 10
87 96
42 51
72 91
96 54
97 31
25 66
100 95
36 32
53 45
38 7
15 59
52 45
90 70
46 26
43 100
95 34
81 66
3 91
40 30
65 8
69 38
27 33
51 6
71 79
28 9
3 37
4 49
43 33
74 15
10 7
36 66
49 92
52 44
45 43
9 86
40 64
78 99
70 26
43 18
39 4
55 60
20 14
69 59
47 46
20 78
47 89
71 27
91 27
14 25
44 75
72 71
78 5
27 20
63 54
40 3
22 76
63 20
88 5
97 97
20 70
25 20
51 97
53 60
7 27
2 72
78 24
82 6
22 86
85 29
44 55
47 80
98 24
16 1
45 9
59 64
53 3
77 85
22 94
98 85
1 59
44 44
79 77
40 52
80 54
57 49
89 26
60 96
6 88
53 44
22 38
16 66
40 100
96 93
5 85
61 3
41 43
35 90
76 100
87 68
5 43
34 66
58 51
4 55
20 80
28 21
35 83
5 20
37 47
61 3
8 19
92 18
75 27
15 82
70 82
21 18
88 91
24 96
91 40
22 33
95 69
90 25
79 96
84 49
59 26
17 33
20 68
44 51
77 78
99 71
39 66
1 40
12 10
51 17
7 94
10 2
53 2
99 87
40 3
10 21
27 47
1 39
93 68
58 62
43 51
42 44
28 20
87 92
43 33
63 92
27 63
57 94
52 68
76 23
35 63
58 24
53 9
50 14
68 35
78 2
74 14
28 92
16 54
24 24
30 84
12 34
95 79
63 71
26 13
57 31
88 43
86 89
36 14
65 40
72 43
80 27
66 31
54 48
62 92
22 39
53 3
75 24
63 77
34 53
94 51
24 19
40 20
74 22
18 43
40 19
89 7
20 25
75 9
95 17
19 83
97 15
15 49
85 69
95 70
89 90
32 2
36 64
35 1
39 13
17 24
30 66
98 97
20 56
48 30
33 24
30 14
70 11
20 5
23 16
35 29
77 75
94 58
69 64
61 91
7 31
26 27
24 10
78 81
22 58
70 38
37 32
16 12
79 11
28 98
44 70
51 30
58 61
17 78
96 84
12 42
37 27
63 58
84 65
13 34
77 40
92 29
7 10
97 2
5 18
93 30
1 99
66 61
71 97
73 42
72 63
53 76
21 97
90 23
21 52
74 44
16 90
64 7
3 78
30 11
43 9
20 33
1 20
93 77
50 25
39 23
65 45
39 26
86 62
22 26
88 43
2 84
3 87
43 41
79 18
53 23
54 34
58 58
26 28
73 93
34 5
55 88
41 65
99 72
53 25
73 26
97 14
84 50
71 41
1 63
20 84
95 44
28 81
80 32
7 89
65 16
48 27
42 20
43 63
45 50
37 70
62 33
43 76
76 4
74 8
58 96
23 19
95 97
88 81
66 92
79 80
69 82
35 12
99 6
76 24
94 77
22 27
73 24
58 26
74 55
36 88
53 30
23 52
83 86
57 46
6 55
29 1
17 56
39 39
46 5
88 69
76 39
3 11
22 26
44 68
95 73
84 94
59 4
60 85
9 66
1 69
73 88
61 73
47 66
87 66
50 78
99 39
84 8
77 23
45 58
51 45
72 26
7 26
47 13
37 57
23 21
76 64
89 60
38 26
87 84
33 32
7 70
36 94
55 40
56 74
7 90
18 38
30 10
5 15
78 91
44 32
24 91
88 58
4 86
65 33
94 80
39 32
5 49
48 70
18 33
49 6
87 7
26 67
83 15
60 34
27 94
45 39
41 5
51 7
93 90
28 24
95 82
67 85
5 64
62 92
65 47
84 58
40 83
17 37
7 94
71 81
45 35
16 89
34 80
17 81
30 31
84 21
81 91
52 71
15 58
18 84
37 55
95 4
40 7
2 100
10 38
52 44
73 43
95 72
66 75
65 60
3 93
85 43
89 50
65 55
36 43
92 20
56 85
64 17
22 54
45 11
20 48
1 41
96 86
20 6
64 90
89 42
20 35
92 43
30 87
97 98
56 46
39 16
81 35
35 11
95 29
41 33
22 82
52 40
23 62
40 57
8 68
59 93
37 19
85 8
74 33
42 99
74 28
19 1
49 90
4 96
58 77
7 97
65 41
51 82
61 82
18 23
77 26
47 1
51 19
52 3
35 23
77 39
13 87
19 96
16 15
86 98
54 66
54 75
53 52
57 39
86 33
33 55
37 76
29 59
87 52
48 9
36 53
43 18
2 12
16 56
94 14
21 4
25 32
86 85
49 9
41 31
21 86
38 32
90 56
20 79
43 12
80 86
29 16
54 4
40 73
18 9
16 1
28 80
12 32
54 80
9 29
100 36
54 75
88 22
11 12
19 21
75 22
81 84
76 41
55 90
100 52
51 89
22 93
74 80
22 15
15 16
49 40
16 84
58 85
16 94
31 5
50 88
75 11
67 75
82 68
26 38
47 82
96 7
17 8
2 59
34 58
92 86
89 52
42 98
20 16
92 99
87 82
97 68
5 70
85 92
27 63
5 42
63 94
49 66
12 45
17 39
72 38
57 45
47 30
46 18
86 37
41 78
12 24
7 68
96 79
8 23
4 71
30 90
13 88
26 51
34 100
79 68
13 6
80 33
80 76
85 24
73 93
23 43
33 91
3 98
52 50
10 14
96 20
62 49
68 52
93 5
43 45
1 92
60 38
59 96
68 23
83 50
72 67
4 84
8 70
97 34
20 52
64 81
46 28
42 74
19 49
47 54
32 72
48 40
83 47
46 64
90 77
13 89
66 51
47 24
57 1
11 10
23 2
3 44
81 80
46 73
71 70
95 24
2 76
79 60
43 39
86 47
80 21
55 23
97 17
78 2
19 39
42 83
61 41
89 2
32 74
50 17
49 42
93 3
43 44
61 27
12 74
82 58
95 47
74 94
56 97
63 23
37 49
62 85
52 13
21 23
2 90
8 92
27 48
41 63
89 8
44 63
35 17
97 20
14 80
47 70
81 83
23 33
18 88
14 25
11 61
80 48
55 81
25 7
19 8
44 12
34 73
35 40
30 92
94 68
77 5
28 74
58 30
11 92
66 71
88 2
30 72
54 67
80 55
13 13
31 8
51 3
78 93
72 65
47 77
55 16
57 56
65 49
36 86
14 77
5 43
15 8
51 79
70 11
97 26
65 13
76 98
80 6
86 51
38 35
69 88
8 67
20 8
2 89
49 76
29 48
58 53
49 53
42 91
97 82
65 89
92 85
50 45
43 85
28 12
74 57
100 11
47 38
93 79
76 78
29 43
59 39
29 33
87 35
74 80
82 57
66 75
28 26
28 62
32 71
36 70
93 20
60 75
28 100
36 10
98 44
26 46
45 9
36 83
13 66
62 44
31 7
26 4
59 61
93 37
58 38
43 32
65 18
59 92
91 25
68 75
55 87
87 3
7 24
9 77
42 99
54 12
89 93
83 83
95 85
48 17
33 29
6 46
64 43
51 57
82 23
66 3
43 76
37 65
78 56
57 68
25 6
8 34
85 84
30 67
94 7
89 58
47 45
67 69
93 47
21 64
57 14
99 38
6 93
16 14
22 22
1 87
8 68
48 28
49 35
31 97
94 74
3 83
95 99
64 42
11 83
12 23
21 50
86 35
89 80
77 32
7 92
18 51
44 9
24 6
42 30
97 100
82 40
99 35
80 96
50 41
60 49
55 35
34 65
25 68
51 9
64 10
86 58
4 95
70 3
48 21
21 43
9 72
62 34
13 36
87 100
76 52
55 55
83 12
6 54
31 24
69 36
58 88
44 60
59 6
79 86
49 28
80 70
75 9
59 61
83 61
40 50
30 9
80 79
43 84
46 97
52 69
28 52
23 46
97 7
23 86
27 70
14 68
96 52
39 78
56 9
34 77
68 81
18 38
80 17
41 16
49 87
40 60
21 68
80 80
5 53
18 21
54 38
81 84
13 4
67 16
1 73
72 65
16 87
13 6
45 3
79 29
39 41
44 34
81 72
39 26
5 97
72 22
77 4
43 11
14 100
87 99
68 12
74 53
32 83
38 62
18 72
42 89
75 71
21 96
24 2
89 54
21 37
6 56
22 39
49 55
87 80
54 14
77 38
27 24
77 67
24 100
53 53
59 78
51 75
43 83
73 45
57 79
91 59
34 71
61 98
42 23
61 94
12 81
92 76
23 91
38 66
17 62
69 50
99 47
20 48
61 13
3 49
49 25
40 71
16 75
36 90
54 82
93 22
48 74
21 77
6 66
93 38
95 33
94 19
15 17
81 33
29 4
37 81
38 65
100 14
73 91
59 7
53 76
2 26
19 15
93 15
54 80
19 62
86 95
70 60
5 80
82 71
99 87
65 97
32 7
20 30
47 50
42 99
61 58
25 13
8 46
3 92
94 82
64 7
17 25
11 2
49 65
64 53
68 2
45 87
26 34
27 38
45 1
86 43
85 77
93 34
51 40
29 59
80 19
18 66
88 13
17 6
83 92
56 92
51 21
51 15
78 61
9 61
78 41
39 16
78 58
36 76
34 88
91 99
78 64
34 86
75 1
30 79
57 33
81 16
5 51
24 15
10 37
18 38
60 29
42 40
95 35
12 60
57 65
51 89
69 82
57 68
30 68
97 17
12 78
98 86
3 70
31 12
40 32
16 82
98 50
77 64
2 82
47 27
77 68
16 79
59 60
62 25
3 11
5 33
35 74
68 6
91 13
57 56
65 8
65 30
3 56
3 25
59 98
65 1
69 62
9 15
4 94
70 50
53 49
19 97
21 32
72 48
72 32
22 14
86 78
3 52
55 33
46 57
29 37
10 80
15 63
16 62
5 88
78 100
42 92
13 30
29 86
19 33
43 6
64 60
55 18
29 22
99 5
45 98
15 45
47 41
10 12
58 17
75 78
67 93
26 22
54 46
49 65
6 91
43 41
26 78
74 89
15 54
47 86
56 37
67 23
2 48
14 95
100 42
67 57
84 47
56 39
30 86
34 37
65 56
87 83
8 4
43 24
46 100
72 36
37 65
28 76
82 32
9 68
67 58
38 10
10 2
28 53
86 74
96 81
83 5
84 30
77 40
77 98
49 96
45 37
24 35
78 64
1 70
91 26
68 79
49 31
72 25
79 49
60 57
78 41
28 8
20 21
54 57
42 18
37 63
29 74
1 10
72 52
38 76
33 1
48 17
42 92
44 26
45 49
45 68
99 88
69 87
54 55
84 99
70 71
25 26
74 12
92 87
10 79
97 17
7 64
85 49
84 18
62 75
15 93
53 6
84 59
41 100
54 99
88 89
23 85
74 44
100 93
65 36
82 25
77 48
37 66
53 58
90 12
11 63
95 67
39 73
6 57
78 38
70 20
33 59
84 35
56 99
2 33
67 45
33 49
11 44
6 89
44 2
65 69
45 78
28 65
90 95
83 34
18 54
40 42
87 43
25 97
37 41
50 83
73 95
95 70
24 49
78 2
21 56
41 52
72 77
32 94
93 45
73 74
8 6
64 53
57 68
17 90
73 99
56 10
30 100
47 12
35 11
92 74
17 30
65 53
70 17
96 60
45 87
28 25
47 34
62 58
33 14
36 7
29 89
86 71
3 70
60 6
76 31
76 49
27 50
53 97
25 22
65 95
19 83
47 46
11 76
20 85
96 88
71 35
7 71
8 52
96 26
90 86
34 82
47 77
49 30
43 78
7 90
33 32
59 1
70 45
36 22
30 70
66 37
14 28
1 45
5 88
58 41
79 63
99 38
60 75
59 94
12 79
71 67
61 79
67 49
81 15
76 51
99 64
64 93
29 27
21 83
45 15
97 46
14 24
47 19
69 39
3 63
21 26
38 87
3 88
99 61
36 73
65 50
88 62
63 95
79 52
32 11
52 54
35 74
99 23
79 70
84 89
43 77
17 52
36 29
40 42
1 35
67 52
29 77
62 18
14 38
12 34
78 69
32 10
34 42
32 8
83 25
44 2
69 50
96 24
32 57
31 17
34 10
2 76
55 21
10 37
69 52
77 80
15 60
98 54
82 60
83 28
34 47
76 8
27 73
99 65
86 83
86 74
18 61
34 13
7 92
29 92
79 52
38 65
50 96
44 87
28 96
98 64
26 42
14 71
6 83
76 31
1 86
89 58
43 36
44 87
96 3
30 71
32 16
70 22
75 18
3 52
63 27
93 84
45 51
4 18
15 78
92 13
2 62
35 56
66 71
24 33
57 47
88 21
28 36
70 78
52 23
24 89
98 3
14 69
27 47
31 4
24 35
48 86
24 79
49 83
13 97
79 86
99 47
62 24
36 65
51 45
65 91
62 63
62 69
2 79
93 58
57 31
18 76
7 24
74 5
73 6
84 67
85 13
28 85
42 34
58 35
20 20
72 49
2 72
27 54
74 98
61 74
50 9
100 26
90 18
50 70
31 83
88 57
55 96
73 18
31 15
19 22
62 46
58 63
58 36
91 86
59 40
37 31
3 39
19 10
13 97
46 5
90 87
15 100
4 61
41 64
38 73
18 59
41 30
77 23
23 64
50 9
34 90
83 50
39 65
38 95
94 26
6 40
5 2
59 7
48 4
81 60
25 42
25 15
36 91
47 10
32 74
53 94
33 12
20 13
30 75
10 19
74 95
55 99
74 82
19 51
85 71
29 87
58 62
50 43
41 70
62 19
80 72
20 19
41 41
14 75
49 95
19 79
16 3
82 14
79 35
71 96
39 91
57 86
40 72
27 4
68 92
97 88
11 98
4 100
82 8
74 57
98 6
78 70
30 29
8 16
57 25
74 87
52 47
7 48
10 1
34 62
80 13
39 66
52 11
98 4
59 18
60 13
3 27
2 8
37 40
88 62
46 65
85 79
9 24
1 30
51 57
44 25
56 52
59 93
60 23
80 84
40 73
17 91
11 63
86 71
94 93
90 56
49 17
41 8
23 28
78 28
71 8
6 28
3 83
51 23
18 40
90 23
73 38
29 72
69 18
94 32
17 50
77 21
6 60
1 56
32 34
56 16
78 74
37 1
38 95
30 76
66 95
100 89
1 95
16 72
26 14
23 96
13 17
2 47
18 30
13 73
23 42
28 83
6 75
51 18
20 31
6 54
87 30
7 19
41 17
72 52
48 67
6 73
88 49
100 35
14 36
62 79
62 53
25 47
45 20
63 50
18 60
48 29
94 97
41 99
38 94
39 54
29 65
77 71
100 24
67 85
71 84
68 24
44 62
65 80
21 37
19 41
77 69
26 29
73 20
28 31
79 10
86 14
51 61
2 10
84 80
63 76
30 3
21 64
25 7
51 86
5 70
16 75
86 5
85 29
11 37
63 97
59 87
50 45
78 13
80 98
96 75
26 92
50 14
44 33
95 16
19 11
62 2
49 3
25 61
8 57
28 63
34 69
35 74
46 5
36 35
2 9
58 13
66 10
63 23
50 66
55 85
59 53
72 89
60 28
22 64
52 50
19 72
55 61
65 82
52 72
44 59
64 4
71 89
89 3
95 31
93 94
60 24
96 73
67 99
1 68
36 92
58 54
28 74
94 68
12 21
80 49
5 73
19 7
87 54
33 17
86 18
28 72
76 73
76 92
34 31
53 87
44 93
29 67
6 55
12 53
57 17
67 6
40 86
65 91
98 68
92 89
74 81
77 98
40 3
75 100
33 16
11 24
62 98
38 3
12 36
7 67
72 51
93 18
54 49
64 35
66 39
19 91
71 69
29 41
81 59
37 100
32 78
67 89
95 31
83 70
19 6
21 28
69 26
82 30
16 32
16 64
100 26
54 52
25 5
39 100
44 44
96 82
6 13
67 38
18 32
53 23
21 65
63 24
100 64
97 76
71 92
28 26
84 42
70 11
29 15
9 56
88 96
72 78
19 77
49 31
71 94
76 94
82 25
80 84
12 6
75 35
61 1
21 9
40 14
4 56
62 3
52 22
69 13
68 53
71 34
66 100
62 66
31 61
45 54
44 98
70 57
40 21
87 74
61 14
92 82
68 28
97 54
89 28
32 4
54 37
27 20
64 35
52 97
12 91
68 1
92 73
18 74
62 4
7 80
77 95
60 53
60 2
50 21
22 27
2 41
91 48
1 1
39 74
70 19
78 100
100 19
20 35
100 15
36 59
53 99
97 8
39 51
79 37
21 41
12 2
61 50
87 41
41 8
54 34
32 49
98 24
93 86
6 33
64 90
93 83
97 39
14 74
7 79
2 70
89 48
85 12
70 8
28 73
48 38
6 96
62 90
67 57
95 98
76 74
56 42
10 72
95 84
22 32
35 57
12 26
20 28
25 79
87 66
15 14
38 49
74 28
41 42
86 67
78 15
14 85
55 23
16 90
40 65
34 88
15 1
32 83
18 93
44 36
10 70
75 61
97 77
53 31
20 95
78 31
37 13
72 26
69 25
71 75
90 77
19 42
82 40
70 42
57 70
21 10
67 23
92 40
83 20
74 97
45 19
27 15
27 86
40 86
22 30
60 97
33 41
45 79
51 44
6 98
18 84
69 6
80 67
97 25
77 36
78 17
4 51
84 39
8 31
85 77
83 35
8 3
59 12
80 77
33 52
59 60
72 36
8 16
57 76
6 10
71 30
44 16
5 44
9 39
80 23
67 56
25 20
4 75
59 90
49 96
34 8
4 29
45 21
44 99
43 96
97 60
53 85
7 17
65 57
47 28
88 35
79 73
75 30
41 85
16 13
14 94
97 86
99 25
55 66
72 36
95 2
46 88
71 88
10 40
82 31
58 55
23 1
27 35
15 27
48 61
40 40
77 54
42 72
97 73
67 17
6 77
88 82
3 49
54 76
10 27
32 12
14 60
82 37
65 61
40 64
17 15
13 46
68 82
81 87
54 79
36 12
76 49
90 74
8 21
81 45
98 39
71 69
11 68
56 58
64 72
3 39
33 84
91 89
53 51
87 54
21 7
65 77
31 49
89 33
28 48
11 98
63 46
85 50
99 78
35 16
43 27
51 44
53 50
79 95
58 14
22 47
91 63
12 14
17 2
21 56
24 81
57 53
63 58
68 81
92 21
50 14
45 57
1 88
94 75
12 19
65 52
16 40
4 77
11 48
52 99
95 11
20 1
22 76
83 100
57 51
83 25
34 41
50 60
74 30
36 42
9 8
52 15
3 14
86 81
38 90
12 74
41 81
16 61
10 80
71 60
50 92
12 42
42 13
24 29
100 72
67 49
60 62
71 72
16 15
64 77
84 73
68 23
94 38
48 21
9 60
10 53
76 50
85 79
50 78
63 55
49 91
60 47
34 32
56 31
71 7
42 16
32 41
74 76
45 16
89 13
94 35
43 15
42 68
62 96
86 49
92 45
81 79
15 7
11 42
36 12
68 80
7 2
89 3
79 12
86 54
7 58
58 35
61 92
51 97
30 27
75 1
44 61
85 8
3 76
78 20
53 84
69 40
74 54
97 38
8 34
7 88
29 68
82 42
57 17
32 14
37 100
64 18
13 76
24 46
68 87
99 73
83 59
70 25
29 97
38 2
93 100
17 98
82 17
8 31
39 38
87 59
45 24
22 84
21 71
18 14
32 64
17 4
97 76
21 99
22 74
31 73
36 7
25 17
16 99
76 8
66 70
53 33
69 26
25 96
67 36
23 28
99 78
60 48
55 61
95 37
41 4
33 93
63 88
43 74
46 88
92 39
6 96
71 87
79 64
38 100
48 76
83 90
43 31
43 98
29 39
100 47
34 16
62 46
89 64
18 23
73 3
57 27
85 80
87 34
99 100
81 20
84 39
69 9
44 33
14 33
75 8
73 41
77 67
12 16
53 77
74 6
92 10
42 93
87 5
15 84
5 74
36 95
56 60
20 18
43 69
20 27
37 58
92 2
35 33
17 54
82 2
84 15
36 6
4 31
5 1
63 94
61 56
100 52
67 51
25 87
12 39
60 21
96 67
8 51
48 15
35 95
59 25
86 91
45 63
38 13
46 72
24 63
15 70
75 15
26 55
78 70
63 96
74 54
48 20
68 53
75 75
59 72
4 74
56 89
85 32
70 45
78 81
71 99
38 54
56 2
44 38
80 41
69 26
4 51
7 55
52 70
46 35
15 48
90 89
27 39
81 89
38 32
83 34
96 66
47 32
60 79
90 9
28 89
30 13
29 5
97 52
49 74
63 100
36 88
14 55
1 85
96 93
54 31
2 31
74 74
82 18
49 38
35 81
60 11
81 91
94 7
25 14
82 19
36 34
4 36
66 18
35 31
86 95
67 22
40 34
88 61
61 11
6 11
52 73
72 62
43 45
9 40
58 20
38 27
56 40
52 75
59 94
56 38
81 40
71 50
83 71
58 54
99 88
47 95
30 57
42 68
90 53
28 58
15 82
89 79
77 72
100 81
80 48
20 23
10 41
24 84
35 28
16 9
81 48
5 5
17 63
82 24
88 36
5 21
64 90
10 87
52 40
45 63
13 63
77 92
16 1
93 59
4 79
64 31
69 31
8 76
31 92
43 87
16 42
40 18
30 40
35 60
87 23
48 52
34 81
30 96
30 10
49 62
28 85
28 65
26 73
43 48
80 2
9 24
44 24
41 65
26 14
62 90
96 59
12 74
30 26
42 56
8 84
31 54
8 50
70 54
100 9
26 75
3 51
48 85
87 23
83 55
26 71
50 49
78 69
10 76
6 49
14 46
33 31
69 35
60 79
84 3
79 15
53 33
67 57
5 74
52 70
51 93
63 10
80 32
70 69
27 3
16 42
33 9
67 99
99 25
59 3
74 39
12 37
27 99
7 38
55 27
52 14
21 80
83 76
6 36
38 100
19 84
55 10
71 50
16 10
85 51
79 96
22 82
48 6
49 45
84 19
1 37
93 92
72 92
24 91
98 13
51 76
11 55
11 1
84 70
27 47
47 98
72 45
12 83
36 81
29 85
100 53
57 91
30 33
46 32
39 20
57 97
18 17
65 80
30 18
89 62
31 92
69 71
21 79
88 94
15 13
30 72
90 26
53 77
55 81
78 4
35 50
5 51
58 95
23 82
68 85
9 87
43 27
88 61
81 36
65 46
57 57
51 88
32 73
71 36
35 21
77 29
58 60
12 86
30 86
36 79
57 5
75 38
46 88
29 58
2 6
85 2
94 92
72 98
14 62
42 55
33 60
73 62
10 47
55 55
65 61
99 63
99 27
35 66
65 50
88 66
34 83
63 9
69 100
76 31
38 21
68 33
58 14
30 24
51 100
30 33
62 72
15 52
56 25
14 58
25 73
63 44
80 66
74 25
90 100
45 36
9 73
30 43
60 50
59 30
14 59
98 100
31 16
9 13
76 44
59 40
8 41
79 81
63 25
55 68
73 26
75 88
35 88
27 68
69 28
51 44
92 32
85 40
17 15
13 32
25 60
25 58
16 94
49 59
1 55
40 96
9 56
61 55
59 77
37 17
100 30
58 20
25 74
62 39
68 76
91 2
99 4
65 17
78 67
63 28
51 60
51 8
20 52
9 47
13 85
11 99
48 46
72 70
66 20
15 20
34 59
15 71
45 74
58 18
18 78
66 27
28 61
9 10
69 69
53 42
9 60
69 5
98 50
13 72
15 13
96 43
14 4
7 13
20 62
68 17
59 25
31 4
63 68
40 95
36 14
80 74
48 94
43 78
68 10
74 88
85 12
73 57
56 83
46 42
88 73
92 49
38 67
42 45
99 10
96 88
48 47
77 43
68 54
67 62
12 76
86 2
94 100
63 88
21 86
18 10
16 73
97 78
50 58
6 52
32 95
93 72
41 27
72 93
85 56
48 70
28 36
41 67
58 55
91 25
88 50
73 56
86 45
65 49
27 50
97 8
28 26
32 72
46 94
2 82
54 75
65 44
93 64
28 60
28 56
45 64
46 100
68 78
12 13
6 72
66 70
74 22
62 86
100 55
61 17
73 51
78 60
18 7
94 82
15 19
28 63
17 28
60 40
72 92
32 4
54 3
71 75
70 12
95 32
66 7
15 15
78 46
97 53
8 57
81 31
7 12
4 4
48 12
61 4
5 43
89 12
24 44
38 52
30 50
38 67
49 21
64 19
41 89
74 1
47 94
18 81
58 68
74 76
12 70
25 2
86 36
74 81
32 28
16 73
21 3
58 98
80 6
72 73
32 49
64 42
33 79
52 11
98 9
16 100
9 73
59 5
65 42
92 91
7 31
93 57
26 28
58 96
46 51
96 37
55 21
95 12
6 5
89 7
91 32
8 93
93 85
60 20
49 14
34 9
49 23
34 50
74 70
39 45
51 14
77 11
92 92
83 31
99 47
15 19
38 84
89 56
93 91
74 78
100 28
47 39
64 21
41 67
31 5
27 17
59 1
55 63
51 94
6 64
21 57
35 65
97 21
38 85
28 13
30 7
92 25
5 8
90 71
98 33
94 26
44 25
89 18
98 50
28 46
18 68
39 20
95 1
94 72
53 91
55 61
45 23
49 1
23 45
56 13
78 15
28 16
49 47
96 90
34 94
7 100
12 33
20 62
22 96
66 47
44 47
33 99
85 44
51 57
85 54
74 53
11 83
8 9
63 50
76 34
14 35
99 50
95 50
23 89
65 12
30 21
45 41
100 39
49 90
29 50
91 100
68 5
67 31
46 71
78 28
48 12
85 75
82 4
73 91
24 86
32 3
74 28
3 3
60 28
2 68
60 28
45 40
18 81
30 30
64 99
62 66
84 11
69 38
88 59
57 71
13 18
5 24
68 4
100 13
49 92
18 95
54 45
51 36
29 50
39 97
70 34
73 83
56 78
21 46
2 10
80 76
75 65
43 92
60 26
9 8
31 87
30 8
25 88
86 73
47 44
35 38
23 18
63 34
54 98
28 99
2 62
95 66
42 35
28 62
51 100
62 7
49 78
32 2
65 31
76 98
18 86
32 79
83 79
7 2
17 18
36 57
60 47
86 66
34 89
13 21
97 66
91 37
99 99
74 97
60 76
70 22
63 4
57 57
69 51
70 69
4 73
21 16
51 30
82 36
49 20
16 59
24 63
89 81
36 9
27 7
36 12
87 74
4 70
81 20
15 34
98 30
44 76
36 66
70 77
96 80
66 48
32 51
23 66
26 12
14 57
84 5
72 10
88 29
96 45
43 8
76 63
40 5
19 88
44 9
73 91
16 57
16 65
87 51
34 33
55 70
93 93
15 99
35 71
37 58
13 99
9 70
33 98
33 97
56 17
75 71
30 93
37 4
93 45
55 46
4 99
79 92
60 59
71 17
34 82
65 93
66 48
27 70
20 19
39 13
5 82
33 16
14 79
30 27
17 77
88 70
24 82
27 58
100 68
100 55
65 63
28 67
99 5
91 72
67 19
97 30
64 18
82 18
92 68
61 67
86 68
34 29
74 20
82 66
36 1
50 60
30 83
90 100
66 57
99 3
34 13
51 64
19 61
31 30
29 54
27 23
66 78
69 88
46 42
51 56
33 30
98 61
32 16
87 37
6 47
5 30
86 23
1 85
89 48
98 99
54 89
40 9
67 13
84 72
21 41
78 39
18 56
48 7
80 67
65 86
70 100
58 18
45 95
31 49
17 11
12 83
21 13
89 24
34 5
90 32
86 22
44 59
36 63
11 92
16 100
16 70
56 12
70 1
17 27
69 87
7 50
29 54
70 94
52 53
42 56
82 99
63 83
46 59
18 85
48 11
12 38
5 8
68 10
3 66
76 82
24 91
90 33
64 80
61 69
13 25
62 56
22 62
40 18
9 90
35 3
11 44
20 58
54 45
6 92
14 68
47 42
66 59
72 90
83 27
47 23
30 23
24 96
44 81
79 65
62 34
39 34
96 16
17 68
16 96
27 32
97 47
6 68
83 20
13 23
59 69
65 44
46 17
10 77
80 98
18 22
17 10
2 66
96 76
52 14
78 28
13 72
87 20
45 76
77 97
44 4
97 52
17 31
80 67
49 55
26 51
7 99
1 13
3 65
27 51
69 8
51 20
89 31
86 75
56 17
32 4
25 24
31 6
59 1
15 61
13 6
45 29
58 2
80 67
40 55
91 13
79 28
76 83
69 14
11 41
41 62
34 89
4 60
33 60
72 94
44 76
99 45
82 15
43 89
98 31
86 61
74 22
38 92
67 59
22 24
1 23
88 3
9 29
24 61
80 30
14 86
44 34
42 30
55 60
80 66
48 42
51 33
65 7
90 86
35 4
3 92
66 32
83 48
8 66
17 88
11 49
12 69
3 9
17 10
11 73
94 7
49 99
53 49
55 3
85 48
24 38
61 28
69 70
11 51
81 9
100 16
36 63
50 99
44 62
46 73
77 58
12 68
16 68
60 2
87 50
34 10
17 22
19 90
95 67
82 48
23 28
85 83
74 33
55 87
49 48
100 65
87 96
51 22
71 82
37 12
16 25
55 6
71 88
21 47
50 15
61 75
2 50
4 42
25 49
4 3
79 70
72 72
78 88
53 83
15 70
2 33
18 12
44 41
40 64
4 58
56 14
37 37
61 42
82 70
24 91
34 44
85 59
95 23
90 49
74 59
44 99
22 63
35 79
73 28
94 100
2 33
81 29
1 72
34 12
65 20
63 90
70 75
79 61
9 6
94 12
64 96
55 99
54 81
70 100
9 79
83 29
60 23
7 72
87 8
88 34
90 72
17 56
58 60
42 19
30 99
52 50
55 5
1 54
50 90
52 67
86 12
90 64
51 5
24 73
77 35
49 26
59 28
57 76
3 80
62 47
79 14
82 3
57 82
89 90
42 32
7 37
68 46
37 32
29 26
60 32
16 61
93 66
99 40
13 47
77 65
48 61
77 93
10 39
75 50
57 99
66 37
28 17
8 45
8 56
42 9
42 1
21 34
32 73
49 88
47 4
94 88
30 64
66 97
95 100
67 33
14 95
41 83
59 34
97 35
70 1
16 11
58 53
54 42
75 6
26 93
100 7
59 73
50 65
50 83
28 87
75 85
18 93
90 87
31 92
4 98
88 36
85 97
23 29
58 65
6 80
78 34
81 67
57 6
33 19
43 60
56 3
76 92
75 34
29 51
90 58
68 68
99 15
10 37
45 26
94 6
20 52
13 71
23 33
51 92
56 43
53 29
85 67
80 28
59 62
56 38
75 20
97 74
17 93
4 50
60 9
72 94
63 16
57 20
89 61
66 91
36 35
13 98
95 17
47 35
39 95
3 16
78 23
85 67
57 95
31 50
84 33
46 62
78 95
26 15
64 10
9 91
32 7
42 8
77 79
40 22
100 50
55 74
11 54
27 40
97 7
35 43
79 51
72 95
65 85
71 33
26 18
94 88
63 58
3 98
55 56
53 5
8 24
64 93
73 6
23 54
5 6
51 38
1 89
47 17
20 83
50 7
77 71
85 23
72 45
28 55
78 5
3 9
39 78
14 28
81 58
68 31
2 15
73 92
64 25
4 50
36 90
43 8
67 5
56 90
6 100
54 6
50 40
47 15
29 14
85 6
70 64
57 4
32 30
45 70
9 38
95 50
31 73
39 63
13 27
76 76
13 83
35 47
29 19
98 58
50 4
28 77
9 55
70 50
92 5
32 61
58 36
81 57
46 72
69 6
16 44
76 47
3 56
49 9
38 62
98 12
17 38
53 64
60 62
69 61
59 64
7 54
74 93
10 60
3 2
48 30
17 37
83 53
77 74
68 82
41 18
81 42
56 56
7 100
98 74
42 49
48 52
97 38
34 96
40 39
10 69
1 84
92 38
43 31
36 28
55 58
21 58
52 61
6 54
36 93
37 28
67 70
90 77
21 91
80 93
58 32
70 32
68 35
12 13
38 79
55 56
33 14
93 18
74 43
99 32
31 40
97 97
4 45
63 50
31 79
23 22
26 70
57 22
23 58
96 20
9 41
22 25
2 70
72 63
35 8
28 65
28 16
65 34
53 14
85 87
54 74
26 70
27 67
95 42
60 67
66 38
16 94
90 59
38 66
8 7
2 84
54 23
41 100
87 47
54 77
7 69
32 4
30 75
11 10
79 99
13 91
49 47
37 100
21 55
37 57
85 29
10 91
53 37
96 26
14 34
87 51
33 39
5 17
13 80
44 73
99 84
1 47
31 46
34 83
9 35
70 7
38 9
67 53
63 87
52 47
65 74
59 43
39 60
25 46
94 72
25 46
72 25
50 95
66 18
87 13
26 41
79 18
91 23
15 100
60 12
8 78
85 27
80 57
23 77
15 57
51 20
42 30
92 23
89 36
23 13
9 6
51 86
4 5
29 95
32 21
72 33
11 48
89 60
44 10
68 69
40 50
55 82
87 28
40 72
12 72
33 91
50 30
75 48
99 53
27 83
50 65
26 68
51 75
6 25
45 82
35 62
75 83
55 34
55 71
43 17
15 87
39 31
26 81
49 55
1 65
49 34
48 34
16 94
6 36
4 79
58 19
65 82
17 84
81 75
40 80
12 100
68 52
43 6
47 84
56 70
73 90
80 68
35 30
81 52
32 19
75 54
36 48
79 66
12 52
38 38
10 32
4 72
34 15
9 10
15 68
23 78
5 63
75 70
36 26
93 35
75 32
4 17
27 4
35 90
79 56
3 61
37 7
12 68
46 13
30 62
49 36
47 33
100 93
63 64
25 50
24 79
50 69
38 33
35 24
30 81
31 61
9 1
19 97
93 77
21 87
82 11
43 8
91 48
67 41
57 72
72 50
47 4
45 62
2 98
90 85
90 76
34 9
57 47
71 19
3 26
35 94
43 97
60 100
17 82
85 9
30 40
76 15
55 98
73 60
33 72
64 37
23 14
44 100
37 55
76 57
25 34
69 58
16 20
23 33
50 97
73 43
8 13
42 99
5 31
18 47
24 79
79 85
25 50
66 54
7 55
86 7
69 8
47 89
82 43
7 17
91 77
80 50
33 61
6 73
82 14
59 59
42 7
30 58
73 2
26 92
93 81
59 20
84 27
18 79
50 5
59 85
29 22
98 8
7 29
72 7
85 73
84 5
36 22
29 62
50 94
80 5
36 10
30 50
71 25
1 96
21 89
76 78
11 19
53 2
59 16
47 44
64 33
22 33
82 56
18 18
74 85
4 50
84 86
95 39
16 47
49 66
25 18
74 58
67 94
3 89
54 89
36 93
77 24
29 37
62 96
88 78
33 78
13 90
32 42
10 83
49 67
87 94
42 26
21 84
6 42
39 17
62 12
50 80
34 68
11 54
6 80
43 34
10 62
46 8
45 83
29 65
86 10
16 99
25 30
27 29
89 4
42 48
12 47
1 6
77 1
47 54
17 92
92 93
21 98
42 96
22 88
20 34
11 52
86 18
99 93
50 65
37 34
86 12
100 70
79 54
93 83
50 25
16 91
30 18
3 39
62 90
82 2
99 43
74 41
89 52
61 28
30 78
14 65
47 79
17 72
50 75
69 35
71 45
9 62
42 98
4 68
70 81
16 23
10 7
28 7
91 88
23 59
6 55
55 12
21 44
38 45
32 83
56 53
61 34
25 71
76 88
84 61
32 17
84 74
29 99
63 68
91 60
18 17
81 21
82 72
69 31
16 91
13 77
89 16
79 37
34 67
14 18
45 50
46 11
44 95
24 31
5 20
66 82
62 39
90 29
7 29
45 88
99 4
97 10
32 3
29 61
17 76
23 56
7 38
35 39
65 47
92 74
36 82
84 18
63 4
81 57
4 29
77 17
82 77
23 87
65 50
98 85
55 98
69 64
63 59
97 76
10 85
82 26
97 12
71 26
100 18
86 21
59 16
17 79
2 19
53 91
67 16
59 9
27 59
10 84
68 86
95 96
89 99
66 88
7 44
39 23
76 38
20 92
85 64
71 55
91 89
55 78
81 20
39 14
97 17
71 14
46 16
64 4
30 100
80 86
62 36
25 97
51 25
26 24
58 37
9 10
21 71
9 75
93 98
91 44
53 93
58 21
29 70
53 9
69 59
100 12
72 35
37 31
95 14
37 24
86 47
61 41
56 45
36 10
12 71
88 100
6 26
93 97
91 82
37 52
19 76
55 17
8 10
74 96
69 4
95 63
79 10
22 77
32 66
33 61
94 39
22 47
68 22
27 95
55 60
64 72
10 10
71 45
89 89
65 81
12 88
75 60
33 26
31 84
15 40
71 21
56 76
35 83
18 64
77 90
98 8
78 7
83 7
68 74
2 89
54 9
43 46
97 72
49 4
59 12
41 89
92 81
50 46
40 5
29 41
57 55
9 65
48 88
12 51
82 100
80 93
29 47
26 77
59 44
66 39
27 32
71 19
71 54
20 67
30 47
54 92
57 51
32 29
10 24
77 39
84 53
29 58
39 82
64 51
99 18
92 33
14 70
4 53
88 10
20 57
86 92
50 73
78 82
65 88
10 73
47 44
87 70
84 4
21 37
49 89
18 59
70 64
63 87
7 95
90 38
22 8
47 6
53 73
57 45
15 88
73 95
97 41
2 38
69 35
67 25
50 91
24 45
65 49
26 27
21 73
38 19
67 81
54 14
40 49
99 42
11 37
48 67
43 57
54 41
41 77
60 39
46 48
62 77
40 36
51 38
100 74
32 40
81 10
50 43
1 34
64 96
83 74
80 24
41 93
18 18
21 81
76 11
77 8
61 46
74 40
20 40
63 48
50 13
83 93
77 32
17 7
33 89
35 20
12 70
58 88
4 78
8 71
50 81
85 45
45 96
16 90
33 54
35 97
95 79
62 58
72 97
49 68
22 66
59 11
9 38
26 38
64 21
76 33
90 66
18 51
17 31
94 28
79 25
32 49
43 70
96 68
96 29
78 37
73 79
6 49
39 96
67 82
100 14
25 31
71 45
48 23
74 12
34 99
68 59
61 88
94 27
13 32
41 13
48 1
56 14
58 88
26 58
66 93
23 10
15 64
33 27
54 43
46 92
98 73
64 52
90 1
4 20
62 57
87 62
79 56
68 4
24 2
31 10
52 35
71 8
19 73
49 84
15 48
22 75
54 94
44 86
42 75
89 13
6 63
75 14
15 7
11 19
66 9
31 99
25 54
36 49
43 58
50 13
15 74
49 12
59 32
3 76
2 75
5 95
32 62
35 43
90 77
45 46
2 15
75 28
33 26
19 5
53 29
7 96
41 22
16 12
37 43
54 88
53 72
25 96
46 52
55 68
60 10
91 95
