10000 9
56 75
23 30
78 29
66 18
3 21
67 63
19 98
54 100
67 61
99 57
27 89
70 2
9 27
99 85
23 2
78 1
2 82
92 61
37 92
45 43
96 20
98 94
93 52
94 91
22 85
2 29
23 78
53 82
7 99
79 63
35 66
2 90
39 2
4 15
91 100
51 95
53 95
33 37
25 36
23 10
66 16
54 1
78 60
100 29
92 88
84 14
28 88
33 17
69 44
47 61
38 93
24 91
10 26
93 72
52 3
57 31
69 97
78 17
64 89
12 44
92 39
99 47
82 7
30 55
50 30
60 65
71 69
6 79
83 54
28 39
82 94
86 8
61 9
93 9
37 61
3 22
29 12
2 34
86 95
69 33
94 36
90 48
60 54
18 18
86 22
28 5
71 24
51 80
71 92
59 95
21 77
9 93
78 79
15 63
16 24
61 76
67 34
52 94
9 74
5 27
11 13
18 70
10 68
46 33
20 32
99 36
48 54
79 4
76 66
82 49
14 86
16 13
25 92
13 30
65 80
59 60
88 45
76 73
74 77
43 82
1 4
55 26
21 94
59 54
44 19
32 41
43 70
63 34
89 77
52 45
49 74
83 20
40 41
44 65
81 95
92 71
54 4
92 8
79 27
60 6
6 23
38 44
80 9
11 11
30 6
36 49
11 7
67 26
61 18
28 70
58 5
27 86
5 35
65 11
6 48
22 40
43 49
56 53
84 57
77 61
78 56
89 29
9 37
31 32
2 30
60 20
78 26
77 11
26 41
19 26
93 94
86 59
73 67
22 70
92 57
37 3
53 70
15 29
12 91
13 80
82 85
17 70
57 18
81 45
8 13
21 26
98 96
61 8
24 76
52 43
24 52
80 88
22 16
56 45
76 77
60 25
82 67
78 14
39 6
72 64
4 1
2 9
92 55
98 11
22 34
4 62
40 75
68 65
42 73
32 31
79 58
67 50
78 80
68 18
63 50
24 16
19 92
95 10
94 68
19 80
95 15
11 14
36 43
92 97
10 14
85 73
44 85
43 44
82 86
80 85
97 65
94 13
88 81
34 24
31 97
24 17
40 96
99 95
98 63
36 33
8 74
95 76
70 25
6 64
79 4
14 87
77 54
33 6
15 28
15 50
10 87
41 41
10 94
35 86
57 37
33 83
5 5
36 42
57 84
62 35
9 83
36 27
69 91
32 13
77 59
9 36
64 4
63 66
9 86
19 56
74 30
24 86
98 16
89 66
69 68
78 38
100 89
47 46
15 14
100 39
21 72
2 74
32 91
83 69
31 21
11 44
99 27
77 25
41 96
21 43
56 71
27 97
99 44
32 53
6 58
58 35
61 80
42 19
84 46
69 6
6 60
90 10
53 13
6 43
63 87
35 1
12 52
13 64
2 33
9 92
2 39
18 99
65 45
21 67
97 83
36 41
49 4
88 25
12 29
34 13
81 99
67 40
57 30
21 25
21 92
42 3
55 23
96 78
18 40
57 17
69 100
50 47
55 86
5 42
77 26
65 100
14 86
19 47
67 32
30 70
10 67
11 85
85 22
85 99
72 35
7 56
49 66
36 71
92 2
76 86
86 85
37 76
73 54
11 31
19 52
76 18
42 33
76 37
18 3
55 34
41 8
84 59
46 83
91 35
13 73
47 77
5 100
19 55
58 29
7 96
25 64
14 65
55 72
96 83
78 46
58 85
55 82
91 91
34 75
62 31
57 97
97 80
34 17
87 96
96 18
14 28
93 53
44 98
83 32
23 79
90 100
8 46
24 85
57 89
89 72
39 4
79 92
55 23
68 61
71 96
65 93
88 65
79 32
13 74
62 57
78 90
73 49
40 70
76 53
76 99
28 54
91 95
97 75
40 21
46 93
24 14
30 56
93 76
8 58
82 1
90 43
56 80
30 85
11 57
94 100
19 48
66 22
16 6
52 63
72 57
82 68
80 5
7 85
53 41
92 44
46 45
56 88
8 29
74 56
90 69
4 92
16 55
68 95
38 8
97 64
11 52
33 35
74 75
60 87
84 17
10 97
53 16
16 25
13 89
16 34
64 30
32 35
3 82
39 88
7 26
80 7
24 13
19 1
99 18
78 47
23 9
35 7
12 4
12 45
49 3
3 40
14 24
12 11
1 50
59 84
5 69
86 24
20 94
88 88
76 74
55 83
31 30
7 26
83 100
74 97
2 67
65 69
16 48
84 64
4 51
30 54
11 80
11 18
32 84
8 57
37 14
6 22
39 100
55 45
95 22
95 93
2 90
18 56
58 33
54 90
8 50
15 53
71 57
21 63
32 61
85 13
73 86
68 46
41 16
100 58
77 1
8 77
23 84
28 94
74 99
60 99
63 53
32 31
79 49
32 19
95 43
44 84
43 62
17 34
23 81
79 50
94 43
31 89
87 6
73 94
89 40
76 8
79 67
44 30
30 17
2 73
45 88
94 95
79 41
91 5
81 26
99 16
73 66
25 45
90 53
75 55
5 60
53 74
35 29
89 91
36 71
98 96
22 85
7 48
76 88
14 66
34 93
73 73
84 77
9 8
71 35
89 65
77 27
12 37
13 77
71 25
17 5
23 19
54 81
1 70
35 17
96 99
63 73
52 30
69 78
57 8
80 54
44 68
83 58
30 81
16 20
75 48
71 43
96 87
18 77
92 5
55 76
7 22
34 34
48 90
28 38
30 82
19 80
56 60
8 6
96 80
61 92
80 39
95 14
33 28
51 18
62 85
91 50
72 19
73 82
99 97
8 99
42 95
71 79
8 76
75 94
84 75
6 59
12 72
40 74
69 81
37 13
8 26
88 6
88 10
41 91
94 70
54 83
47 85
68 17
11 42
5 24
25 22
12 29
17 66
58 98
76 35
96 97
1 14
23 53
41 25
22 47
77 7
3 35
14 98
45 37
33 23
88 9
63 83
15 78
29 23
24 98
47 80
82 98
97 60
2 91
10 89
99 17
64 80
44 73
40 12
85 55
21 100
39 17
17 1
64 8
59 68
43 2
20 64
4 10
6 74
77 2
61 71
88 100
35 61
36 78
97 64
78 11
26 44
89 30
59 98
8 47
8 50
56 93
85 58
78 22
82 43
63 62
18 65
92 38
30 89
47 38
91 100
41 90
54 19
36 28
42 70
28 25
2 91
33 23
6 15
51 74
67 59
65 24
79 100
56 20
68 59
86 61
95 10
21 89
91 81
14 41
100 2
18 48
9 10
72 27
81 68
21 63
60 24
78 8
94 50
89 2
14 80
3 48
10 100
69 38
2 17
18 44
23 73
27 1
5 13
68 96
65 65
8 93
20 3
9 83
29 75
52 9
70 93
76 61
70 82
15 83
17 83
3 48
15 43
79 33
72 25
37 75
26 63
37 13
75 46
33 58
84 49
84 76
68 93
14 46
20 33
55 62
64 98
53 61
16 71
2 4
54 86
88 10
72 60
50 29
28 74
26 29
9 18
87 53
80 20
36 61
2 51
49 47
7 66
68 77
93 70
29 69
57 14
73 77
14 46
37 80
7 58
61 78
9 51
19 47
67 15
58 13
25 62
13 53
50 46
61 47
11 26
34 23
54 18
2 98
68 5
79 7
8 80
27 28
83 88
18 73
22 56
80 74
44 27
89 92
53 33
17 4
11 19
35 6
14 47
35 8
97 48
94 59
16 5
36 33
44 57
4 14
26 61
47 75
22 64
4 90
80 59
80 87
40 64
96 73
46 24
25 52
48 53
25 27
1 50
65 67
57 6
88 33
66 36
84 99
51 68
2 34
16 68
49 100
27 97
50 25
87 24
6 32
78 87
2 40
40 67
94 42
98 16
41 78
66 72
3 63
9 17
38 7
13 27
40 33
85 90
2 65
24 20
78 6
20 84
39 86
4 76
61 31
98 35
99 41
65 88
46 52
6 9
27 20
27 79
72 2
92 78
58 71
32 48
42 94
8 45
96 99
3 25
43 71
89 45
1 60
62 45
61 57
24 1
68 5
21 43
20 42
12 55
92 35
44 89
41 42
92 44
86 27
68 34
19 23
87 32
44 92
94 55
34 98
17 4
85 64
77 66
72 24
9 51
39 60
25 97
80 86
77 15
49 93
88 15
65 72
10 88
14 73
38 20
47 81
77 88
4 51
26 58
15 55
28 44
39 37
5 32
73 70
39 26
42 31
92 38
11 66
71 88
89 89
11 3
86 50
26 35
38 59
87 20
83 74
28 36
40 5
76 47
7 100
64 70
51 50
67 8
46 77
91 68
85 81
33 33
62 47
14 55
24 1
7 98
5 87
26 31
62 96
69 22
52 38
80 20
86 16
65 87
97 64
77 36
96 14
4 57
27 75
75 89
68 61
45 75
49 87
11 29
14 53
35 21
15 84
11 62
81 7
97 68
74 52
32 3
12 16
7 40
48 23
94 72
92 66
92 61
45 53
9 52
45 12
78 95
92 13
40 31
94 39
60 80
9 95
43 64
25 22
10 30
70 97
6 63
49 98
21 98
35 6
50 52
100 12
90 8
79 33
50 60
94 11
92 77
21 28
47 35
38 59
79 12
87 68
12 33
1 63
48 12
37 1
92 66
78 85
68 9
85 79
34 15
43 4
18 73
84 83
77 18
42 48
98 10
45 46
33 28
87 42
100 74
86 86
18 34
81 13
33 36
55 71
44 35
68 83
67 79
27 37
70 27
80 30
31 65
26 20
6 13
46 70
65 76
66 47
14 90
38 54
29 63
7 76
98 8
8 60
40 33
33 22
78 56
74 77
81 79
8 37
13 36
53 82
53 53
54 55
83 91
22 1
97 44
42 53
34 60
98 14
12 88
94 43
44 45
12 57
52 85
36 35
78 11
49 6
41 26
92 74
44 28
82 76
93 89
90 10
76 96
63 68
34 95
60 4
92 22
13 95
27 13
6 37
78 17
63 81
44 43
19 52
96 19
78 64
14 80
35 100
59 46
55 3
24 69
21 83
55 59
33 21
58 63
29 53
64 3
81 13
4 16
61 28
92 94
12 44
79 4
60 55
66 41
60 62
26 56
50 82
41 72
90 97
87 27
37 17
37 90
4 59
63 98
56 31
19 18
81 5
49 51
7 27
54 25
65 69
72 24
86 38
89 26
42 100
92 45
94 67
48 79
64 45
78 76
12 34
44 72
34 35
61 88
9 57
100 82
51 48
31 19
16 25
52 12
85 70
16 60
16 73
65 70
38 93
55 34
77 57
15 27
44 53
73 73
34 76
72 42
13 98
39 60
63 70
56 5
3 32
61 18
39 94
15 72
67 56
99 62
62 93
3 62
21 18
50 15
74 72
84 34
21 59
73 66
38 32
50 1
11 40
68 37
18 57
28 68
6 86
42 73
88 59
59 13
23 42
60 56
56 48
96 67
37 36
68 100
87 38
23 11
70 51
64 47
13 99
25 23
98 36
54 31
61 88
50 46
79 25
36 88
63 9
57 70
85 54
35 12
3 21
6 41
44 37
90 60
2 30
11 80
91 94
69 6
26 32
72 81
82 37
35 79
27 77
84 30
39 35
94 81
19 87
55 43
47 50
78 68
30 93
50 84
60 70
48 8
91 32
46 43
6 61
34 9
5 39
3 58
91 86
84 54
92 53
68 96
69 91
77 16
25 14
77 12
99 10
39 100
23 86
12 99
81 66
65 46
23 55
59 49
93 72
4 31
90 62
48 19
18 58
20 36
3 61
38 24
70 53
48 35
41 88
94 49
11 32
6 70
57 71
73 48
1 54
88 6
13 18
61 49
7 85
31 53
87 41
13 38
14 51
43 92
1 3
8 48
66 58
76 37
37 71
71 29
71 7
14 92
78 81
95 76
35 26
46 80
52 35
58 79
71 51
37 3
83 69
56 87
54 87
20 52
47 70
45 34
4 28
99 60
84 53
39 28
54 29
31 49
78 7
82 32
58 2
26 80
37 91
97 60
83 33
14 76
38 8
16 91
38 72
3 43
8 80
58 82
26 3
21 6
48 12
48 7
5 47
30 21
53 24
86 56
81 93
22 79
100 62
36 92
53 91
82 36
43 94
58 60
32 51
52 4
3 83
25 43
6 63
90 41
74 56
81 4
81 14
92 97
75 96
88 96
15 55
46 28
62 23
78 56
20 87
9 34
43 44
30 51
72 82
98 31
31 58
36 84
14 31
96 58
96 97
54 8
30 14
100 63
7 17
60 69
26 75
30 51
32 21
22 38
38 79
60 63
14 31
88 44
47 6
73 35
39 61
98 24
22 43
53 32
88 35
82 69
30 20
79 7
68 91
36 19
36 57
56 39
8 85
80 1
24 45
89 48
80 79
74 85
56 31
98 100
46 95
97 68
77 51
66 3
67 20
32 4
73 92
37 39
91 96
12 10
29 35
43 4
45 16
8 13
27 63
27 18
58 70
21 7
68 67
19 48
34 1
93 44
26 71
90 33
51 39
71 83
74 16
56 81
65 57
3 13
72 6
29 24
2 8
47 3
33 100
94 36
32 32
88 4
85 19
25 94
41 58
99 87
63 47
73 43
84 81
37 73
99 61
92 39
21 33
34 52
43 8
51 54
80 9
70 2
9 100
1 80
16 58
48 6
65 100
100 25
40 36
56 18
8 76
55 80
57 24
98 67
13 61
92 87
2 36
22 90
62 95
29 24
72 7
6 28
96 7
26 13
24 15
4 15
24 42
28 12
56 2
46 41
63 69
81 35
17 18
22 84
34 56
100 33
47 27
35 86
84 74
44 21
5 27
43 53
72 22
95 57
86 59
31 33
34 34
34 65
48 22
75 35
57 50
83 85
63 21
92 67
65 45
83 21
71 56
39 54
66 29
66 68
24 82
22 77
16 6
67 81
9 94
81 57
55 75
37 92
32 12
13 13
33 96
19 89
23 62
92 55
41 92
95 7
10 72
48 16
86 17
90 17
12 71
84 99
66 66
83 96
90 42
85 100
56 91
45 86
29 28
76 39
21 99
46 41
57 57
98 46
50 28
20 45
96 42
38 86
100 63
50 82
44 99
6 85
86 75
93 34
29 66
5 56
88 7
35 57
87 38
63 50
83 10
16 39
96 30
47 25
44 87
70 100
19 18
35 45
80 36
72 78
16 9
22 61
73 6
53 42
40 4
11 8
40 70
28 89
80 5
43 98
50 83
13 89
20 38
50 96
23 64
77 31
54 41
47 21
94 1
30 89
39 31
18 15
60 84
71 11
82 64
17 92
100 34
73 3
13 37
82 42
29 74
36 75
52 67
13 25
79 43
27 70
22 5
89 62
79 52
39 23
75 78
43 40
53 61
61 68
89 2
94 69
45 36
89 77
31 36
9 3
36 53
86 15
60 6
34 79
66 38
64 27
74 77
8 38
29 52
72 56
53 14
8 7
51 36
76 11
20 13
83 85
53 68
59 40
41 55
44 15
48 66
72 39
51 91
97 82
99 81
70 62
16 36
15 7
69 82
6 89
20 46
26 30
81 27
56 53
9 36
89 95
22 2
30 83
10 35
36 6
76 10
15 45
58 51
13 52
23 72
27 9
27 41
71 77
88 76
20 80
85 41
21 85
99 82
8 70
62 65
84 45
84 15
86 96
56 97
14 79
47 89
100 25
10 93
62 47
83 34
13 98
57 44
5 36
21 80
97 70
79 85
61 87
100 6
84 43
43 56
47 95
78 4
38 75
18 17
36 58
45 7
88 89
18 36
34 94
81 3
53 15
36 3
31 33
99 27
40 47
83 8
8 94
88 48
55 45
38 13
76 78
44 99
38 21
93 86
25 9
69 27
26 88
45 1
46 91
97 70
83 32
3 84
66 62
14 28
7 81
12 30
54 57
76 51
100 95
33 68
92 61
95 1
8 44
18 8
21 79
67 13
92 17
58 96
32 75
53 20
46 46
8 7
77 87
86 38
21 85
39 34
96 77
19 67
32 1
94 12
52 87
67 82
43 62
10 85
7 66
66 90
27 100
42 88
96 58
5 61
12 22
39 17
8 62
23 44
84 79
59 30
9 34
31 49
14 42
31 96
9 70
25 95
2 75
73 45
79 12
57 73
100 11
71 3
81 68
5 1
25 13
43 3
96 39
13 76
96 74
42 7
62 15
24 77
87 31
67 49
55 9
25 89
64 29
37 4
44 74
78 33
92 63
4 32
17 97
63 34
96 75
40 96
38 82
80 25
74 67
99 39
60 2
73 85
99 14
2 87
54 19
87 35
1 81
67 13
25 34
41 68
18 75
17 61
42 42
16 26
12 62
64 78
29 30
50 76
47 78
1 27
45 4
55 64
27 54
98 62
68 25
14 18
50 19
19 65
36 1
62 7
37 77
68 2
80 5
67 5
40 54
43 8
11 56
88 96
2 85
47 24
20 94
33 27
18 14
50 11
1 17
32 11
21 26
85 100
66 36
59 50
83 92
93 13
78 18
95 32
91 16
77 17
1 71
89 77
3 52
74 5
7 10
92 98
46 37
22 37
72 57
81 19
22 86
42 57
87 59
68 97
76 1
29 75
2 27
29 25
81 35
100 63
64 51
52 99
51 72
72 7
81 80
60 67
22 39
63 99
90 21
65 84
42 8
2 37
75 8
43 96
52 54
4 79
9 84
23 100
7 47
17 21
68 46
9 36
45 3
7 47
17 34
8 3
1 63
98 84
87 12
12 72
9 90
26 48
76 98
15 97
71 61
61 36
98 41
79 26
83 31
5 75
69 15
92 87
23 79
9 39
32 32
5 39
99 89
17 18
96 96
81 44
66 88
77 58
98 27
66 94
80 27
73 56
61 69
45 75
59 89
66 37
78 14
14 7
88 41
33 30
26 68
17 44
37 55
45 63
14 34
75 77
80 53
3 10
4 11
41 77
91 51
30 31
65 60
79 53
15 58
91 20
68 12
10 34
48 13
39 41
2 14
41 51
74 67
60 12
70 18
38 45
73 33
91 84
76 15
39 1
96 15
2 64
5 91
92 74
82 42
9 93
21 16
89 42
96 66
73 96
69 22
71 37
88 66
14 90
64 9
95 52
33 17
5 70
58 82
34 3
47 87
89 69
81 93
61 31
64 2
72 42
44 84
89 55
59 17
27 98
7 12
13 98
52 45
79 64
24 92
92 21
45 16
46 13
80 25
92 8
55 84
77 39
54 23
67 49
67 21
5 55
97 69
40 33
17 78
95 52
46 69
17 83
72 62
97 83
58 26
45 38
35 1
39 6
57 16
24 71
46 71
14 55
35 16
17 71
83 78
97 58
90 20
60 8
77 39
51 21
36 45
14 74
63 78
38 69
47 77
68 25
50 2
96 95
47 58
68 42
11 49
33 9
73 24
92 42
17 19
95 21
51 94
12 36
54 21
71 95
17 71
10 35
4 40
48 9
90 61
64 60
47 56
99 93
100 18
55 21
5 42
81 92
8 58
100 56
80 46
23 39
23 83
46 21
18 58
62 24
9 27
94 2
60 88
75 37
88 56
47 13
19 14
44 42
22 29
88 12
57 68
6 48
86 36
92 99
21 84
67 35
61 22
76 40
51 98
27 86
6 66
24 76
11 79
1 7
27 45
71 44
39 32
43 40
50 33
80 9
74 3
35 98
12 96
79 30
35 36
81 15
33 67
43 3
60 68
60 1
41 1
39 3
83 41
70 83
67 46
90 95
24 37
77 1
32 33
24 92
7 26
31 21
17 55
60 89
96 22
43 92
44 90
49 15
6 62
49 42
39 79
40 67
40 3
55 81
5 86
16 51
89 100
27 17
92 25
50 98
100 52
22 75
41 96
64 93
8 92
29 57
96 45
48 56
88 90
95 23
7 23
53 67
71 23
34 43
55 65
13 65
15 21
54 68
37 21
91 94
33 27
67 67
32 31
39 9
31 14
84 88
91 18
77 4
15 27
18 37
2 82
66 33
29 50
94 74
6 69
13 13
13 46
64 72
80 76
54 53
81 92
43 75
35 68
12 99
69 86
68 35
73 35
68 38
12 7
78 31
32 62
16 92
53 22
2 86
81 76
92 24
53 61
60 52
82 19
55 11
28 36
13 74
78 66
11 6
58 60
94 54
88 100
62 7
28 78
58 93
8 16
6 55
67 26
6 35
95 57
70 62
88 76
37 40
69 31
45 40
97 19
33 13
57 38
85 68
16 65
33 56
21 20
34 9
90 44
94 33
76 20
11 97
40 46
49 8
92 5
83 76
19 47
10 35
48 64
97 29
84 94
95 52
96 7
70 69
5 84
86 43
100 16
76 34
26 47
36 82
96 82
85 57
30 14
26 8
59 97
13 94
38 54
29 37
29 13
63 89
36 34
75 49
23 3
37 50
56 65
5 6
24 2
42 67
88 67
64 10
39 5
56 95
55 56
72 92
17 100
51 96
57 53
45 53
84 19
73 16
54 75
93 64
68 41
81 28
30 71
39 75
68 72
20 82
51 54
20 28
3 14
79 89
59 22
40 92
10 59
26 94
11 34
7 91
73 58
34 73
10 20
58 69
3 11
6 32
42 62
97 79
71 70
56 77
9 70
66 52
25 35
68 84
71 60
28 77
22 7
40 64
81 11
45 33
78 36
42 84
90 45
67 29
20 7
100 61
41 45
62 96
80 23
26 97
52 49
97 25
39 35
9 40
7 38
58 27
100 84
15 43
57 58
32 53
59 44
43 43
77 38
92 14
69 25
44 80
3 53
85 2
90 45
39 45
46 13
8 82
32 64
57 29
28 24
99 4
10 13
32 18
91 8
36 44
29 62
49 55
40 17
55 8
93 35
33 3
41 42
30 66
41 63
28 19
22 37
73 8
74 76
87 84
3 70
16 47
68 64
87 70
68 43
46 42
48 7
49 3
66 9
45 69
35 5
14 81
63 89
61 84
48 89
72 40
6 62
30 11
43 70
100 45
8 64
49 14
8 77
82 49
24 17
28 36
25 25
16 56
76 32
87 58
19 10
46 25
31 93
89 94
74 35
20 19
89 97
14 82
53 81
44 58
53 52
21 22
21 10
84 92
57 7
94 94
36 14
64 99
78 84
55 10
55 58
94 2
48 27
42 39
53 30
8 42
79 84
91 6
26 92
97 78
27 27
70 83
28 6
14 6
2 19
8 65
47 27
41 98
46 94
89 91
97 100
95 6
80 85
3 29
20 83
33 27
84 2
39 93
81 19
8 38
33 21
98 75
73 87
86 49
81 70
52 52
97 43
55 42
97 100
53 64
44 67
42 35
59 30
99 41
34 90
66 47
70 58
19 62
60 84
70 81
30 6
54 66
35 34
40 63
92 45
2 28
33 26
7 60
42 100
36 9
92 8
5 100
93 75
51 2
65 97
87 93
29 85
56 47
52 60
34 23
41 46
99 33
62 54
47 30
52 77
84 52
67 9
100 92
62 93
80 77
48 25
54 50
13 5
27 38
94 37
17 59
14 17
71 23
84 93
8 69
75 58
93 7
85 30
19 1
78 1
50 99
51 53
63 26
42 74
22 80
65 12
5 89
10 4
30 6
36 60
36 91
69 43
52 86
97 45
47 21
6 29
22 7
24 64
98 37
29 41
93 76
91 72
22 1
52 61
96 32
57 95
99 87
31 10
82 29
7 100
13 47
38 3
2 77
11 15
70 99
26 69
69 5
17 4
20 73
22 95
64 96
27 28
28 4
16 87
40 69
6 81
15 44
69 60
57 48
14 63
59 9
45 29
15 87
12 14
96 43
28 63
46 26
48 20
13 6
60 30
65 51
1 89
11 80
27 4
59 78
28 89
17 69
50 69
15 10
73 79
70 50
35 26
23 16
1 56
10 14
6 97
19 76
74 68
74 60
29 78
85 100
61 79
26 100
37 79
54 5
7 15
45 37
68 39
41 33
78 11
3 13
75 80
38 58
5 85
43 66
99 84
97 53
88 84
81 92
25 73
42 55
9 23
82 22
21 92
52 69
2 69
80 66
2 86
92 54
87 33
72 95
90 4
8 10
32 76
54 17
94 55
11 21
99 49
33 41
66 6
54 36
77 72
25 24
17 59
12 37
71 3
40 78
84 67
30 63
43 59
53 8
32 28
2 43
5 73
50 50
27 49
70 89
93 79
84 86
20 49
46 7
98 7
69 45
76 11
67 63
98 36
53 33
64 64
37 24
53 98
3 17
42 4
93 28
78 76
35 37
32 87
10 74
51 53
41 57
22 2
35 21
37 62
26 81
92 92
24 41
79 55
14 19
3 39
15 93
41 66
67 2
8 23
72 12
61 78
81 50
91 47
5 95
64 28
97 24
30 12
10 76
74 37
70 31
46 18
39 40
93 88
84 12
34 96
100 94
4 87
33 33
21 81
43 44
8 23
15 8
20 68
68 24
36 78
54 34
86 5
62 85
7 31
85 58
22 66
93 69
90 82
33 35
24 72
79 22
49 4
77 79
84 63
88 11
32 70
64 94
4 36
43 45
25 19
24 4
90 32
51 96
65 47
53 45
9 7
75 16
32 77
95 82
50 27
13 88
78 2
95 43
42 60
55 13
67 33
78 23
22 45
84 10
99 58
45 33
14 70
12 63
97 91
24 35
47 11
41 99
74 99
98 15
59 93
38 55
12 29
46 83
20 3
99 33
70 95
91 63
60 48
71 37
38 83
54 97
57 14
62 72
9 76
33 3
66 58
56 14
86 55
98 13
34 37
60 24
97 18
63 82
80 86
12 81
38 21
73 8
35 96
10 28
34 60
43 56
17 5
25 16
7 53
65 53
22 23
58 7
19 66
35 55
21 64
24 34
22 14
11 69
8 97
99 15
51 39
98 21
59 77
70 1
69 18
86 59
92 15
7 69
17 25
2 27
33 38
44 81
75 98
50 85
42 89
14 49
63 14
40 95
67 61
67 2
38 87
46 73
97 25
67 33
88 62
7 42
23 96
26 80
18 30
56 29
1 36
37 31
80 22
75 8
87 2
86 22
97 90
50 95
37 32
29 88
34 56
44 82
23 7
74 42
34 44
24 55
80 76
88 69
37 83
41 6
27 53
2 89
14 1
29 52
93 69
66 76
42 71
43 62
18 94
90 62
81 40
92 53
32 11
29 73
92 27
4 83
54 73
97 14
78 74
4 26
70 73
68 47
20 37
43 36
94 93
29 47
9 75
13 66
35 43
100 55
73 99
76 67
48 81
50 31
20 40
68 39
65 63
22 63
24 75
55 1
89 76
87 97
38 53
94 92
28 93
51 38
81 58
70 85
27 67
64 69
88 23
72 40
93 35
29 53
79 39
35 70
32 55
5 85
98 10
66 17
42 7
61 45
40 16
60 69
17 67
13 25
97 15
92 39
83 54
62 89
49 33
89 18
3 33
33 55
2 93
49 35
90 68
35 85
39 75
45 60
36 79
55 14
21 46
42 77
37 91
59 3
77 64
60 94
27 16
48 4
80 93
60 21
14 97
66 46
48 25
59 23
54 98
48 65
5 18
80 84
62 97
14 51
23 75
49 22
95 97
75 11
58 89
39 51
30 57
6 95
62 93
98 72
78 35
69 56
76 21
80 1
32 73
19 46
56 96
42 73
29 5
100 22
21 40
90 22
48 88
55 3
74 75
83 61
12 57
32 99
87 79
34 41
64 54
67 37
74 93
5 41
68 67
54 23
40 9
46 10
60 48
51 3
38 51
24 45
32 100
38 74
15 55
68 49
98 96
3 59
73 69
13 58
41 97
47 74
89 26
59 62
11 65
71 99
90 69
77 55
21 31
8 65
73 11
5 94
29 5
72 11
53 68
31 1
91 30
33 37
28 79
90 86
62 79
3 62
42 34
31 9
73 9
37 33
7 93
25 42
70 49
43 53
78 3
54 99
15 1
17 64
42 28
15 36
54 9
5 9
93 11
50 45
28 41
62 61
17 81
9 11
28 64
31 10
21 96
79 79
23 99
12 31
27 66
34 34
29 5
42 31
17 7
78 51
90 85
7 17
27 86
74 67
65 5
94 52
96 18
69 56
75 18
30 39
92 10
57 85
24 42
41 45
53 32
87 20
33 7
28 38
47 35
53 33
57 86
66 94
16 87
62 93
88 60
68 22
48 4
30 20
42 73
80 95
89 67
98 44
10 60
17 26
83 3
97 2
49 4
42 89
29 83
96 71
70 36
10 72
25 8
95 24
24 72
90 23
87 22
13 25
10 34
16 34
92 6
34 8
63 14
73 52
90 2
27 8
13 26
36 79
83 97
18 65
56 88
83 84
64 1
80 56
74 17
39 31
59 85
73 58
38 70
61 56
36 55
40 73
5 70
83 88
22 63
17 97
20 57
88 55
27 27
60 13
86 85
16 61
60 79
76 32
9 84
70 78
58 37
20 90
81 18
70 75
42 99
18 57
25 56
92 36
44 19
17 15
80 77
89 23
29 96
44 5
62 84
40 83
28 1
78 98
53 81
89 66
86 57
65 27
38 86
21 83
70 90
39 34
35 96
60 44
70 8
76 84
89 80
44 98
5 56
93 97
64 29
86 55
12 8
68 94
21 34
5 67
22 16
97 77
40 84
87 43
50 62
77 28
52 24
73 24
19 35
33 14
39 43
6 35
29 40
31 74
40 36
67 53
73 71
96 39
44 92
23 8
77 28
91 19
75 98
42 27
79 31
95 14
90 11
5 28
78 35
13 79
39 94
62 31
44 23
29 87
75 21
44 33
39 26
100 35
28 33
29 71
65 77
35 53
52 23
96 33
59 50
10 16
89 63
96 12
56 16
39 98
97 60
45 40
41 95
40 72
15 9
9 89
70 45
10 69
36 56
35 16
7 99
24 78
88 70
76 52
94 54
87 52
73 18
74 32
9 95
65 48
84 11
69 35
81 81
66 73
67 87
4 10
20 76
25 69
43 8
81 42
25 23
88 75
90 32
61 38
82 51
93 24
45 74
85 92
52 82
18 95
11 8
62 94
15 23
62 58
43 41
33 48
44 61
17 64
71 68
8 98
7 33
95 92
31 68
88 23
76 41
10 66
69 63
54 29
66 39
6 58
98 56
92 10
40 62
17 84
20 14
76 14
19 1
34 85
56 25
82 90
59 17
51 95
86 74
81 15
68 89
86 48
55 31
52 27
70 85
20 44
84 76
74 99
92 38
76 40
49 90
92 24
73 76
5 70
42 77
69 81
91 43
65 21
17 82
56 24
78 35
56 74
69 3
5 94
29 4
31 61
77 9
19 38
95 48
61 55
54 4
49 84
33 99
18 99
69 81
59 10
11 70
62 53
96 79
5 96
80 76
84 42
55 94
59 8
94 57
73 48
100 19
42 31
78 92
52 48
12 76
27 52
5 9
11 39
85 3
28 17
2 85
80 66
82 39
31 42
69 55
78 12
82 42
23 44
81 67
89 31
3 44
49 68
42 97
87 90
34 62
2 61
30 85
90 41
90 84
51 63
52 33
16 21
56 56
9 55
61 20
74 64
14 60
3 63
58 66
16 35
31 55
2 17
84 85
25 50
28 25
21 3
61 3
47 68
2 87
74 28
78 4
83 66
81 64
62 1
3 6
53 9
8 91
17 95
63 9
27 48
80 82
74 83
27 34
53 52
41 4
34 9
65 63
53 57
42 36
52 49
3 57
93 44
80 76
81 37
88 32
82 94
52 31
59 86
50 32
60 78
14 100
65 42
68 40
78 66
6 56
40 68
18 86
41 92
54 30
11 75
22 38
86 22
90 67
8 61
35 37
70 15
73 50
41 67
3 32
29 12
10 74
33 67
1 38
37 33
98 69
79 1
28 20
14 74
32 83
31 12
77 37
18 18
59 36
45 34
13 6
23 64
47 19
41 36
9 54
53 17
7 29
64 77
64 64
3 16
18 30
50 47
47 79
46 19
42 58
20 60
72 97
94 39
16 83
30 97
31 35
83 45
26 23
41 36
51 82
13 50
10 46
58 14
57 13
29 44
18 99
97 94
44 80
90 43
41 81
99 78
33 73
94 69
66 48
84 15
49 49
98 22
37 72
100 67
40 70
71 55
4 90
38 78
56 10
99 89
75 54
75 64
62 86
59 12
72 80
45 12
37 57
4 97
37 46
74 85
6 96
65 98
34 28
41 80
69 44
16 9
93 26
79 31
21 52
56 60
74 77
52 32
9 40
59 44
21 16
35 99
84 33
2 30
65 70
64 81
48 35
71 24
24 23
61 53
21 13
4 61
7 78
59 39
37 43
38 10
41 58
87 99
92 67
32 58
14 17
73 53
9 62
74 15
86 48
78 41
43 29
59 17
33 17
55 47
17 94
14 43
95 89
61 85
22 40
16 63
43 53
78 38
15 7
22 8
99 22
43 52
28 35
78 95
85 68
69 36
12 12
67 96
16 32
57 6
25 57
33 92
29 69
18 14
12 15
21 49
25 17
18 16
76 76
29 2
59 51
89 59
91 1
67 42
88 5
36 57
46 9
55 79
70 58
79 11
67 30
68 60
12 39
67 23
23 32
40 10
68 85
57 56
92 97
27 99
17 49
19 51
93 41
8 23
1 82
84 29
78 30
29 9
21 13
100 34
44 6
5 54
16 20
37 31
30 55
53 54
83 86
61 8
12 58
93 65
65 58
77 95
60 95
94 14
11 83
55 49
55 63
81 59
21 59
61 7
59 54
51 12
11 2
54 90
30 9
44 76
2 6
33 72
87 61
95 31
26 75
38 51
45 13
95 20
84 49
35 88
79 84
20 72
78 55
10 1
28 100
62 77
61 65
45 25
51 17
68 74
49 98
35 41
74 87
5 27
10 30
76 46
96 11
67 67
27 63
98 98
45 4
41 6
53 61
50 58
17 87
83 29
53 7
89 93
100 18
70 73
49 15
43 29
19 90
93 4
40 31
18 73
19 76
69 60
17 9
37 88
99 40
93 64
98 43
99 43
15 10
9 71
66 70
59 14
8 41
39 77
91 54
56 1
95 54
93 23
17 44
45 52
74 40
4 95
91 50
2 6
34 2
26 6
27 4
33 74
31 43
35 27
47 10
85 98
76 55
72 1
9 6
58 60
82 60
73 41
19 66
52 18
62 72
2 52
68 78
56 67
2 43
58 40
4 61
77 61
91 75
91 60
82 33
78 31
59 55
72 29
57 13
43 54
78 15
99 37
75 93
60 99
62 65
18 46
10 38
11 99
75 29
66 44
28 5
67 69
69 40
22 26
3 89
20 91
12 85
42 34
18 11
26 20
39 4
47 20
55 67
23 77
7 36
2 37
49 51
24 86
34 56
82 47
75 69
1 51
54 16
63 91
97 84
30 60
97 53
64 23
75 8
54 59
19 14
86 91
80 14
54 91
35 3
33 11
25 3
50 98
54 16
75 54
14 81
11 11
11 96
48 63
70 60
84 62
37 36
63 42
99 84
36 35
58 88
4 10
84 73
30 27
17 80
21 26
93 60
16 23
62 74
47 99
1 15
36 71
51 77
79 79
16 56
66 26
85 24
56 24
89 12
39 14
69 8
29 14
34 20
13 14
19 20
43 21
45 42
23 17
37 1
28 25
44 62
85 13
75 18
71 91
75 90
56 43
87 73
36 46
97 95
83 32
80 48
40 28
60 4
61 89
92 25
17 89
38 84
64 70
32 63
41 53
79 94
11 30
76 87
86 41
15 86
36 51
71 44
37 27
48 87
55 54
51 53
34 61
59 26
41 80
93 90
18 10
14 70
30 10
77 92
64 39
33 55
64 57
17 59
57 27
85 35
34 88
75 94
21 14
88 12
24 22
98 81
23 44
19 77
21 20
64 61
37 59
71 18
77 8
67 17
13 8
7 96
30 51
44 19
29 61
67 82
42 47
32 75
93 9
39 61
29 77
96 83
70 46
67 33
91 8
62 11
9 38
68 66
26 39
74 83
53 32
52 20
25 12
22 43
1 97
18 71
40 17
5 81
73 98
11 72
51 12
35 85
72 3
1 28
64 84
17 47
3 44
56 69
60 40
58 81
62 62
29 67
64 41
10 6
24 99
82 42
24 39
77 25
27 25
7 85
44 30
53 52
66 58
27 85
57 28
63 88
54 17
99 61
23 1
10 85
44 5
54 47
74 92
100 11
41 56
85 76
42 41
35 9
89 67
98 36
68 37
49 12
9 25
49 54
90 10
4 16
77 95
57 48
48 43
84 63
20 22
92 51
61 92
43 64
95 36
64 79
84 78
92 99
74 97
8 3
13 52
77 29
83 5
97 5
23 55
38 27
38 79
9 26
66 67
22 9
58 61
89 15
86 18
83 55
90 6
25 37
26 67
20 76
66 93
43 54
22 5
5 85
13 52
10 34
59 59
12 65
62 76
20 32
42 79
12 52
95 53
95 96
94 28
39 72
57 14
32 92
37 89
98 12
55 19
61 69
13 14
50 76
80 91
4 54
95 36
74 51
86 81
85 15
9 21
57 6
22 58
95 94
4 97
49 46
69 16
52 3
27 80
100 13
48 28
77 16
88 99
82 27
89 63
18 78
20 19
87 26
10 50
29 14
76 26
90 94
38 52
52 34
54 4
21 58
55 13
59 17
39 25
15 43
8 63
41 53
33 74
38 79
16 31
52 53
5 18
74 16
65 84
85 2
85 77
53 81
100 60
96 17
62 42
71 25
72 26
41 24
93 45
9 52
77 33
23 75
55 10
65 41
36 3
39 31
83 15
78 67
43 96
26 13
96 22
82 81
73 98
19 68
93 40
98 58
36 67
59 97
27 80
34 77
81 60
97 25
94 73
74 89
31 44
21 28
30 79
10 9
50 47
29 36
7 24
47 34
97 70
38 26
56 81
80 87
27 85
98 79
29 58
7 69
24 34
42 39
99 76
46 51
81 28
83 100
81 79
99 92
80 90
43 85
84 46
71 44
10 100
76 2
17 2
90 25
88 94
64 28
100 7
11 64
29 6
50 29
38 59
45 60
71 64
49 61
94 5
51 76
57 43
10 48
60 56
16 42
76 35
37 61
2 95
46 40
20 24
82 57
38 66
58 45
88 46
43 89
77 51
90 100
32 14
54 36
98 15
32 54
75 12
95 27
25 42
76 81
53 87
27 3
77 96
34 15
28 68
55 25
11 37
90 49
73 9
48 41
41 60
50 13
33 31
70 55
56 40
47 54
24 50
86 44
13 34
13 13
76 91
45 32
98 33
71 97
51 68
65 27
25 27
57 34
13 91
50 50
3 22
62 32
24 28
30 57
38 93
67 67
70 54
23 23
17 56
44 2
39 85
24 16
77 15
95 36
35 21
50 91
22 47
10 31
30 55
67 97
43 97
19 84
9 71
84 81
23 41
12 92
22 72
51 52
22 59
46 94
65 56
29 90
52 89
90 43
65 93
45 34
7 94
35 83
76 4
39 55
94 53
42 73
44 44
72 1
87 59
67 95
83 61
68 45
9 68
46 48
11 49
64 35
48 63
40 27
86 2
42 57
22 57
43 52
78 55
67 18
33 47
43 28
19 13
42 97
43 90
51 87
61 26
73 90
41 87
33 45
9 60
42 48
63 72
48 57
6 29
85 66
41 45
76 5
24 16
24 7
37 85
93 81
10 70
32 61
60 41
50 32
63 18
8 28
42 94
6 3
13 64
86 29
93 69
59 72
87 66
36 97
60 97
63 84
66 70
15 55
53 74
3 98
32 47
96 93
18 92
77 31
64 70
96 22
98 16
98 38
58 51
45 2
75 20
90 94
37 40
20 46
93 31
41 48
6 44
91 34
77 42
74 71
74 22
16 4
71 16
59 27
76 8
25 48
80 84
43 89
41 30
19 45
77 40
18 84
34 64
32 64
20 89
74 39
21 36
18 38
4 14
57 57
50 27
8 21
46 99
18 74
56 31
1 85
70 51
43 9
55 2
32 12
90 19
71 45
8 28
69 2
30 82
84 42
20 21
64 22
8 80
57 33
85 3
35 62
7 61
4 76
58 31
42 16
68 7
57 1
28 54
60 10
25 62
53 56
92 33
28 10
4 66
92 19
43 63
96 27
40 15
53 70
34 28
57 34
84 100
10 16
43 4
5 79
24 96
65 62
15 81
19 59
73 46
90 47
55 79
47 45
84 80
42 36
20 93
86 63
33 87
70 31
73 68
4 97
84 22
82 25
47 21
28 24
59 39
82 39
58 39
16 61
54 29
67 74
24 64
16 40
49 4
24 44
14 66
74 19
51 28
20 30
56 26
6 44
61 99
26 54
86 86
100 7
22 47
40 6
43 22
58 95
29 76
57 75
45 55
32 3
2 17
91 92
69 12
32 72
20 80
84 58
24 93
19 62
57 1
72 50
31 43
35 83
33 58
73 95
35 38
15 37
16 76
15 67
12 72
12 71
8 41
71 52
6 99
56 26
2 50
78 33
59 52
41 6
68 20
83 56
27 67
52 99
22 100
28 16
87 98
92 19
12 96
75 14
44 4
92 83
20 100
77 17
11 31
13 75
42 28
10 4
75 3
33 22
52 91
20 33
63 42
99 43
65 79
94 67
49 92
28 16
44 49
69 78
33 15
32 94
10 75
35 17
80 45
84 12
39 31
15 42
81 32
53 45
20 2
11 62
91 28
16 96
7 3
87 42
80 40
47 23
41 69
18 27
28 92
53 71
42 39
86 69
46 53
76 2
85 39
15 84
87 56
3 100
76 4
68 28
28 88
91 94
69 63
74 99
58 57
16 2
7 5
7 13
54 57
14 29
53 25
34 93
61 7
80 98
51 34
59 22
13 79
70 82
27 8
69 45
24 81
70 6
61 18
94 11
74 43
47 63
53 77
58 2
93 51
100 47
58 30
97 67
48 14
23 33
26 42
65 83
37 55
70 73
66 83
24 48
85 51
22 34
36 6
18 62
90 11
19 88
67 9
70 3
22 71
26 42
60 75
99 74
6 49
92 43
37 48
7 73
37 27
3 7
63 96
39 27
46 32
50 45
19 72
80 49
87 19
62 51
32 51
12 61
90 64
56 18
36 3
54 35
51 96
33 11
73 53
42 63
28 33
84 41
66 28
70 15
61 47
66 50
14 99
70 35
22 68
25 91
97 49
37 81
66 18
81 45
70 74
72 16
23 50
41 42
46 68
73 29
68 85
10 73
22 66
85 92
37 99
11 87
39 56
17 18
68 93
89 84
55 39
21 61
9 56
6 24
32 17
36 4
66 98
60 55
89 56
88 26
1 42
88 84
17 11
29 1
77 41
95 81
82 32
49 88
12 34
17 1
53 91
86 19
59 73
89 91
86 90
95 23
95 29
38 8
75 82
58 30
59 91
60 1
77 44
96 56
33 76
1 77
67 79
56 52
33 19
61 38
21 7
65 100
17 60
92 95
34 72
45 79
47 41
44 50
23 81
64 29
74 1
8 39
12 87
35 25
6 44
28 39
26 21
91 44
41 73
39 8
75 99
4 79
37 68
67 65
60 96
99 67
38 76
63 43
79 55
46 69
52 30
98 32
17 55
1 77
90 20
78 61
90 58
76 71
3 45
45 37
39 2
88 80
10 51
3 80
66 36
56 34
69 24
15 44
52 73
72 59
19 50
64 68
57 84
32 82
51 55
3 94
60 4
87 71
70 81
49 59
13 9
63 43
65 39
29 10
8 47
100 44
42 33
94 35
4 37
28 34
89 57
1 88
33 18
67 36
70 46
81 69
12 68
20 42
87 46
76 90
87 67
95 96
27 24
29 94
9 27
33 81
15 11
43 54
61 4
30 52
12 18
31 80
15 12
81 94
91 37
69 7
93 85
79 51
53 88
30 5
36 71
71 51
97 46
58 6
85 48
53 97
57 57
16 53
42 63
81 32
12 100
29 3
86 44
2 32
58 8
67 85
65 73
47 89
12 75
61 78
2 14
45 35
100 2
88 84
55 61
25 29
69 65
23 58
79 3
88 59
48 67
12 40
68 75
9 24
51 99
88 46
11 57
31 65
84 79
34 44
31 95
91 50
38 3
37 9
64 79
49 85
93 3
50 65
9 18
27 60
66 60
3 94
12 98
19 18
29 59
40 81
63 24
29 90
18 84
81 15
59 24
38 34
67 29
31 54
24 29
10 13
74 34
84 97
2 78
43 73
32 37
28 11
25 26
3 28
84 60
88 98
47 9
93 56
63 85
20 52
52 68
2 87
8 15
93 33
11 13
28 1
78 55
55 97
9 86
74 44
13 31
29 81
56 66
90 32
66 74
37 7
85 92
62 95
9 47
68 88
59 85
76 68
63 31
100 86
35 67
69 11
85 89
100 12
22 13
94 38
40 93
15 95
70 26
89 16
88 9
65 2
6 3
70 42
27 98
8 10
54 20
57 31
94 54
64 7
56 39
65 10
89 53
42 87
24 38
55 22
73 100
78 78
73 80
96 5
11 13
63 91
82 81
67 80
10 22
91 18
40 30
76 72
13 70
50 49
55 12
21 4
31 69
40 73
37 10
74 19
40 75
62 40
43 52
83 55
57 57
40 79
27 36
96 83
36 38
51 82
66 4
26 6
90 44
82 80
17 91
20 36
33 75
45 33
50 68
100 10
84 71
24 69
88 28
9 51
7 46
74 97
94 60
84 42
52 20
38 11
12 85
78 72
85 18
40 21
91 21
86 2
4 4
47 39
67 16
79 47
29 15
88 37
58 16
86 15
14 42
92 70
73 40
32 7
90 61
60 51
48 7
84 100
65 23
96 63
42 38
97 57
59 5
23 31
12 40
52 42
70 74
6 21
27 38
25 72
54 60
21 48
96 44
61 72
20 37
69 41
30 44
38 66
37 61
38 61
71 98
58 11
55 10
43 54
80 99
66 1
34 46
48 46
14 80
43 60
51 85
83 95
38 37
20 71
55 1
99 48
26 25
57 96
63 73
88 11
22 48
57 73
39 86
30 9
2 80
31 93
48 10
3 36
55 71
18 58
40 55
88 51
1 36
2 43
51 19
93 67
58 68
83 82
11 59
36 9
49 52
96 43
56 24
5 86
57 60
17 60
11 57
47 28
48 16
94 3
19 30
92 3
63 74
23 35
5 82
18 93
3 89
21 8
13 64
30 66
88 5
80 14
69 86
26 16
6 56
22 4
78 38
95 78
75 67
49 11
1 72
50 20
11 97
32 45
7 51
94 15
98 13
89 63
26 5
33 46
62 39
98 13
65 20
80 27
5 29
97 80
91 33
38 73
63 61
31 52
53 63
41 13
31 71
95 67
20 93
60 68
7 2
36 17
19 40
34 40
85 90
69 100
61 93
46 69
7 25
32 63
4 79
44 52
74 55
83 46
67 71
86 8
33 96
58 52
95 23
75 98
7 19
23 59
48 44
78 86
70 88
15 54
18 74
23 99
66 69
11 89
42 10
74 66
76 80
70 49
59 62
7 60
72 67
75 53
38 92
94 19
41 32
25 89
20 26
6 78
26 82
61 93
79 62
37 79
57 63
94 91
94 4
95 17
8 79
33 92
16 79
100 28
97 4
59 40
56 63
1 9
64 80
53 39
14 50
90 22
15 13
11 91
24 63
55 34
78 97
19 49
62 80
45 82
56 46
48 98
23 77
45 23
51 67
33 47
26 94
11 95
77 40
22 52
95 59
89 39
48 24
63 9
41 27
77 77
27 9
13 23
83 84
92 1
79 53
40 6
40 18
12 11
85 23
35 72
68 86
35 27
92 51
28 43
9 2
13 33
33 59
55 85
91 65
69 61
38 1
6 78
60 55
91 17
25 26
29 18
23 19
80 33
43 80
41 89
29 82
93 3
42 27
94 28
39 93
83 50
47 26
21 36
16 49
60 49
59 46
61 15
87 30
47 57
50 70
44 31
95 44
60 39
7 98
29 24
87 35
58 25
27 13
73 61
56 21
57 47
48 52
54 48
75 44
99 23
90 47
81 98
90 69
50 53
60 46
67 16
53 57
24 36
11 53
33 31
44 55
72 69
58 20
84 96
61 43
82 68
98 39
64 91
64 70
30 84
27 80
100 29
6 70
23 2
88 97
33 70
17 26
96 47
80 97
26 77
85 14
62 1
89 83
72 6
42 34
39 21
88 3
61 58
60 56
78 29
28 74
97 22
89 55
72 41
59 26
88 98
85 52
47 96
91 28
23 37
31 20
88 11
100 10
89 70
44 29
50 81
16 53
80 59
9 79
8 74
20 63
27 10
9 48
14 31
15 39
70 16
90 65
59 10
5 78
50 46
84 53
37 5
55 68
1 47
12 44
93 31
75 19
99 61
91 33
43 25
26 49
36 7
89 19
48 70
52 88
99 7
53 14
25 28
1 14
63 54
21 31
27 43
38 8
28 9
84 3
93 51
63 88
6 96
79 24
10 13
35 56
16 59
70 32
28 64
75 100
90 38
50 85
94 28
49 5
26 44
78 33
75 97
48 88
46 3
34 37
79 8
70 59
99 70
56 1
19 50
59 19
8 74
96 29
22 18
8 90
70 28
48 83
58 89
50 78
99 10
66 44
76 50
59 8
26 86
72 71
19 5
37 97
93 75
99 73
19 84
59 34
3 20
2 88
86 93
100 91
74 39
71 61
37 24
89 22
47 2
47 19
16 33
61 4
48 56
25 13
98 19
96 45
65 67
92 82
58 55
76 93
91 35
2 92
15 13
57 41
30 66
86 45
94 74
22 72
45 95
65 49
33 78
40 45
9 41
44 24
58 88
38 20
58 100
76 16
89 54
87 6
4 87
93 77
36 66
33 79
39 29
23 68
39 88
37 22
73 21
90 1
37 35
7 88
94 95
85 10
51 44
77 44
6 32
9 72
96 75
20 17
88 100
81 56
53 84
25 23
31 81
59 80
51 54
31 61
28 16
85 3
30 60
44 52
41 94
12 30
21 96
79 73
48 96
10 56
32 22
96 48
97 54
13 47
14 89
32 34
29 84
79 43
96 62
66 84
63 91
59 42
66 10
32 71
54 5
84 64
27 47
5 61
28 77
49 57
58 83
17 63
58 34
65 76
76 3
12 93
18 85
100 98
74 82
45 12
80 43
42 9
29 80
76 93
43 84
28 89
53 25
34 38
43 40
88 51
29 68
19 44
32 64
40 85
44 28
40 56
62 35
96 10
19 93
17 72
37 95
77 44
78 20
79 63
22 97
2 98
47 32
56 5
58 49
38 64
33 78
66 53
73 85
21 36
78 8
40 43
25 66
76 13
68 56
14 73
65 51
2 33
3 48
75 38
84 72
66 5
29 12
37 21
20 36
42 4
18 84
93 87
59 51
46 55
76 69
77 66
16 72
9 6
99 6
18 67
98 29
35 36
78 50
45 2
24 25
50 71
2 36
45 96
2 73
77 51
89 47
42 43
67 91
39 48
21 2
97 27
46 94
95 91
60 97
99 58
10 83
79 46
51 31
1 21
11 87
27 59
54 47
23 32
83 47
26 33
92 65
35 24
2 75
89 35
82 49
90 90
38 1
2 67
63 34
68 85
56 66
78 95
10 38
82 25
56 58
59 70
26 99
25 97
21 19
86 62
94 10
35 48
59 81
28 46
3 70
67 18
91 90
28 94
73 26
4 8
57 15
31 75
72 63
23 42
4 5
82 26
46 46
97 24
53 29
53 67
40 29
35 6
40 26
29 64
44 68
60 75
89 74
94 37
89 24
37 95
63 65
73 98
94 39
88 4
61 79
22 20
33 33
90 47
73 59
66 72
80 30
79 52
92 57
74 54
51 70
48 37
77 80
60 59
74 2
53 30
82 6
70 100
30 39
93 9
2 67
10 37
63 2
68 15
29 44
26 3
66 95
42 78
87 26
23 66
45 74
88 73
86 87
6 9
11 10
83 96
30 47
65 82
3 23
67 73
54 59
71 12
61 3
43 40
5 26
94 4
23 32
25 82
47 63
62 13
96 47
72 20
52 18
14 61
61 3
76 33
95 88
69 71
44 58
61 11
64 62
89 25
52 92
68 32
50 99
50 20
39 17
65 42
5 17
94 21
18 69
99 22
44 72
94 97
23 17
58 51
21 25
14 34
36 59
10 97
18 65
8 52
79 83
91 88
25 52
38 21
27 58
7 75
42 65
75 50
29 51
17 14
17 45
45 78
29 19
63 61
17 10
15 32
31 83
34 54
72 18
31 13
93 70
80 84
12 28
12 91
33 79
78 15
1 5
41 6
95 91
23 5
36 22
82 17
87 62
28 15
43 39
12 43
1 60
71 3
40 56
36 51
67 83
59 16
20 51
58 95
36 67
22 66
27 47
3 56
34 36
41 66
83 51
41 1
46 66
3 38
94 35
66 67
64 88
29 64
91 33
92 14
70 22
78 93
22 12
89 97
12 68
95 79
57 78
36 74
99 12
73 60
66 17
53 79
65 66
100 5
20 25
98 45
48 28
48 67
4 4
85 30
11 62
67 24
18 25
99 20
35 94
39 47
10 13
1 81
28 14
3 76
4 34
79 26
8 96
75 98
17 35
37 11
89 13
14 100
19 83
97 65
8 63
94 78
45 8
71 8
49 86
19 72
40 40
74 28
34 95
93 84
2 15
57 14
11 61
83 28
24 55
43 27
45 96
70 71
48 49
34 4
31 26
49 46
13 71
79 77
36 73
86 65
61 46
85 87
93 49
37 85
48 21
94 52
14 63
97 100
36 15
96 68
83 11
100 47
60 90
13 89
87 58
31 89
2 86
5 1
21 89
59 71
27 84
20 22
58 7
89 37
77 98
2 31
42 23
23 63
44 48
58 15
13 86
29 37
98 31
81 33
22 61
30 61
97 38
31 83
15 76
56 67
28 41
77 27
22 96
3 79
83 13
1 95
74 75
27 9
55 6
78 2
39 17
61 18
88 11
22 13
88 62
68 23
55 77
97 37
51 16
53 55
3 23
98 27
12 77
60 87
28 18
82 52
42 87
35 36
8 56
81 52
93 21
57 3
24 5
40 75
81 70
22 44
70 22
80 78
16 4
71 75
3 97
24 75
56 6
88 38
79 15
33 19
96 9
6 14
88 3
3 94
98 3
95 32
45 15
44 9
52 8
78 41
7 32
20 87
23 39
87 66
48 52
49 70
97 50
17 52
77 63
35 43
12 51
4 87
16 81
77 84
92 16
19 66
8 67
84 77
66 23
70 68
85 55
91 12
32 89
75 22
48 47
43 2
35 50
88 22
68 69
91 2
88 61
72 95
86 87
2 52
91 22
1 61
45 47
97 14
100 34
85 100
79 18
7 2
69 21
80 75
51 21
49 29
75 62
45 27
89 28
44 29
91 89
14 15
7 79
56 77
13 38
72 97
18 54
3 45
3 58
28 90
10 77
90 52
56 58
81 76
68 3
22 76
39 71
54 6
20 78
28 81
6 63
71 8
27 79
76 64
91 20
72 68
49 83
47 20
73 51
47 65
95 45
29 21
44 86
41 44
21 81
77 26
55 65
75 3
1 16
71 16
9 53
76 25
21 21
98 46
47 13
79 13
90 98
70 10
43 88
60 33
34 100
86 11
41 98
100 69
76 14
95 12
3 61
1 93
8 12
21 96
85 86
31 31
63 31
23 14
52 94
57 63
80 87
26 100
49 77
17 84
89 85
2 62
89 39
74 80
39 62
36 19
38 16
43 28
77 97
34 29
18 15
51 53
14 33
63 92
78 31
58 24
15 63
19 25
50 42
63 24
32 70
66 35
3 30
16 77
13 47
85 98
98 97
6 77
58 49
83 18
22 92
79 56
65 45
86 4
50 63
56 55
55 32
33 50
96 20
40 33
40 15
97 25
7 33
44 50
69 12
15 72
89 67
37 79
55 98
68 64
33 95
86 13
23 63
92 60
20 88
84 96
92 32
67 17
3 22
51 82
34 70
35 9
82 77
7 76
66 6
98 35
67 99
5 85
95 58
43 30
78 5
10 12
87 13
7 85
51 78
58 100
22 74
15 16
3 75
75 69
34 45
6 97
83 37
87 39
95 79
87 65
57 55
76 88
70 79
43 73
9 80
47 49
15 98
40 36
99 90
5 64
31 96
48 80
99 16
60 6
67 100
84 27
33 24
42 89
78 50
61 97
70 68
25 18
22 16
66 14
49 18
63 24
71 11
95 27
8 46
75 85
4 99
38 61
4 10
39 58
57 2
9 45
77 59
84 51
7 43
56 28
53 23
15 62
82 97
14 63
43 87
46 29
77 71
10 90
89 65
17 27
16 60
82 34
54 1
44 55
15 11
36 71
88 42
8 31
55 37
71 21
2 33
50 22
59 82
19 63
64 48
13 10
71 10
33 79
23 73
34 35
73 35
31 15
92 1
36 84
89 70
38 34
23 4
93 43
20 86
64 67
76 44
65 68
53 76
62 78
62 19
15 61
89 68
40 81
31 24
50 7
47 62
74 84
32 69
30 2
20 22
2 73
43 39
36 41
95 80
18 36
55 3
56 93
5 17
14 71
3 23
62 72
39 38
61 4
13 15
58 94
85 48
21 65
9 18
89 40
87 78
88 7
12 7
56 13
82 98
7 20
36 52
7 68
77 67
11 6
91 21
98 93
90 66
16 86
21 94
53 30
27 85
54 93
40 57
72 63
8 50
63 12
32 33
40 62
89 68
63 68
10 43
100 56
76 31
18 93
74 97
82 23
22 44
99 67
94 89
35 98
89 35
28 84
100 5
58 82
69 30
81 5
58 25
21 61
42 8
85 3
81 12
78 26
87 97
67 52
29 18
8 45
15 64
57 85
98 61
88 64
23 95
58 15
88 78
23 48
38 50
13 91
48 6
77 14
57 40
79 63
24 77
22 46
26 16
40 82
30 48
13 25
34 31
95 82
41 13
27 79
1 13
91 20
32 37
18 98
50 42
66 72
35 5
62 59
39 34
45 39
56 71
53 20
79 22
66 89
19 11
16 83
62 46
30 8
46 11
10 5
24 38
79 67
62 81
68 39
88 85
39 60
47 97
2 72
58 81
34 27
15 8
14 86
94 9
36 2
1 12
44 38
21 30
92 5
89 84
60 73
26 91
63 54
54 99
11 9
36 67
26 1
89 9
20 79
47 51
94 29
80 86
66 92
28 98
69 71
17 92
100 16
87 69
91 42
24 41
83 50
10 51
94 28
72 87
79 12
86 31
55 90
42 27
47 17
62 42
71 62
62 68
38 29
42 66
76 99
6 81
96 21
40 6
64 24
83 10
3 20
63 82
86 77
60 12
22 96
59 43
32 76
11 95
68 55
26 28
38 69
84 5
79 42
95 35
37 32
92 82
35 59
54 83
64 2
100 12
76 49
22 38
1 76
81 49
27 73
63 92
39 6
28 22
69 94
86 28
3 9
56 36
78 81
94 10
68 15
26 60
53 45
100 27
96 50
19 32
92 81
4 71
55 91
68 98
2 67
100 33
77 45
48 40
58 92
43 24
29 61
2 28
41 73
77 8
100 24
79 68
94 36
83 6
75 64
68 95
53 46
72 45
64 43
33 21
35 10
65 80
86 36
92 37
84 8
91 40
57 55
5 38
38 15
78 34
2 55
67 29
23 21
99 9
82 4
26 75
92 6
92 94
90 54
27 46
77 69
78 88
26 61
3 14
68 37
26 68
37 96
22 10
84 7
96 94
46 10
25 17
57 1
77 45
45 30
65 89
96 68
59 16
24 49
51 84
31 52
96 73
52 24
72 74
78 26
36 29
88 29
58 19
83 50
16 74
58 56
49 83
89 3
39 82
63 40
12 35
13 31
99 30
40 91
31 50
35 51
98 83
25 41
26 55
5 41
32 24
17 28
99 38
30 74
94 87
64 49
52 12
55 28
85 68
58 100
39 6
78 78
38 96
89 99
37 61
29 72
7 96
97 57
100 50
18 89
32 89
8 15
68 77
38 36
60 85
37 56
70 89
46 37
66 41
14 3
9 55
65 85
51 59
33 32
16 89
21 79
8 54
47 57
76 40
88 88
18 31
23 33
49 73
72 72
8 28
42 21
98 96
85 26
18 77
69 48
18 16
25 2
69 61
88 6
54 79
80 63
77 73
96 100
32 81
73 40
51 52
61 27
25 89
62 84
32 26
2 49
66 50
19 50
33 77
88 85
25 94
92 27
60 83
50 29
34 59
11 66
16 64
59 97
87 52
6 72
52 59
92 26
12 97
63 99
23 94
83 64
91 93
53 36
44 3
2 64
62 50
35 54
11 4
82 81
85 40
16 18
77 58
88 87
67 20
4 51
33 12
77 30
1 44
73 86
11 92
70 44
26 97
99 20
71 51
73 10
12 56
71 28
93 90
55 25
28 40
41 29
98 73
77 32
19 82
39 42
50 5
75 77
75 2
39 73
77 5
32 14
25 78
83 82
65 59
49 9
6 41
81 7
35 6
25 6
70 100
32 40
51 47
74 38
55 36
31 61
67 60
31 76
30 81
73 82
58 14
21 41
21 58
15 14
3 75
16 93
12 20
10 8
73 66
1 81
98 5
44 35
49 26
48 53
25 39
58 17
72 37
25 8
97 29
32 75
97 99
100 75
7 62
69 72
55 8
50 89
74 88
13 91
60 87
60 19
72 10
42 63
91 52
53 50
34 75
93 10
90 98
19 71
35 56
7 19
94 38
46 32
7 41
10 99
25 8
13 33
43 50
65 40
28 16
74 96
72 31
99 89
53 12
97 88
82 57
33 16
27 51
38 54
6 52
12 6
50 57
18 47
25 9
52 3
65 25
26 32
52 41
49 94
74 77
39 67
6 6
10 1
77 3
18 79
7 94
41 13
92 18
30 22
39 58
52 43
73 26
10 61
11 98
11 68
14 32
96 51
93 94
63 49
17 11
55 85
49 62
41 62
91 21
90 69
66 47
99 80
62 36
62 42
74 15
50 61
10 75
64 24
30 86
83 76
5 35
49 54
1 53
71 11
8 91
70 18
93 15
51 67
19 72
30 81
51 87
94 60
41 46
51 43
89 86
41 38
48 99
6 77
55 48
26 26
20 14
66 4
44 73
66 50
52 61
96 3
37 62
5 72
14 88
1 33
13 58
86 68
45 35
76 84
7 56
32 76
14 82
15 10
26 92
22 15
53 2
77 32
66 70
69 57
49 8
28 42
92 62
58 43
84 74
76 39
99 32
41 49
14 4
97 69
89 42
53 6
98 90
52 33
88 27
80 45
90 7
93 45
67 14
73 15
55 65
86 55
33 66
15 52
20 54
20 2
59 78
29 47
63 27
98 74
56 57
34 82
29 64
94 92
34 55
74 44
14 93
39 3
13 11
69 44
79 71
55 72
51 23
86 45
44 35
21 29
4 61
85 78
77 35
9 50
21 43
40 21
70 41
75 68
50 8
77 7
34 61
67 73
57 66
30 86
31 89
62 68
91 12
72 100
67 62
3 76
4 14
56 93
21 64
21 17
76 3
27 4
87 58
82 89
4 52
65 46
26 69
76 56
49 41
85 75
31 71
42 14
93 90
20 40
88 87
2 74
92 12
63 37
97 55
26 11
3 75
72 75
19 49
15 40
99 8
1 54
10 60
75 96
85 82
68 65
44 33
36 37
95 78
30 96
55 39
83 93
24 39
37 69
35 2
47 53
97 69
75 35
89 41
88 98
51 47
33 14
74 98
94 4
43 21
2 40
4 97
54 93
21 26
74 1
100 36
74 11
3 35
50 31
23 27
85 95
47 45
34 57
65 50
9 36
74 82
89 66
9 46
35 94
21 51
79 99
34 34
34 90
86 45
40 55
41 8
50 44
31 88
42 78
21 82
88 78
37 44
39 37
11 91
16 77
47 43
76 3
57 96
88 4
51 30
81 61
78 49
19 68
90 34
64 26
23 12
75 56
9 2
80 69
35 46
75 14
46 12
83 5
23 53
13 45
82 62
89 62
79 26
68 61
89 30
84 21
14 22
2 82
70 53
9 48
97 23
70 26
73 8
70 65
78 70
27 48
87 38
61 56
21 53
32 4
66 4
54 98
83 51
16 92
72 1
1 71
3 45
22 55
19 68
98 47
83 34
26 24
99 37
41 51
34 48
40 18
47 9
12 36
23 90
44 22
48 52
35 60
3 31
27 6
77 94
13 82
21 33
6 30
11 6
83 8
66 73
74 15
86 17
64 50
89 46
26 38
17 45
85 72
29 21
98 69
26 15
21 48
15 60
10 15
42 24
30 38
66 43
36 34
55 43
26 24
82 8
71 98
46 9
23 41
70 38
66 71
25 91
51 53
71 26
96 81
91 64
38 59
92 91
28 99
71 49
77 95
93 45
14 65
42 60
90 86
40 86
73 59
26 36
17 91
3 12
100 96
25 36
56 67
89 57
14 7
53 99
90 35
78 7
35 46
43 14
62 59
10 49
1 84
47 80
60 46
15 22
29 99
57 51
90 79
18 50
85 68
72 69
45 37
77 70
40 56
68 55
74 75
54 97
46 89
23 10
98 85
63 57
16 55
1 95
62 80
92 93
11 10
51 78
91 45
78 89
54 15
69 80
18 7
20 8
17 1
59 38
15 35
83 60
43 37
41 81
87 80
92 20
93 79
96 84
47 33
94 16
59 43
87 26
86 23
43 84
62 34
82 95
99 52
99 78
94 99
26 49
14 64
30 7
42 2
92 43
44 20
23 58
81 80
11 92
66 26
58 32
23 10
67 11
5 11
10 61
55 16
45 43
46 21
46 72
24 71
19 61
40 49
80 24
34 9
4 67
95 17
30 93
43 99
95 9
87 64
28 62
74 39
63 77
74 82
16 68
21 97
72 23
73 95
1 4
89 87
70 23
31 24
18 96
32 81
84 82
62 71
57 76
40 20
47 63
11 97
34 33
45 50
37 25
23 49
65 55
54 66
96 3
13 32
60 56
80 70
73 4
63 51
29 28
34 46
45 10
27 24
42 88
81 30
24 32
94 44
71 22
79 97
4 99
64 33
52 27
80 17
27 20
48 61
14 23
76 76
79 83
52 61
58 59
18 43
89 15
85 17
59 32
5 66
11 64
19 57
71 81
44 98
45 16
78 88
63 77
16 35
57 5
21 95
44 26
88 58
16 31
79 17
73 50
99 83
9 70
49 72
65 20
48 72
63 70
29 38
78 12
65 7
9 67
88 94
63 33
67 55
48 76
5 60
63 58
14 13
8 77
18 49
9 79
55 30
75 26
7 96
90 22
43 71
63 21
99 48
26 67
24 54
97 60
53 38
79 33
66 85
100 79
4 59
87 29
35 83
26 75
90 30
9 63
87 18
31 10
94 21
15 42
83 87
45 24
38 80
31 88
4 1
96 16
35 55
68 39
28 52
84 59
52 40
37 78
9 79
53 89
1 6
44 66
61 77
1 74
50 86
14 21
6 45
22 15
4 70
86 34
39 88
91 81
49 100
51 60
42 4
53 54
34 96
25 44
68 5
58 71
51 80
44 8
69 87
62 38
88 74
71 87
49 43
49 11
98 82
77 40
71 21
82 65
2 10
44 28
92 93
72 100
39 70
30 88
13 47
40 70
93 18
70 24
1 69
98 63
38 52
43 92
19 85
56 56
18 65
7 18
20 9
70 36
95 47
61 20
73 47
97 6
41 58
69 76
20 56
16 77
81 71
81 5
24 77
96 26
51 56
69 9
88 4
79 28
43 67
70 76
15 56
21 88
100 93
4 66
83 77
92 79
29 100
17 88
2 49
1 56
79 79
72 52
21 77
31 38
97 69
19 95
68 87
92 66
49 52
71 41
21 87
77 12
87 58
10 8
17 29
90 7
1 7
5 55
28 76
100 4
27 92
72 29
55 65
100 19
92 33
48 97
31 13
37 42
7 83
52 54
90 69
24 94
49 84
10 95
25 83
78 76
12 93
51 45
86 9
16 37
42 65
44 75
62 95
5 12
11 72
73 66
69 17
99 46
100 71
19 26
15 63
78 47
61 54
3 18
34 89
63 71
19 88
10 71
8 27
74 53
9 57
58 87
29 92
69 63
93 40
83 48
35 28
20 3
34 27
70 48
14 36
43 41
68 97
75 1
70 86
5 41
92 16
48 42
55 77
14 60
73 32
7 68
25 31
7 93
22 81
21 45
67 73
91 18
84 69
97 47
89 35
80 10
17 28
66 43
44 67
20 5
14 49
16 41
43 77
33 6
29 51
25 41
34 70
43 12
14 33
70 50
47 43
23 27
88 12
64 19
21 21
97 64
99 70
41 71
76 93
32 21
8 87
34 89
31 33
95 82
68 80
63 43
44 53
2 32
40 58
33 15
32 42
30 2
62 71
23 26
29 48
15 59
4 49
50 48
69 83
31 30
71 54
62 9
78 34
94 75
70 70
68 85
6 35
81 4
15 19
86 99
75 24
62 20
38 56
75 6
21 60
42 23
97 13
38 43
36 23
26 39
35 11
16 99
30 85
69 31
49 54
52 62
63 15
98 73
1 56
5 49
66 99
8 94
53 19
74 18
65 82
19 87
40 79
22 33
98 70
57 64
67 74
65 95
20 31
42 99
10 31
41 9
34 2
57 37
63 83
54 36
71 68
70 59
97 54
67 12
2 21
91 14
5 6
91 41
13 47
22 50
33 88
20 13
21 24
33 11
41 94
25 60
52 55
76 58
65 54
100 60
61 28
14 69
68 37
77 12
38 58
61 69
89 92
99 64
32 56
33 13
15 20
51 21
90 63
56 94
56 9
17 82
12 79
61 81
76 82
28 63
54 93
3 7
57 58
75 20
89 87
65 96
17 18
51 96
55 1
95 44
78 90
4 86
57 14
97 14
26 9
75 87
32 26
75 69
24 2
1 56
29 66
49 25
15 62
70 93
6 10
51 72
21 95
6 22
90 31
92 71
31 17
90 65
21 8
11 19
97 51
94 61
21 29
59 50
63 70
37 97
69 54
48 7
10 34
24 46
35 83
30 73
10 4
98 24
45 48
81 1
65 35
11 43
99 39
53 30
30 31
33 41
84 83
65 28
67 46
32 11
46 67
48 67
70 88
36 7
17 94
71 66
68 38
48 40
15 78
72 23
16 44
15 31
97 9
78 14
9 92
80 50
32 65
68 20
51 13
78 61
27 64
5 35
40 3
16 89
27 7
38 78
44 19
30 91
60 81
23 91
99 28
65 46
27 61
50 24
83 70
39 26
25 34
99 36
62 40
65 57
16 37
37 3
59 5
50 93
96 85
47 7
16 33
36 33
3 84
29 67
29 58
99 57
20 53
62 16
20 50
12 30
66 39
9 19
35 98
37 44
46 41
92 76
84 73
53 46
71 47
55 3
94 57
57 70
30 39
13 32
97 23
57 72
23 100
76 69
39 96
49 74
31 41
61 73
18 89
18 84
91 12
62 13
54 73
81 62
79 49
7 79
30 16
5 78
45 43
78 80
3 15
77 67
8 99
20 84
96 65
19 72
34 83
97 52
78 81
76 86
29 77
83 25
77 18
63 96
88 37
5 36
88 26
79 54
36 85
28 64
88 83
53 24
88 82
72 10
75 51
80 46
50 63
34 52
69 13
47 5
67 85
6 76
98 87
67 48
64 22
92 9
14 60
36 81
23 83
44 8
80 72
40 24
29 98
61 2
95 92
36 68
71 1
80 53
63 60
60 56
99 86
19 52
78 51
97 48
78 15
31 95
87 33
23 93
98 55
64 80
20 80
48 6
68 72
90 28
38 10
82 54
82 40
55 48
67 77
19 62
75 40
67 21
63 19
70 81
96 65
22 8
52 72
5 79
12 22
65 34
75 48
16 22
26 23
69 88
41 64
69 49
83 67
26 85
41 63
77 51
100 31
61 61
62 92
74 59
55 63
52 18
33 51
45 80
50 86
94 1
90 83
67 6
43 1
42 71
85 20
56 7
28 28
43 35
82 85
11 29
12 14
21 18
31 8
51 9
46 81
70 24
93 47
53 46
48 72
53 32
39 94
3 78
75 30
62 9
74 33
46 66
23 98
33 40
15 49
93 17
27 95
55 22
18 62
50 15
47 58
37 34
61 18
43 53
65 13
99 85
3 11
12 41
79 75
57 42
8 83
38 11
95 44
16 65
3 50
83 11
44 74
26 44
2 27
88 19
100 61
29 10
51 69
8 24
4 71
2 36
63 89
97 45
92 87
57 26
90 65
75 4
57 32
83 15
69 99
81 58
23 5
92 37
31 98
77 24
77 96
39 95
27 47
89 52
43 19
97 38
40 63
15 64
91 79
88 8
9 91
34 77
52 28
27 22
81 3
46 11
60 73
92 12
14 76
61 43
41 10
78 81
12 42
55 91
35 80
18 38
6 21
22 93
38 44
50 21
11 44
91 41
98 55
81 65
55 58
84 8
35 53
9 21
69 41
66 19
77 95
81 36
93 70
84 75
92 52
57 74
1 41
56 24
38 8
97 91
79 21
94 100
6 75
55 100
80 57
28 37
35 47
83 30
38 87
11 39
91 98
11 64
59 90
45 9
96 24
84 28
19 91
7 2
95 15
54 36
44 23
54 35
18 62
97 72
60 49
93 27
38 77
37 32
5 33
34 99
90 27
91 8
92 13
7 76
56 96
43 26
80 91
86 5
18 28
66 96
26 96
34 25
33 41
93 99
62 19
65 20
72 3
56 29
63 70
55 85
68 56
70 4
24 97
40 15
14 12
14 47
94 29
6 99
29 58
10 21
71 38
10 89
79 97
26 94
52 12
36 10
30 4
97 56
63 39
11 33
65 96
79 98
59 87
48 16
48 85
14 73
83 98
77 32
14 24
40 83
44 37
6 56
65 37
33 82
67 92
20 66
73 47
32 89
94 47
82 73
66 98
1 53
3 30
56 3
57 66
49 64
4 35
22 1
80 15
85 74
2 37
9 64
97 50
45 74
39 94
95 19
53 75
88 64
37 56
7 2
22 36
71 92
61 20
56 34
52 21
34 81
8 94
57 11
41 53
35 24
54 46
56 87
33 21
73 63
51 55
82 69
56 25
58 87
47 97
99 75
60 34
73 52
49 90
74 18
50 63
30 2
20 30
37 11
87 38
24 69
50 89
74 56
78 85
92 99
81 74
52 98
20 42
44 58
6 89
50 99
62 41
78 4
93 67
97 75
71 48
27 44
100 68
4 52
20 20
55 26
25 88
54 78
80 34
8 62
88 94
40 33
83 70
81 7
42 4
91 93
23 52
57 72
28 70
4 34
79 61
31 18
59 64
34 22
94 43
44 71
25 57
8 9
3 95
94 78
60 32
51 13
37 28
52 36
3 59
94 83
6 68
67 49
17 11
35 57
23 91
5 2
99 91
80 62
86 83
47 73
67 15
34 26
56 65
49 74
56 41
94 48
49 37
87 93
1 86
67 59
30 12
64 40
32 79
44 54
37 61
74 69
81 74
99 91
28 15
88 79
84 67
28 45
79 69
89 10
3 23
19 20
52 63
34 18
47 73
51 97
25 34
40 8
60 100
67 14
62 35
2 33
99 36
14 45
42 22
65 48
26 68
58 99
30 69
44 4
58 40
18 27
27 76
51 89
31 60
19 8
32 64
81 90
77 60
57 39
6 44
50 79
46 34
65 55
88 16
10 92
79 78
19 74
33 81
17 80
17 87
36 26
50 95
47 22
86 77
16 6
85 41
65 85
49 25
22 7
69 19
40 9
44 5
98 81
84 71
77 43
84 72
51 81
83 45
21 59
79 83
68 85
83 38
57 33
21 67
16 60
77 97
50 88
82 81
31 50
94 67
67 61
65 8
62 61
71 22
65 21
5 37
3 55
98 97
34 44
83 51
51 62
59 6
61 57
95 100
12 47
16 52
96 3
17 88
78 45
2 28
65 89
43 56
88 27
64 98
27 1
50 2
85 60
76 13
37 19
41 69
74 80
35 54
54 33
90 46
5 82
83 90
82 72
68 39
11 34
62 4
7 38
89 30
49 17
100 50
81 43
18 20
69 99
15 68
21 4
42 67
83 44
87 12
94 64
45 65
84 69
20 34
94 72
93 19
79 15
51 3
10 49
34 91
88 24
93 5
68 26
97 20
88 29
16 90
10 58
90 19
70 12
4 7
81 88
38 54
47 87
3 65
55 93
21 88
98 62
93 11
77 38
32 73
27 88
20 56
30 98
6 71
69 32
98 73
74 50
5 99
38 39
64 9
96 59
12 14
39 55
8 58
84 89
41 53
39 21
16 94
7 61
45 1
76 14
14 97
8 92
96 30
79 68
22 18
81 58
39 23
66 38
72 54
47 4
14 8
25 3
72 1
40 81
60 50
72 56
44 89
55 73
92 18
3 91
45 75
79 70
11 67
71 95
5 69
73 58
2 96
13 29
33 58
31 58
47 96
4 60
99 98
10 92
41 70
89 94
69 90
77 82
32 44
29 37
45 75
47 6
45 31
30 75
22 60
1 31
2 98
72 34
86 27
56 52
16 54
70 58
59 68
68 97
81 78
80 4
33 29
13 31
89 15
52 79
6 66
11 19
56 53
91 1
17 15
22 72
73 33
80 74
58 61
31 28
82 53
88 57
23 10
8 23
38 28
32 48
58 96
45 74
84 3
35 86
30 7
16 88
92 39
28 22
23 58
32 69
52 79
17 4
88 40
63 89
80 92
99 84
39 25
37 80
79 68
32 100
96 71
100 6
33 19
66 84
63 46
64 98
18 79
93 64
74 71
42 39
10 35
91 6
74 23
82 86
18 45
24 66
66 21
13 46
93 15
18 3
54 1
88 46
38 23
21 85
94 95
35 67
49 26
50 94
41 12
64 82
3 56
20 50
73 26
12 86
68 72
37 52
42 60
46 38
6 6
51 55
13 58
10 43
3 55
27 86
56 11
98 69
33 96
19 60
98 37
41 15
24 75
37 71
14 80
5 16
86 77
80 94
10 74
30 59
22 43
87 93
36 60
48 32
80 49
34 37
32 26
52 76
25 76
33 3
39 5
6 58
13 38
67 28
53 65
20 66
73 44
74 67
34 24
10 98
1 33
72 50
68 48
9 51
67 75
68 73
1 92
47 95
6 46
95 70
48 83
32 50
6 89
12 58
75 29
16 93
73 94
45 6
94 55
39 80
95 78
92 68
13 39
89 84
31 99
81 5
3 56
36 16
94 98
90 42
42 48
1 13
38 64
22 80
98 16
32 44
65 34
23 6
36 2
96 1
73 1
88 75
82 100
87 25
35 4
52 32
75 51
100 8
25 18
14 21
40 94
17 72
4 98
64 31
18 58
30 23
30 19
13 72
57 46
63 3
77 10
20 99
28 87
87 23
50 12
25 37
78 48
2 9
75 94
86 44
60 22
70 70
13 30
30 39
28 74
58 64
82 47
94 85
57 39
1 67
81 45
27 7
76 6
16 1
72 1
40 12
11 77
3 22
83 51
77 6
88 2
7 35
30 88
98 56
20 58
86 75
48 10
49 71
87 57
75 91
97 51
17 4
8 5
8 89
100 22
12 13
77 6
47 46
89 46
29 14
8 30
23 11
11 66
21 6
33 58
29 92
4 12
97 45
99 36
2 19
45 19
52 37
86 98
69 28
8 20
26 23
55 70
73 45
7 41
78 8
7 22
40 58
73 89
62 60
88 57
41 85
10 7
82 98
35 72
81 49
29 30
75 38
23 23
27 82
92 82
87 91
40 50
39 3
19 99
39 38
30 74
19 73
29 75
8 58
20 13
39 7
19 66
87 39
45 51
73 28
42 90
26 45
56 93
78 47
29 38
52 9
44 41
53 75
46 19
65 27
22 47
8 34
29 91
60 77
3 35
75 18
8 73
14 46
37 4
79 100
4 40
13 7
100 85
2 8
60 53
100 57
25 80
35 4
93 84
39 23
25 95
51 73
52 54
14 64
82 72
91 6
46 50
23 16
60 44
47 61
85 31
18 48
32 15
93 35
61 48
19 70
43 66
3 47
48 58
96 100
49 65
34 88
19 54
7 98
69 95
61 77
29 100
20 7
64 29
81 39
88 95
81 57
69 75
80 42
81 46
15 80
84 22
73 37
7 97
64 45
44 64
20 93
6 83
93 42
55 30
17 15
46 84
94 29
63 50
16 65
91 72
55 81
81 78
22 13
71 76
64 25
25 31
1 73
71 35
98 72
84 81
25 99
91 15
43 32
10 34
56 95
49 29
99 27
27 62
92 90
95 84
23 70
88 3
84 1
57 100
14 70
47 44
39 21
42 46
49 1
72 21
64 80
51 95
52 79
28 92
34 11
22 39
37 33
89 84
8 9
97 61
36 1
18 31
19 6
46 61
41 69
6 50
15 81
88 54
13 37
84 61
95 25
14 92
96 84
55 58
56 82
70 87
88 41
15 99
16 79
3 17
74 82
29 50
43 34
5 75
44 80
99 68
45 74
53 27
20 23
9 28
9 66
90 94
16 27
15 89
53 74
100 68
22 7
25 84
18 3
80 17
96 54
41 18
1 53
4 51
69 24
76 65
49 98
79 21
49 94
37 43
69 91
82 9
78 20
21 61
45 73
66 14
51 72
28 69
66 17
59 71
97 91
28 97
21 87
64 4
55 24
100 29
95 87
37 38
12 48
41 14
29 7
85 11
29 21
7 69
28 14
21 72
19 89
97 3
10 81
42 97
91 30
93 45
18 30
74 11
73 61
46 86
40 91
38 33
4 9
97 83
38 18
15 31
92 88
70 89
51 82
5 69
94 24
36 27
69 13
35 50
6 49
18 29
41 7
89 63
21 44
70 3
4 30
42 29
69 22
92 44
93 91
36 77
53 78
5 85
84 39
29 76
34 61
16 88
34 17
73 1
8 58
12 78
60 75
55 60
57 31
97 45
33 44
19 21
29 30
12 90
50 49
32 44
100 48
59 50
86 85
47 48
31 5
5 40
47 100
64 51
63 75
5 28
93 53
1 7
7 55
63 45
38 34
36 86
56 75
19 52
55 65
20 90
86 67
63 82
52 49
31 44
59 45
57 5
7 4
94 70
95 58
3 72
31 55
90 31
15 20
28 91
53 7
48 61
7 86
57 32
78 33
54 35
32 57
29 83
54 16
15 21
34 6
6 99
87 66
27 17
41 92
100 6
94 36
2 76
91 61
48 73
82 95
73 7
18 73
8 98
11 83
25 98
59 53
38 90
23 54
10 34
76 57
24 37
79 96
98 96
62 4
32 50
81 78
61 74
47 76
23 97
35 80
90 30
13 43
96 26
78 39
20 89
64 79
72 56
16 14
11 48
100 99
26 32
43 71
33 93
18 23
58 5
100 35
68 54
80 75
97 40
4 59
29 3
93 2
71 44
76 11
40 34
10 67
18 68
46 68
28 25
77 97
18 98
63 99
36 24
51 52
58 65
5 17
33 89
59 75
57 20
18 43
34 53
15 86
38 56
25 46
95 85
1 33
17 93
59 5
51 31
31 18
6 47
25 36
39 51
11 16
91 52
3 52
65 37
9 39
53 100
61 51
42 50
59 37
21 54
54 83
86 58
71 13
47 28
9 25
44 58
62 11
92 27
86 45
100 59
95 93
73 99
38 80
38 93
11 10
28 30
67 45
42 54
23 90
18 96
34 7
72 43
53 11
55 16
7 3
26 86
21 51
64 20
78 87
12 28
89 90
91 24
44 66
48 96
7 22
99 66
23 66
77 19
70 19
15 10
31 69
3 65
4 71
65 47
40 55
6 47
66 46
56 44
90 39
55 24
94 83
20 67
93 82
19 37
28 6
97 75
6 27
9 38
75 6
42 98
27 40
29 40
98 1
4 90
49 9
40 100
44 39
12 28
90 69
72 84
51 32
2 50
30 85
16 99
27 57
77 67
41 52
30 89
91 53
61 33
50 93
4 89
75 20
2 13
31 63
46 25
55 55
43 78
100 83
73 2
35 30
23 32
78 61
60 100
93 34
42 50
49 81
62 32
64 82
89 48
19 94
29 6
66 14
63 92
51 26
36 60
34 45
93 86
42 72
93 11
43 89
65 100
26 79
89 61
35 51
6 20
28 13
51 24
85 44
100 81
5 93
37 69
44 22
87 3
52 91
75 93
8 36
80 81
30 78
10 23
84 28
83 85
1 41
72 53
86 39
60 7
79 24
16 45
29 23
72 67
4 15
77 10
88 35
87 83
72 87
41 11
8 40
34 18
81 33
83 9
50 49
58 14
30 51
55 9
81 37
93 86
40 1
67 68
36 13
78 42
6 65
34 66
11 93
48 22
86 52
52 10
97 70
66 14
67 37
48 74
73 76
75 29
58 31
50 93
1 32
17 85
98 59
88 42
80 23
65 61
53 90
6 18
13 46
16 51
44 26
46 98
28 6
2 8
71 79
75 14
36 2
96 14
23 76
10 62
47 58
68 61
2 84
23 70
88 30
66 38
44 67
96 29
96 67
85 12
30 74
49 21
2 47
65 15
47 30
76 45
27 61
48 66
57 47
18 66
66 52
65 100
59 5
78 39
18 65
44 2
54 64
45 63
53 69
70 47
94 63
98 67
95 48
84 46
76 85
94 47
20 33
32 95
83 50
43 12
59 39
37 76
59 60
64 13
21 45
32 30
27 39
3 100
95 73
58 1
44 48
94 56
91 7
31 51
52 97
63 48
81 36
24 34
76 91
14 16
49 73
46 31
81 47
86 56
18 61
62 53
46 13
60 9
35 18
5 90
1 46
85 14
17 82
70 91
43 69
67 14
31 32
71 59
56 3
66 63
74 22
86 72
84 16
20 43
43 22
58 91
3 73
54 8
83 16
64 80
47 6
76 100
75 75
79 87
12 60
36 24
47 32
21 58
70 73
19 96
72 77
87 95
1 37
54 37
31 18
15 79
76 10
7 97
56 71
64 53
38 4
87 1
14 35
26 16
17 52
2 98
4 88
3 11
69 8
36 55
36 80
85 76
85 30
82 44
21 28
33 11
54 38
40 82
70 87
33 54
34 61
71 68
70 7
28 3
39 57
94 77
79 10
98 9
88 53
93 97
13 36
74 17
5 17
80 40
71 25
41 27
52 67
19 60
100 38
11 30
47 51
51 9
53 41
69 31
37 52
32 56
22 41
83 58
9 63
21 2
73 98
10 53
22 88
71 91
44 6
52 6
42 47
58 81
71 48
96 9
17 10
31 65
49 68
1 72
24 79
25 4
88 45
29 69
63 92
99 10
74 57
34 93
53 46
95 5
26 33
47 64
4 57
90 66
41 45
61 4
81 23
66 84
24 90
48 85
73 92
20 71
7 75
38 13
36 21
54 20
88 40
93 30
13 44
39 11
39 51
2 47
91 66
79 21
60 26
55 83
95 78
42 99
64 41
97 6
75 80
61 81
28 87
87 8
80 2
92 87
66 68
84 96
81 35
92 27
96 70
68 54
85 85
92 82
85 5
90 44
40 85
86 75
88 70
93 21
74 40
56 65
50 51
3 44
37 17
100 41
54 25
93 72
32 60
93 92
14 5
29 17
48 22
74 92
57 17
66 11
37 25
48 75
76 48
64 8
81 19
61 73
36 12
31 36
19 58
97 65
85 18
86 8
98 71
33 57
26 13
14 37
56 97
87 24
22 88
98 46
21 5
86 47
98 15
56 7
40 22
51 94
100 22
79 1
91 96
44 16
79 77
100 29
21 47
56 3
92 18
90 24
2 95
95 29
51 24
86 94
95 98
5 45
19 97
78 62
82 30
22 70
100 97
92 47
95 98
37 95
58 25
3 98
16 68
77 59
76 23
99 16
17 63
28 68
6 70
50 51
80 22
35 76
19 26
8 16
92 78
35 21
24 61
76 57
26 93
11 10
62 81
57 63
43 90
89 73
62 99
58 45
12 87
93 63
78 10
53 100
41 13
10 73
8 17
27 15
97 59
76 94
70 61
12 50
23 98
52 95
95 78
47 14
30 91
18 59
55 46
31 19
9 44
59 46
77 26
84 68
26 68
81 7
91 26
17 23
82 93
73 88
84 21
98 35
45 74
91 16
36 31
22 92
64 80
60 28
46 1
21 26
78 71
39 21
71 71
99 91
39 71
26 6
96 100
45 94
81 33
39 53
22 33
76 39
54 24
54 87
11 92
56 45
60 41
63 93
23 70
74 71
81 24
21 5
67 66
7 24
94 66
33 42
66 10
34 18
16 9
59 81
3 70
48 9
68 63
42 91
61 87
28 63
16 4
62 32
35 88
85 83
54 35
38 43
27 49
63 52
26 89
39 50
51 13
31 68
19 91
61 14
62 25
38 96
10 79
27 72
81 16
61 46
32 66
16 17
52 23
71 1
75 47
65 42
48 58
79 90
43 33
5 65
4 98
91 98
10 32
53 9
75 41
36 87
42 21
7 75
86 10
75 87
55 69
56 96
57 62
14 71
82 85
25 97
68 47
63 53
16 90
6 18
49 49
23 2
95 53
87 20
8 54
28 55
44 34
52 72
94 28
56 1
3 35
18 12
10 37
21 81
24 95
58 57
57 86
61 93
65 87
70 91
30 78
61 98
56 78
72 63
71 87
97 40
26 69
3 60
83 12
81 47
46 66
95 16
10 22
13 98
59 64
58 75
98 51
16 67
66 85
19 1
16 96
33 45
10 18
5 22
19 7
11 38
15 74
11 100
18 75
95 6
39 14
16 87
92 66
8 69
14 52
94 8
37 78
60 100
78 51
66 20
84 44
77 58
77 16
30 11
26 45
54 96
67 20
83 80
97 51
19 40
94 20
87 54
36 60
100 97
34 24
89 75
6 31
44 8
42 31
43 48
91 70
47 65
49 31
85 84
46 8
44 55
1 88
22 29
41 91
62 56
80 15
10 78
19 20
62 71
32 9
26 52
29 63
54 67
14 82
13 58
12 69
99 23
65 73
56 28
87 19
98 65
57 25
15 85
44 87
19 17
2 35
98 7
2 49
84 96
94 80
79 16
72 60
74 95
88 53
83 91
92 41
1 25
39 81
92 20
51 21
64 74
73 95
74 71
45 40
85 86
88 58
63 78
74 25
16 78
52 41
32 83
47 22
49 46
41 47
73 93
31 53
9 95
33 71
67 59
25 24
77 23
7 6
71 38
22 16
51 42
38 69
60 66
67 16
27 92
3 26
3 18
32 50
90 9
47 77
99 71
65 98
20 70
69 32
70 16
