10000 12
36 58
94 95
37 58
88 45
95 64
47 3
90 27
89 90
8 57
53 80
35 51
54 67
61 57
68 85
98 93
98 20
98 85
79 6
24 20
37 57
68 30
8 66
57 18
11 41
64 80
81 32
23 80
28 20
69 100
19 79
44 82
28 3
18 59
95 58
54 37
36 34
8 75
28 95
22 27
90 17
4 57
43 19
87 18
29 45
12 11
28 42
1 97
72 17
67 70
59 85
93 76
1 29
40 78
59 93
10 95
69 84
22 19
92 100
53 21
72 43
69 65
67 55
67 15
71 94
25 73
52 8
39 95
51 76
96 14
82 3
65 44
51 56
7 81
32 48
53 91
29 89
98 55
23 74
33 94
42 71
57 96
38 3
64 70
59 63
8 88
32 91
38 6
91 54
94 78
64 43
3 84
24 63
14 23
58 1
21 42
75 92
74 25
80 96
82 54
85 63
79 72
33 63
69 55
98 93
69 17
87 50
51 77
11 55
69 48
60 89
81 30
26 16
51 45
72 72
25 93
77 34
36 29
94 47
98 51
39 27
85 88
48 83
97 35
3 29
44 95
34 39
69 26
20 28
48 94
30 56
96 41
9 27
14 78
2 97
69 72
1 54
2 20
29 66
14 13
34 75
7 7
88 31
1 13
79 74
66 39
89 23
89 88
29 61
53 23
51 67
20 82
48 39
82 36
7 88
7 9
74 41
48 88
30 18
68 61
8 84
52 79
58 21
2 71
45 26
43 82
60 89
83 50
60 1
72 59
53 6
23 84
33 75
6 56
7 62
34 29
50 36
94 73
2 89
7 27
43 79
93 49
71 69
31 52
66 24
67 90
97 90
16 43
85 95
30 73
46 97
71 89
26 3
21 78
2 10
34 100
8 48
86 18
59 40
78 17
36 21
76 29
21 47
7 81
11 31
66 84
22 98
28 27
45 41
63 90
5 13
3 84
21 95
83 46
19 38
51 89
30 67
76 9
41 56
24 31
39 29
15 27
99 99
45 23
12 80
83 78
11 11
72 5
100 68
24 97
24 60
64 26
60 97
60 64
64 42
74 45
65 9
23 85
34 59
75 26
27 76
58 72
95 55
70 70
1 63
85 41
95 27
1 40
29 32
17 18
51 23
57 97
71 60
81 76
52 19
77 78
54 8
9 55
16 69
27 62
51 79
3 67
53 90
88 29
91 15
59 64
70 51
39 37
69 62
85 26
1 100
13 41
55 60
11 20
2 16
71 83
59 78
65 94
44 84
84 86
10 88
39 80
2 55
25 96
56 19
37 14
30 93
4 98
60 82
43 98
87 27
47 22
52 73
96 82
71 74
11 37
63 17
93 87
82 22
77 38
94 22
94 69
47 57
4 35
6 86
3 29
52 96
17 95
89 16
75 16
100 61
48 79
55 57
70 22
45 54
89 49
67 11
68 74
15 48
25 11
3 19
13 39
97 87
71 20
53 6
92 55
39 95
88 78
40 82
37 62
79 99
4 41
99 66
53 86
35 29
74 20
21 74
8 15
64 5
74 76
68 58
94 67
55 41
66 6
23 7
37 3
67 49
98 87
14 59
75 100
66 48
70 57
25 8
68 90
67 12
81 52
79 42
46 54
25 40
67 49
3 37
6 71
90 84
65 50
63 21
12 21
28 90
62 3
74 90
10 4
47 34
72 25
25 70
64 40
84 90
62 35
72 100
16 79
5 55
42 96
33 95
44 29
67 32
97 39
43 24
76 57
51 67
91 83
29 34
49 25
3 83
8 82
42 38
36 65
2 24
25 54
14 29
47 35
78 59
6 10
8 55
69 93
34 90
61 66
51 96
93 74
29 71
33 35
84 10
71 39
50 76
59 64
90 57
5 23
63 53
88 100
76 33
67 26
10 72
50 82
39 64
55 35
54 84
71 58
15 88
72 80
27 49
97 55
97 68
94 36
30 53
36 92
49 25
82 65
89 32
38 69
31 99
27 23
54 79
65 66
95 62
100 75
23 27
38 30
83 59
23 62
5 12
81 15
72 71
79 43
79 62
76 75
53 80
66 57
93 15
29 32
69 14
37 32
89 36
80 90
21 94
22 16
92 3
5 95
17 42
86 87
36 12
80 85
49 97
7 57
85 95
67 8
50 62
21 25
92 33
87 78
45 14
41 29
96 20
60 53
77 6
28 50
49 75
75 53
69 62
75 60
18 5
21 60
69 3
8 26
66 25
71 76
87 93
12 91
86 91
33 74
96 8
2 65
14 20
35 31
36 62
73 17
23 68
94 34
98 60
78 90
26 66
31 88
18 64
30 54
59 71
62 65
84 16
59 74
63 53
65 23
17 90
3 85
97 6
40 44
87 77
47 19
2 60
63 97
61 95
85 100
57 60
28 97
11 98
13 20
100 94
93 23
79 38
93 62
50 34
32 65
6 77
31 5
81 48
54 91
24 21
41 89
44 79
40 76
90 9
96 26
58 82
8 66
70 34
40 12
43 22
50 89
53 90
7 64
85 47
67 30
6 8
81 77
45 17
26 26
67 74
78 40
9 31
93 39
40 56
100 9
58 68
38 3
78 13
5 52
13 30
20 23
57 21
4 16
19 17
40 19
75 93
26 41
5 1
40 100
53 85
21 50
82 3
48 3
25 82
8 3
56 39
29 48
33 77
67 18
78 59
4 27
61 18
37 94
42 24
54 81
49 57
88 87
26 38
39 12
88 11
4 35
89 78
17 17
42 12
81 20
83 78
90 96
54 29
43 90
64 90
9 6
22 72
14 79
3 31
15 34
56 51
10 5
14 18
16 98
74 60
38 69
26 48
18 31
29 2
43 92
30 41
86 83
37 47
93 97
54 91
32 37
19 68
88 11
43 1
63 1
37 20
63 45
72 61
100 45
1 46
86 71
66 41
34 54
8 16
39 26
14 30
65 2
9 49
72 11
60 40
3 96
62 29
75 85
46 3
32 96
54 29
12 98
3 48
74 36
67 65
10 8
9 19
13 62
37 83
87 8
60 9
90 30
12 74
7 72
33 43
59 18
63 87
93 47
48 79
77 80
5 5
49 58
62 99
9 39
19 78
8 35
96 6
79 10
59 42
91 54
38 4
85 38
92 37
55 35
36 29
6 29
11 31
85 18
64 29
68 80
24 46
24 58
80 91
1 15
83 34
69 100
38 95
22 97
83 66
29 43
21 90
73 67
17 30
67 19
64 52
73 96
36 53
54 81
69 17
45 75
14 60
35 74
18 47
13 33
70 36
54 61
76 45
85 71
30 92
91 4
4 12
60 22
70 9
82 64
43 85
64 39
16 64
87 92
81 30
24 86
88 40
20 96
85 44
35 43
41 45
80 79
53 13
34 86
47 10
41 39
11 79
51 27
100 63
24 2
92 45
54 88
33 95
5 58
96 35
78 43
44 80
55 6
75 33
16 43
93 24
51 66
62 49
61 11
47 54
33 68
17 79
21 3
38 48
35 99
87 37
83 98
30 28
87 71
76 87
69 54
50 70
4 44
13 5
60 1
24 71
92 55
19 81
21 4
81 24
2 13
98 83
37 20
92 87
9 15
29 49
3 82
78 98
31 50
73 6
88 21
82 63
27 26
10 49
9 53
69 57
96 42
54 63
56 82
41 58
51 41
71 7
77 66
47 99
92 10
49 99
49 25
48 10
28 79
53 23
75 80
12 96
74 94
9 12
29 66
84 46
16 7
10 75
68 94
4 55
48 94
96 78
89 77
52 86
98 50
39 82
49 29
57 66
94 36
78 72
44 49
82 21
44 77
72 82
67 13
79 41
53 3
81 63
2 61
29 8
15 55
22 28
12 79
66 16
74 67
97 84
52 24
7 33
58 9
93 61
29 13
10 68
48 88
73 30
80 37
94 55
77 43
27 4
81 82
27 20
79 52
73 58
7 94
44 47
48 33
47 96
40 73
23 22
15 24
82 45
42 4
60 24
71 45
24 63
45 96
49 69
97 49
81 31
17 25
87 6
94 42
65 21
62 16
70 54
10 20
20 70
74 81
9 78
84 99
72 19
2 41
75 45
67 13
13 79
44 98
48 94
99 3
25 11
19 12
69 43
8 99
13 86
33 95
47 15
14 21
89 2
63 94
100 55
31 76
57 24
100 52
9 6
48 4
3 80
68 23
7 98
13 27
65 100
83 98
72 98
56 87
32 89
25 2
73 85
67 76
40 10
81 5
45 68
1 57
55 36
8 19
56 55
7 45
79 69
6 25
69 39
52 92
40 34
6 14
71 74
22 29
37 29
3 37
17 84
29 28
53 70
97 41
73 52
32 72
43 64
7 61
88 11
33 71
6 29
84 97
80 21
3 96
4 25
42 100
8 44
72 70
23 6
94 36
55 84
33 91
70 36
74 80
75 87
22 65
79 93
20 57
2 96
94 64
48 65
69 13
37 91
99 93
1 50
46 76
16 22
8 6
86 7
90 21
55 100
31 39
79 10
58 34
66 44
80 75
32 74
61 38
26 7
18 91
19 66
97 82
60 95
31 53
4 48
31 16
81 85
42 50
51 36
14 66
32 27
87 41
18 97
5 63
49 98
87 13
65 79
51 92
95 76
26 81
31 56
9 15
39 85
45 13
90 50
27 9
52 11
30 12
36 4
5 47
63 63
85 90
73 34
28 2
52 93
36 42
65 87
20 69
50 37
54 51
8 75
52 95
44 48
31 19
27 57
90 63
73 21
91 61
89 13
67 18
44 43
65 68
43 67
88 100
39 29
77 45
13 70
99 71
35 10
84 8
49 59
36 80
72 99
28 33
100 83
96 76
22 36
34 65
81 84
40 98
69 95
85 42
25 91
86 48
41 51
57 84
80 56
85 44
90 64
52 97
41 86
6 7
65 10
91 73
43 68
62 98
36 26
31 95
7 33
5 7
22 90
93 53
87 83
67 90
26 8
25 41
94 78
40 24
1 25
59 99
76 44
70 21
50 15
38 43
47 65
59 38
39 19
77 7
11 20
21 39
49 86
82 81
52 96
82 90
40 54
93 38
93 28
85 89
76 82
46 68
50 78
55 50
76 23
83 62
19 78
95 31
29 57
36 66
79 86
33 33
28 61
58 31
23 74
47 61
15 62
5 47
32 68
39 37
93 58
63 78
70 76
92 77
51 76
69 63
26 91
80 32
60 2
39 53
2 52
19 40
82 1
64 59
77 58
35 33
42 61
74 21
61 2
62 86
21 70
1 27
39 37
55 57
83 49
54 24
15 54
40 48
22 70
85 97
73 90
41 8
72 1
9 96
55 56
28 89
82 16
65 5
32 52
4 22
73 39
42 27
21 5
32 26
11 31
96 84
50 60
41 86
48 50
12 48
62 58
30 33
92 38
65 58
92 52
88 76
71 91
89 78
85 6
43 37
12 53
32 68
18 53
59 78
86 61
25 15
6 40
54 49
44 41
66 26
75 48
94 50
47 48
95 4
56 61
73 51
5 32
95 46
38 68
10 52
33 50
7 22
70 52
22 88
32 16
49 21
49 100
6 61
13 6
39 20
52 59
55 56
40 71
100 58
41 20
3 52
94 91
48 10
25 65
38 68
39 1
70 7
49 37
63 41
100 4
40 99
4 70
26 6
39 61
80 70
86 94
75 78
9 57
98 8
53 61
64 39
95 64
48 32
9 98
94 62
72 75
1 89
2 90
17 97
93 90
40 14
33 82
27 62
7 9
36 27
29 36
11 18
24 38
66 1
15 18
61 53
13 89
26 81
87 52
69 67
60 78
89 50
82 47
14 93
18 87
70 45
84 74
32 58
10 57
17 14
57 9
7 26
64 44
16 78
67 78
75 67
23 50
55 72
40 29
88 92
28 44
25 68
28 73
7 1
87 53
53 2
76 86
49 2
56 29
82 36
4 3
49 19
12 53
28 38
4 4
23 87
97 20
59 42
14 6
80 35
61 23
59 79
89 76
4 75
45 5
37 21
27 98
69 51
90 95
63 24
91 37
11 26
82 28
55 41
59 77
17 14
71 44
93 61
77 6
16 31
15 60
24 53
12 7
57 5
15 17
57 21
65 24
40 43
1 10
68 5
58 67
2 16
44 3
75 31
49 96
2 3
43 28
61 42
100 10
10 57
6 2
42 91
6 54
96 24
84 70
75 37
24 72
92 27
4 46
52 22
22 63
48 47
42 41
40 77
50 4
72 69
14 63
97 52
26 96
27 77
31 50
17 29
55 45
34 14
83 80
38 73
54 4
17 24
57 64
45 42
81 62
51 55
45 44
18 98
17 91
11 26
27 7
51 50
1 37
95 87
26 44
45 35
77 56
8 36
43 2
24 70
26 30
11 40
55 12
66 2
20 81
38 4
2 92
100 67
71 8
62 80
1 76
44 70
27 24
14 34
11 12
61 99
14 47
40 76
64 35
58 56
98 43
71 61
35 78
21 14
21 12
77 90
51 82
98 30
83 74
95 5
47 85
37 24
42 80
21 53
4 9
94 45
19 33
23 74
62 46
6 73
79 4
2 81
6 78
71 88
49 42
40 84
47 47
88 42
58 9
85 90
20 39
64 77
24 4
97 95
16 28
80 25
97 4
52 13
1 76
8 97
80 59
72 5
39 90
23 66
48 42
10 90
55 40
59 93
54 6
84 4
68 38
24 77
10 27
67 88
45 90
37 83
92 58
2 31
32 13
45 86
68 77
43 14
34 90
50 48
8 60
92 56
51 19
89 26
1 82
77 64
67 85
72 88
40 51
59 59
86 51
45 47
78 50
17 48
36 25
66 65
7 66
3 51
10 22
8 47
84 52
42 49
47 16
57 66
23 64
19 69
19 31
78 1
89 78
47 30
31 100
8 73
2 34
5 27
7 96
63 71
11 45
7 60
64 39
24 79
13 70
10 96
70 59
27 60
60 13
41 85
95 50
45 11
6 46
85 4
65 97
58 76
23 82
41 85
42 99
90 30
61 85
66 69
57 9
8 53
84 2
32 7
94 93
25 7
58 94
34 68
72 22
9 16
95 5
65 32
14 76
74 95
90 13
34 5
80 71
87 97
85 78
73 19
30 34
11 6
26 20
6 72
78 24
34 1
98 92
73 27
22 34
90 33
64 35
12 17
15 27
92 35
56 4
2 9
84 99
31 71
38 2
75 38
64 47
46 98
14 58
79 73
46 89
9 37
70 49
75 95
42 4
75 14
22 31
84 9
32 74
93 32
84 3
9 68
85 93
94 13
45 84
22 26
7 14
75 45
52 16
73 67
46 83
77 10
66 38
49 32
51 83
40 38
47 67
1 95
89 58
15 63
71 48
38 15
44 38
85 72
30 3
51 60
39 36
38 45
15 10
3 74
58 86
53 53
21 21
28 90
81 24
93 19
94 50
19 13
26 85
6 6
55 77
48 21
28 23
77 9
67 96
28 48
69 82
34 25
90 22
22 26
83 9
30 85
49 55
86 85
81 25
8 39
31 73
96 9
10 76
52 70
94 4
82 39
70 43
68 3
93 84
13 36
28 36
73 23
35 60
91 13
59 68
48 90
93 67
57 83
47 38
92 16
79 51
47 92
13 30
78 37
95 32
42 41
48 93
34 87
60 8
71 60
11 58
39 44
4 86
59 89
55 17
80 12
25 3
61 30
4 29
88 51
17 35
79 89
67 39
99 10
90 66
27 9
7 43
97 27
52 87
42 35
86 15
22 96
5 85
59 8
69 13
37 33
77 3
54 76
15 61
23 35
41 83
62 17
48 16
59 75
18 100
94 17
95 66
71 90
67 95
34 59
2 81
97 14
42 99
73 62
82 19
21 100
85 94
35 62
30 88
93 11
10 55
39 24
71 25
88 23
77 28
65 35
66 45
16 23
18 78
89 39
29 96
32 30
11 42
48 27
66 84
41 54
39 96
70 94
36 51
85 46
6 79
24 47
79 19
66 76
88 54
51 52
98 43
52 25
50 90
18 21
21 1
79 15
75 63
45 62
9 32
42 93
7 50
19 31
15 23
89 11
16 72
2 24
95 27
54 28
11 38
56 56
13 18
43 99
73 65
16 74
79 11
52 18
55 88
99 6
61 53
14 7
18 62
16 15
32 2
69 28
68 45
87 42
63 64
67 52
14 99
29 23
6 18
14 61
13 15
61 93
58 37
21 38
50 33
90 1
2 29
35 47
20 38
54 71
84 97
92 10
41 100
35 100
25 33
83 12
64 88
38 7
44 73
63 78
93 83
5 44
71 28
91 72
28 57
80 80
29 87
60 53
7 82
100 24
67 39
99 16
50 3
24 92
34 71
25 81
60 38
11 3
81 91
63 1
3 37
22 14
8 17
77 7
77 10
60 85
41 46
39 15
80 43
94 39
77 99
18 31
33 77
24 90
61 80
53 60
13 77
48 30
16 26
76 47
72 30
99 52
53 72
39 96
59 20
12 25
35 95
7 31
66 7
18 27
99 57
45 74
57 15
93 44
43 68
43 43
3 32
61 75
80 45
79 18
100 81
69 79
80 21
100 86
19 56
53 3
31 65
10 55
47 3
22 33
65 63
43 62
19 98
50 80
18 91
85 71
61 30
34 34
87 9
51 7
70 28
26 68
63 6
73 97
53 100
2 91
82 79
51 12
78 64
59 36
56 50
64 83
78 10
1 69
66 74
64 26
85 15
76 18
81 61
11 26
26 49
92 35
87 86
99 36
10 20
58 4
64 57
68 21
9 32
24 35
25 80
66 73
87 79
99 44
33 51
49 78
12 50
63 12
83 33
81 68
50 68
81 58
32 74
57 31
53 90
4 72
61 99
9 89
51 73
62 74
13 26
60 79
73 90
91 23
6 95
82 54
30 32
42 87
48 88
99 39
92 31
16 59
63 64
86 16
23 93
30 26
64 88
35 4
32 38
46 13
23 89
45 59
89 48
33 24
73 72
74 37
30 27
27 44
77 84
98 28
89 35
37 55
10 55
63 57
3 86
18 67
24 31
46 41
36 90
95 4
45 18
4 11
81 78
2 90
42 82
84 94
81 6
34 41
76 82
71 25
39 17
55 89
93 73
73 85
19 5
28 10
18 15
97 96
83 3
31 20
62 10
58 38
79 23
47 23
44 8
31 16
22 16
93 91
54 67
70 47
72 35
73 21
85 76
94 58
30 6
54 69
10 65
54 14
68 94
8 56
31 45
74 84
93 28
30 35
1 29
46 52
42 14
57 40
52 81
56 89
75 50
15 95
58 87
79 13
97 37
50 35
30 48
22 6
19 9
36 43
96 74
53 43
35 68
60 95
18 14
35 56
43 58
29 9
86 49
58 61
9 39
81 93
85 91
67 33
25 43
7 47
48 41
92 99
59 94
1 30
43 31
74 46
97 56
63 79
71 13
48 66
52 7
87 16
5 66
87 79
19 79
40 37
68 82
51 84
38 66
24 53
21 83
41 8
77 75
73 73
30 36
16 8
52 65
59 71
26 6
10 90
58 52
39 9
36 66
60 49
34 22
42 74
69 11
68 83
67 21
98 86
73 86
18 1
5 54
63 60
27 91
14 88
3 63
75 59
79 90
61 89
26 12
25 10
63 64
27 40
62 93
97 7
80 39
34 59
6 82
27 64
94 97
32 51
55 38
31 14
43 45
7 29
24 44
24 63
13 41
50 57
15 17
27 78
6 40
99 95
24 56
85 20
92 87
87 86
22 70
14 13
27 73
53 65
34 12
20 46
7 84
97 95
67 75
30 45
82 63
58 85
79 68
7 84
44 89
67 98
56 97
74 80
51 17
72 31
100 72
24 84
70 20
3 80
62 44
42 14
97 53
95 73
10 80
20 60
11 47
72 74
85 22
42 50
24 13
11 24
29 3
76 66
95 2
86 8
63 67
99 67
42 61
29 33
22 97
81 15
64 54
95 52
7 14
21 37
100 27
49 58
29 34
19 36
64 72
67 50
49 43
33 78
17 96
6 8
46 100
33 88
81 3
71 80
33 24
47 40
1 11
39 8
54 23
9 93
81 29
15 5
80 99
24 21
24 34
28 38
29 91
20 96
5 66
1 14
8 19
71 71
96 60
58 87
70 83
18 81
33 96
37 54
34 93
89 55
21 56
53 85
67 27
61 29
23 10
14 87
6 90
1 19
87 75
37 30
38 43
27 88
34 99
14 23
50 90
86 76
27 92
71 50
51 90
51 90
89 58
76 74
12 72
48 42
100 98
70 51
1 41
4 13
30 77
13 6
61 49
95 26
71 90
16 25
21 36
58 98
70 35
28 45
68 87
25 3
49 15
35 90
33 26
99 22
24 8
87 6
98 61
56 23
92 79
51 32
38 96
68 98
94 72
71 11
37 10
78 83
5 3
9 21
7 90
93 71
12 33
10 36
63 41
20 50
32 85
28 51
91 53
86 35
41 37
2 26
62 91
5 47
69 99
4 95
1 45
24 3
2 20
8 34
29 73
76 49
55 79
27 79
32 33
34 97
11 4
4 5
21 73
18 67
63 56
40 57
46 16
47 47
63 41
41 100
17 74
7 63
39 3
58 33
83 11
82 78
34 26
31 97
74 86
45 11
78 68
59 5
25 83
4 99
39 25
86 77
70 69
81 64
41 82
65 39
28 46
84 39
42 68
46 89
19 58
38 26
85 78
53 86
25 2
89 88
84 95
58 28
38 92
80 79
82 53
85 96
28 13
81 14
11 97
94 63
91 28
92 55
55 23
65 91
7 25
68 93
92 57
76 86
20 88
67 60
62 26
64 11
78 47
88 93
36 29
2 72
87 36
62 55
79 28
97 55
92 70
75 34
94 73
19 20
5 65
62 2
4 25
86 74
98 30
72 45
75 46
14 42
33 100
41 97
97 34
8 63
76 37
5 88
10 45
25 87
57 38
87 13
36 62
33 26
1 19
17 54
38 99
30 61
22 2
67 10
83 8
49 82
77 38
14 39
10 82
40 41
91 73
58 29
16 28
71 45
60 25
1 19
77 91
43 28
32 26
29 60
81 90
25 45
7 45
24 25
45 58
13 16
48 38
43 92
96 61
35 51
31 21
73 52
44 74
39 100
44 87
21 38
98 77
72 76
90 24
37 62
17 51
1 73
28 60
34 48
77 89
74 39
69 87
78 19
13 68
71 32
65 52
61 94
1 94
35 54
84 33
64 51
12 34
62 4
86 20
95 54
8 56
1 14
78 39
95 28
37 90
89 75
71 54
32 79
97 8
47 1
99 54
85 21
4 3
84 89
100 69
48 80
44 67
59 21
69 85
73 100
84 73
34 95
44 95
63 50
97 56
99 20
58 41
20 90
23 42
71 13
61 2
82 1
97 66
15 100
13 56
31 28
49 33
35 93
44 96
49 87
21 18
51 76
18 98
43 44
27 74
67 89
22 69
75 92
83 93
56 3
38 96
98 76
2 56
74 58
21 38
85 39
25 10
96 63
14 22
22 91
32 50
58 57
61 87
70 13
67 37
42 85
98 66
30 54
96 39
68 5
67 73
41 45
85 28
19 2
50 19
72 38
70 38
22 81
15 92
43 73
77 40
28 4
24 66
40 14
85 4
17 30
7 54
86 99
88 4
69 36
16 37
32 59
40 81
71 21
20 77
95 30
62 7
6 35
43 18
22 49
12 100
97 98
6 74
36 37
35 23
16 73
61 26
39 92
37 60
86 71
52 9
86 23
92 64
31 77
90 62
68 18
46 15
45 30
48 73
88 6
63 41
17 93
60 81
77 10
39 4
48 79
59 69
2 27
82 25
13 9
41 22
78 75
88 88
29 68
79 69
16 52
17 27
46 25
14 65
57 81
73 91
74 92
43 29
43 91
53 11
3 8
60 57
82 70
9 64
45 58
42 16
23 7
22 91
39 51
73 13
22 13
49 64
22 49
25 96
88 79
2 28
32 44
2 58
90 62
81 72
16 100
36 82
93 56
5 17
78 97
61 55
94 10
28 17
58 80
14 79
41 96
34 4
55 66
9 29
53 38
85 53
100 64
6 42
68 5
29 52
98 83
98 30
36 36
71 66
24 95
3 23
48 60
34 66
76 25
69 94
82 26
15 99
1 90
64 40
32 16
77 38
66 20
68 29
20 91
31 65
30 53
62 1
24 36
16 68
88 64
83 46
24 79
15 78
56 63
22 41
50 24
79 96
50 76
93 69
35 26
100 75
2 38
21 37
32 49
79 36
42 49
83 68
20 25
76 13
24 57
2 19
30 78
31 4
76 46
48 99
99 90
12 93
81 37
88 4
53 63
99 94
82 5
71 39
21 2
13 20
70 56
92 85
94 6
20 41
76 25
43 70
26 18
92 30
10 65
61 74
53 37
23 19
14 15
82 57
92 10
55 68
65 8
89 35
78 7
52 5
95 59
89 43
69 64
65 38
6 41
60 22
13 87
87 4
66 8
6 94
75 12
85 89
42 6
51 14
41 24
13 22
12 72
72 27
27 88
6 30
99 22
64 62
100 35
50 30
4 59
28 31
94 75
34 10
23 85
52 98
71 47
64 63
52 58
49 93
51 15
15 55
44 77
58 56
52 5
10 62
32 95
68 26
78 68
14 68
13 96
50 100
81 37
46 93
31 17
10 91
63 80
1 60
14 9
7 58
59 24
77 38
78 56
12 3
57 93
72 80
19 76
95 41
16 32
7 22
33 37
39 4
75 52
92 26
66 86
69 12
22 69
85 28
98 52
56 24
41 30
57 85
16 60
44 77
94 21
30 70
9 64
69 42
8 82
49 7
72 94
30 46
97 27
2 53
19 96
72 85
68 72
95 69
11 51
53 50
75 15
44 13
53 79
66 87
71 84
58 63
2 90
20 42
99 25
29 49
6 92
10 60
66 51
79 25
96 4
13 68
66 7
43 37
61 7
7 30
89 23
17 39
69 45
52 65
7 57
11 100
98 43
58 43
5 33
79 50
7 100
62 6
65 27
24 62
86 10
90 25
73 83
70 81
46 43
15 55
87 90
35 64
26 37
8 59
11 27
69 5
96 71
33 79
51 99
15 69
14 92
33 93
77 47
3 60
5 99
44 59
69 63
69 99
73 20
38 98
97 96
46 83
63 25
29 77
15 89
71 84
76 3
12 26
96 48
38 92
67 20
30 20
7 39
91 42
51 4
59 31
79 2
18 59
9 80
41 44
53 17
33 55
72 10
64 58
29 44
27 68
88 13
91 52
54 78
39 23
15 88
65 54
16 11
98 74
6 41
68 5
4 6
95 82
80 36
78 49
93 8
94 36
55 52
71 4
36 75
80 19
64 79
92 65
26 60
22 42
97 30
51 40
100 92
7 25
72 35
67 17
35 19
50 75
6 33
1 80
11 10
51 40
53 53
27 21
85 90
95 12
87 11
36 32
29 5
2 49
79 80
79 88
70 34
26 43
12 57
87 46
74 87
2 79
8 99
86 82
37 2
36 15
14 69
13 56
43 12
92 58
6 15
19 13
82 79
8 82
8 85
3 89
20 81
86 52
18 66
1 36
51 29
30 9
25 63
88 72
73 67
46 46
42 20
63 40
98 57
42 82
15 42
13 90
14 83
32 25
81 41
38 61
59 42
58 31
65 49
84 73
29 16
50 63
23 4
63 57
8 65
50 35
3 7
9 52
37 49
87 95
83 100
2 23
15 82
48 34
50 10
59 25
47 74
86 67
9 63
5 65
98 44
49 23
72 78
12 65
12 8
36 93
5 45
27 58
76 13
91 91
41 45
79 99
68 47
20 43
98 11
8 99
64 63
67 10
26 4
42 2
61 64
74 52
76 4
54 53
66 55
93 84
10 22
99 66
38 59
55 50
1 87
66 27
42 39
20 58
4 39
67 89
100 29
68 45
40 35
67 14
7 60
78 69
15 38
20 97
59 71
92 45
76 80
38 74
80 1
99 5
96 37
95 1
29 17
33 1
33 43
4 65
96 14
87 10
70 31
50 30
9 32
33 38
79 12
64 37
10 53
30 79
96 82
36 87
55 23
53 1
75 75
98 80
73 71
36 39
77 55
79 30
85 82
32 49
68 91
62 42
36 100
6 88
7 3
79 47
49 12
86 49
61 44
95 54
1 61
52 8
20 39
93 65
33 35
62 74
41 84
35 35
61 30
71 65
60 70
70 97
24 27
15 31
99 41
22 63
80 87
12 45
73 87
17 56
26 23
94 47
85 72
20 63
19 70
61 65
22 70
77 87
10 6
49 84
33 6
41 13
50 29
44 84
25 62
62 23
54 70
92 40
21 14
61 2
6 81
76 28
25 76
72 28
77 25
8 1
54 97
92 95
33 20
59 14
67 73
33 81
22 59
16 74
5 47
5 46
54 70
97 45
56 76
76 12
48 73
55 82
94 76
46 22
83 73
54 42
21 4
56 21
28 40
68 35
16 54
82 5
77 21
19 34
70 91
52 66
61 39
6 61
22 88
66 52
75 33
99 28
54 27
30 78
67 50
9 11
98 40
93 5
63 75
66 57
73 100
51 83
34 2
6 98
43 81
68 31
8 33
74 31
19 100
60 1
74 24
3 89
16 25
1 94
96 74
100 76
99 70
79 89
32 53
73 33
65 7
94 76
47 17
22 59
82 91
54 99
38 74
25 77
37 76
6 71
74 42
33 99
8 7
91 92
79 62
69 65
72 18
77 13
32 29
80 20
70 17
77 67
63 38
34 87
33 41
32 25
16 9
71 43
12 86
55 96
93 74
37 33
86 47
7 90
5 73
88 88
12 46
42 40
58 99
73 19
18 47
53 38
55 26
30 15
66 31
73 95
28 27
7 48
78 39
57 68
51 70
28 36
30 82
58 59
85 59
25 75
85 10
48 30
69 97
67 73
98 97
4 95
23 83
67 70
80 33
60 35
72 56
99 55
49 92
97 98
73 100
32 78
100 41
34 18
82 32
92 42
81 51
25 60
30 71
79 75
96 27
47 76
85 9
98 65
93 98
23 64
86 57
49 89
95 1
74 45
100 51
37 15
50 40
25 44
85 16
18 65
69 1
77 15
53 64
3 88
60 92
84 54
51 57
6 39
34 64
6 14
50 17
88 37
15 43
100 16
39 28
24 2
11 55
65 2
70 1
55 50
76 62
37 77
74 32
63 80
77 25
17 11
6 62
45 38
10 69
34 33
63 90
14 84
25 97
5 65
16 68
5 70
69 41
39 66
90 49
66 22
51 36
82 89
5 65
32 27
19 41
67 63
100 78
53 39
89 30
60 44
48 81
19 19
22 11
91 74
62 35
85 74
34 71
2 59
54 46
60 67
38 78
44 24
80 72
13 76
72 15
83 70
22 64
77 73
64 78
96 6
70 14
4 61
71 92
89 76
48 87
9 74
72 65
43 86
72 83
50 41
62 90
11 89
75 89
72 35
57 1
4 43
1 89
97 1
87 22
27 44
54 45
85 35
78 40
30 69
98 40
70 35
31 36
19 4
12 83
7 3
68 43
23 35
51 10
32 32
97 8
79 36
12 76
22 71
62 77
28 56
25 2
64 84
38 89
63 65
3 81
33 20
8 88
46 91
71 92
64 71
2 81
21 77
83 41
24 16
55 99
58 85
68 82
79 3
56 44
24 93
99 60
32 21
14 68
78 20
46 52
10 25
86 78
28 99
71 92
69 28
29 65
25 12
6 42
80 37
80 4
89 20
38 19
51 100
30 71
46 11
60 81
44 64
75 85
68 70
20 62
17 2
17 31
30 92
73 96
40 87
18 43
67 45
61 39
65 96
29 71
22 79
71 15
85 37
60 35
12 30
96 35
59 32
14 33
25 50
85 98
97 90
87 33
55 68
41 83
36 45
68 56
5 1
60 48
33 6
79 94
65 37
37 21
69 19
39 94
86 69
18 97
93 63
52 45
65 29
8 25
77 93
54 87
97 76
54 97
49 40
57 48
89 95
78 11
37 39
45 88
34 62
15 79
6 77
54 48
96 55
2 2
8 22
100 28
44 75
32 9
84 84
27 30
83 60
64 72
39 58
24 39
41 73
63 48
93 84
26 74
64 43
94 49
83 82
82 66
6 22
17 1
25 3
7 52
58 57
51 10
68 93
55 21
10 7
34 47
85 86
23 9
35 15
15 52
43 82
49 50
36 54
44 83
74 65
85 22
13 34
85 45
95 26
85 96
46 94
4 40
7 75
8 17
66 90
12 25
67 16
13 22
84 29
27 39
65 76
52 94
83 72
40 18
100 66
91 73
44 18
62 63
11 57
16 62
50 87
5 92
82 34
38 5
82 90
1 45
22 27
8 30
32 10
58 19
89 41
70 17
30 66
86 65
94 86
20 41
3 55
4 68
41 30
57 38
81 15
95 91
16 58
60 17
68 36
74 16
50 95
57 83
36 14
17 18
15 15
86 64
93 69
76 88
98 45
13 67
72 76
23 7
88 21
67 65
6 22
29 6
87 26
13 75
71 68
59 15
36 63
87 42
36 57
15 98
8 90
11 39
2 21
72 36
83 96
100 87
46 57
56 59
44 100
32 68
80 79
69 36
68 79
17 25
1 60
26 72
62 91
79 5
67 46
72 47
91 93
8 1
27 77
49 20
39 95
7 50
57 95
70 33
85 78
60 44
99 69
83 66
31 96
66 62
59 33
90 59
79 34
62 56
33 26
17 26
35 50
33 100
69 32
70 59
100 49
61 41
55 67
16 18
44 77
79 27
20 96
19 47
23 31
3 59
57 93
99 100
86 83
100 50
19 75
15 87
47 77
38 70
24 45
81 34
14 17
85 42
45 13
31 51
59 66
30 25
89 25
48 79
70 64
46 77
78 40
72 59
7 100
12 72
57 14
22 73
65 62
97 73
47 30
47 56
2 100
25 5
62 60
82 24
54 26
17 32
19 16
100 92
21 38
34 66
59 20
74 85
36 20
59 12
54 81
36 99
19 31
79 42
16 60
28 91
36 64
29 82
10 93
41 48
29 57
93 66
98 7
29 92
79 96
1 73
46 74
59 7
68 9
63 66
9 97
96 91
14 15
35 87
42 17
62 90
46 52
8 47
100 36
60 52
94 96
70 28
14 92
52 91
50 58
8 9
99 9
96 52
12 90
92 80
38 83
31 93
26 43
42 82
50 33
88 37
79 81
19 27
73 67
95 13
10 48
71 55
77 87
32 46
43 19
82 84
98 22
54 74
49 47
79 49
62 16
95 19
43 99
72 44
90 96
47 66
97 80
25 28
91 96
97 92
48 61
24 61
4 56
40 100
71 50
68 21
16 89
80 34
66 96
27 8
20 14
90 32
86 63
90 86
84 89
56 43
83 92
72 24
45 65
96 8
22 80
48 33
23 3
46 21
39 96
98 50
18 86
59 33
32 39
58 68
75 49
11 13
27 26
67 32
73 81
15 73
83 48
22 9
17 73
3 35
7 23
45 49
94 84
1 21
68 31
42 4
95 32
18 71
73 33
63 78
57 65
82 40
93 11
15 71
28 53
37 57
92 95
98 23
52 51
79 61
45 43
100 49
95 3
65 54
89 100
15 16
22 33
85 90
76 25
93 88
92 54
3 11
17 94
2 52
65 36
1 23
50 59
42 15
47 68
42 52
54 90
65 48
51 36
99 52
7 38
66 19
20 67
43 95
20 91
97 76
64 56
16 36
72 44
39 52
54 69
67 95
81 5
19 60
84 13
31 77
88 46
54 32
40 79
79 72
27 23
89 72
44 81
78 78
92 32
29 62
77 86
94 92
13 13
17 32
29 66
1 67
63 45
87 100
67 16
29 19
82 36
88 36
23 31
59 95
28 19
35 24
46 67
50 45
64 34
88 18
26 26
32 15
43 54
41 49
59 34
31 35
15 93
77 96
49 68
52 75
20 98
84 42
96 66
63 30
94 85
81 34
86 64
35 51
9 34
47 35
73 3
38 91
85 36
51 52
58 83
12 19
32 79
63 38
32 5
74 3
59 36
94 31
8 67
13 3
92 31
9 26
33 21
91 29
97 81
11 53
4 77
92 11
62 49
52 42
93 65
21 44
40 86
90 43
71 16
18 69
1 47
62 96
31 84
91 13
65 57
54 68
20 9
52 60
99 74
69 25
88 89
97 88
78 94
36 11
69 56
50 64
66 46
96 50
18 66
38 21
76 33
99 67
76 26
52 2
96 49
73 6
94 92
75 95
27 85
72 60
2 48
43 6
2 94
68 16
57 60
79 81
11 18
35 15
69 60
5 21
77 13
24 94
74 11
31 51
33 62
12 56
58 78
76 85
42 53
6 46
95 23
27 100
29 49
66 47
7 80
34 24
98 3
44 22
47 83
54 8
42 53
47 40
68 83
12 28
84 44
24 57
28 64
70 34
80 77
66 33
23 30
84 12
4 1
78 55
45 10
72 72
95 42
2 47
89 12
12 77
98 77
52 37
43 28
88 16
1 83
62 6
98 30
67 76
97 29
21 51
51 99
24 62
79 81
96 86
41 48
33 71
53 64
10 84
44 79
11 77
40 19
2 4
23 68
42 43
79 43
100 67
21 65
33 43
9 42
86 78
9 38
46 75
80 23
88 81
90 94
16 81
45 19
84 82
67 87
39 44
56 32
73 68
99 62
78 65
3 87
23 21
39 79
40 70
93 70
86 76
56 9
65 76
15 47
39 12
62 96
91 65
96 93
52 50
34 95
95 16
53 28
88 12
91 64
23 39
95 25
34 86
3 42
77 18
90 58
46 4
22 21
44 98
95 74
66 68
71 51
67 61
69 61
53 6
87 25
92 33
33 88
100 35
88 20
6 7
52 2
97 71
36 75
7 12
75 19
60 59
7 2
76 53
71 21
44 94
20 93
68 37
32 31
90 85
39 6
73 44
5 28
82 33
71 77
59 78
17 44
11 38
99 53
17 8
2 68
21 94
14 87
51 26
91 91
56 4
72 20
26 65
82 15
74 96
49 95
26 12
34 30
98 59
53 34
41 99
53 9
69 60
90 3
6 10
35 17
98 28
64 56
96 91
70 57
4 44
76 75
31 46
90 25
85 16
26 88
12 89
83 56
37 5
93 44
30 91
79 38
71 51
5 9
36 93
10 61
33 51
49 66
97 68
73 71
23 19
2 100
36 16
59 96
96 100
59 51
55 71
94 30
15 74
18 96
20 29
36 13
74 5
5 4
78 67
39 89
30 67
12 59
98 64
64 22
21 64
7 54
22 7
41 24
78 21
39 53
3 81
31 43
83 57
79 3
38 11
8 37
64 90
6 97
29 15
53 8
69 86
2 81
17 30
31 31
90 21
13 22
2 62
24 79
43 47
18 64
55 16
36 65
56 5
64 67
16 28
45 41
55 23
55 74
34 11
9 44
68 24
60 42
35 16
26 23
44 35
93 86
5 12
20 99
92 32
60 76
1 9
79 20
68 13
96 86
6 44
44 82
49 16
86 78
94 74
57 44
36 15
43 53
83 88
91 52
35 82
2 54
69 63
90 23
61 69
62 100
50 43
15 88
21 53
43 99
50 96
10 82
28 75
9 58
36 11
76 88
99 15
25 5
71 25
61 69
49 90
92 7
25 36
77 60
73 33
61 92
38 44
44 33
38 49
78 46
3 88
20 46
13 48
67 55
32 75
46 13
22 65
92 29
85 85
43 40
69 26
91 37
8 13
70 38
92 88
62 95
96 30
79 85
21 17
4 46
22 44
14 42
17 3
79 23
72 74
31 9
92 40
30 40
86 79
93 44
36 54
83 28
68 4
55 91
76 22
98 60
33 94
42 86
11 78
6 98
17 10
32 23
38 54
45 32
47 80
20 98
86 47
78 61
18 78
9 21
54 11
45 96
59 58
45 39
81 18
64 31
27 14
63 25
25 29
49 51
83 3
85 76
46 82
87 47
20 6
92 18
23 97
100 2
56 91
99 26
92 53
11 41
35 5
44 40
63 97
40 48
52 29
94 58
51 50
63 51
28 95
30 25
57 96
88 49
5 33
64 74
15 3
7 52
12 51
40 5
46 28
89 45
75 39
95 42
62 2
33 25
26 1
46 42
93 76
79 45
43 95
90 66
10 64
93 65
6 15
70 61
99 26
20 42
57 85
73 64
95 43
39 89
82 75
87 28
60 71
93 29
58 85
95 42
25 30
92 41
49 41
16 58
9 29
79 100
1 87
47 80
64 41
56 54
80 37
83 28
13 90
43 90
37 46
65 56
99 22
4 88
52 67
61 43
65 74
66 69
2 34
64 24
37 44
52 88
70 91
75 3
46 94
42 90
95 84
37 18
68 98
24 30
82 16
25 74
100 78
27 96
77 51
14 74
22 11
10 52
71 22
28 90
55 59
8 58
41 61
73 43
34 49
99 25
74 34
13 90
90 85
20 69
48 68
3 75
60 95
75 88
55 84
91 3
7 24
58 63
9 73
7 66
20 31
24 98
31 26
23 56
74 12
40 95
40 2
38 85
95 49
12 36
3 90
45 44
17 96
4 35
78 50
51 65
98 21
91 16
86 51
13 76
33 91
95 13
40 54
77 90
26 63
35 22
99 36
92 42
49 49
30 85
90 26
92 97
37 55
45 70
29 38
38 26
54 93
59 4
92 52
42 30
48 55
46 22
79 41
52 61
32 90
72 96
10 26
93 78
58 37
66 68
71 96
76 67
63 77
83 34
32 28
81 28
80 89
90 5
36 75
69 11
55 41
30 89
73 92
31 58
49 64
64 34
53 100
41 58
28 31
27 44
63 24
11 100
99 54
40 33
9 49
95 82
79 69
96 96
2 10
81 100
75 25
30 74
65 96
17 54
42 27
20 8
52 12
44 68
8 15
87 46
75 100
78 74
25 30
65 65
44 47
46 38
59 99
40 53
81 8
15 32
20 38
7 47
25 97
17 76
24 60
82 74
59 21
21 62
16 19
97 76
54 67
94 24
3 37
82 33
28 53
44 28
29 52
81 98
33 30
62 53
95 63
24 44
72 98
57 76
46 83
58 54
4 68
44 75
17 77
76 57
45 96
44 13
96 89
94 14
20 64
10 56
66 68
15 70
68 6
84 44
45 89
22 71
52 19
20 34
83 46
34 22
16 60
15 3
46 78
90 73
57 18
37 90
39 99
3 82
92 28
20 56
6 41
80 81
34 18
30 71
9 71
82 26
62 48
1 69
13 79
15 11
44 64
2 37
57 60
45 74
6 88
85 69
11 80
97 87
38 14
35 6
14 45
87 42
87 66
53 41
95 52
11 63
81 31
91 31
64 39
80 1
3 47
49 32
25 81
54 60
52 29
10 29
40 62
9 6
62 7
7 1
32 63
98 77
75 80
5 38
46 63
2 78
87 63
24 70
67 85
84 93
82 100
78 9
63 47
80 80
66 5
66 60
24 99
93 74
35 71
53 45
56 1
60 29
71 91
75 80
18 1
85 59
38 65
27 66
67 89
60 94
63 14
33 4
3 65
93 46
29 94
85 96
71 45
16 31
56 10
96 34
70 28
47 44
10 90
67 4
72 93
4 67
88 80
63 42
26 53
56 94
3 40
36 28
48 37
15 59
8 47
1 100
65 6
96 62
81 9
47 60
69 35
100 4
61 40
44 64
46 64
16 60
85 41
47 95
75 43
87 18
21 98
39 11
5 93
24 60
64 15
6 80
72 78
19 3
45 22
20 90
45 33
57 76
69 94
90 51
22 13
65 80
14 62
3 46
46 34
68 87
62 32
2 86
15 36
63 74
32 38
87 90
87 95
96 36
70 49
28 65
78 77
68 96
36 97
67 27
23 93
66 5
18 98
46 26
7 14
34 85
63 69
9 84
74 98
63 54
89 72
7 30
82 84
33 63
21 35
100 91
1 97
9 92
58 34
4 28
25 40
15 54
68 19
83 38
61 11
61 94
70 18
63 38
2 11
69 97
19 70
63 45
51 23
73 88
60 21
53 97
70 87
54 20
89 15
76 57
88 81
54 93
6 44
16 39
41 14
22 3
44 68
21 94
40 93
13 5
53 72
19 80
94 28
25 60
78 97
99 41
91 85
43 4
85 76
56 14
84 14
99 49
82 53
80 79
90 39
9 54
79 17
39 37
52 73
13 40
43 92
33 63
71 63
48 66
88 42
51 99
61 26
1 63
94 95
93 28
71 77
49 23
52 81
42 14
29 47
35 86
62 17
13 1
29 73
65 54
68 32
35 71
50 74
93 26
85 27
48 37
25 97
45 94
33 23
72 24
62 85
21 67
25 97
6 28
98 85
53 36
50 31
12 4
61 60
65 89
37 81
36 31
84 34
97 93
57 85
73 34
3 41
51 59
52 89
18 97
15 7
100 99
90 40
33 36
10 67
95 30
55 62
19 72
41 14
28 82
84 78
18 95
97 81
17 94
36 24
86 92
84 50
67 85
70 16
58 95
42 39
75 64
4 46
30 28
86 90
89 6
70 31
81 46
50 88
21 40
17 97
34 59
10 23
5 72
22 35
86 91
5 20
41 46
72 21
28 82
75 64
44 41
27 24
42 11
53 86
82 5
80 7
41 7
61 26
19 85
69 60
25 14
28 76
99 80
61 50
49 80
59 93
24 78
46 28
30 8
3 54
10 38
21 46
70 37
77 56
30 69
26 87
98 27
9 100
62 95
1 74
86 93
21 94
28 41
25 4
69 22
16 82
19 31
11 27
38 21
77 24
1 15
8 15
64 17
6 30
84 83
73 12
14 78
3 33
84 77
94 62
81 58
5 54
66 61
45 29
90 1
80 26
22 100
98 55
76 14
92 70
72 87
6 57
21 75
91 90
15 30
34 67
31 72
62 40
79 94
40 62
68 7
82 20
62 37
11 25
25 38
8 12
78 10
17 50
9 41
87 73
54 56
78 85
2 26
25 11
76 10
50 16
24 42
35 27
9 2
17 40
27 92
64 60
100 7
54 21
45 79
74 3
13 30
31 68
47 38
9 87
75 5
88 62
26 27
78 75
3 45
8 61
98 77
61 24
40 52
26 49
56 90
47 76
11 65
66 61
32 9
27 25
41 63
22 37
50 29
20 32
76 31
20 31
48 8
29 32
6 98
48 12
21 51
71 31
74 76
43 73
69 33
42 62
77 67
2 2
23 66
17 88
25 83
81 82
54 89
2 13
26 93
3 96
1 67
90 99
82 64
31 38
80 28
34 20
44 56
39 88
100 39
9 75
34 48
58 2
56 33
86 75
32 86
49 8
49 95
96 37
35 85
60 95
76 83
22 9
62 46
31 49
44 75
59 92
97 75
64 28
47 76
27 68
96 45
35 83
9 42
100 33
97 21
99 93
50 34
52 34
47 44
8 29
58 27
71 26
46 2
40 96
75 83
37 81
3 24
81 37
21 9
46 81
68 22
70 78
64 75
82 6
90 83
39 48
97 86
12 57
29 28
31 65
9 6
19 67
3 31
97 23
61 84
45 50
2 83
72 36
8 73
17 59
71 28
4 61
18 12
84 26
63 32
22 22
41 12
3 25
80 61
88 48
73 5
71 91
93 5
59 91
88 71
60 13
99 60
72 39
26 11
60 66
99 6
18 81
54 62
31 96
30 8
52 67
69 12
47 5
51 83
48 29
70 5
72 37
82 60
9 33
95 67
86 8
55 57
87 37
30 94
4 83
38 62
28 64
34 79
82 94
78 43
57 74
42 72
53 69
54 95
46 50
96 4
69 21
61 45
93 94
40 22
8 41
61 96
27 66
51 8
43 35
39 95
62 80
22 52
25 87
83 29
57 13
19 8
44 24
65 78
89 80
29 17
75 78
45 40
40 85
28 73
19 95
41 8
12 32
67 63
83 74
2 97
53 25
21 90
13 74
31 16
78 42
89 36
54 58
56 26
33 75
3 31
14 12
81 12
64 94
44 21
80 75
42 21
47 23
21 42
17 38
48 61
78 21
93 8
79 42
59 93
80 25
28 32
40 18
19 82
49 60
11 12
19 72
57 32
10 32
62 5
69 27
73 27
28 57
59 71
89 69
13 86
53 3
16 65
67 23
26 36
60 26
59 61
63 82
94 80
26 71
26 73
56 36
56 26
49 95
59 78
80 48
16 49
22 32
26 70
27 56
60 48
100 47
33 19
68 33
95 72
13 43
37 73
92 30
45 81
41 10
26 100
33 19
79 89
26 53
48 15
64 41
84 87
63 62
3 34
78 7
97 82
61 85
54 61
73 52
31 43
31 54
52 9
2 7
18 39
41 27
76 46
44 12
50 55
100 38
10 18
13 17
23 93
34 76
57 57
21 92
77 56
72 59
76 28
51 33
66 18
50 82
29 63
84 21
34 34
54 99
11 10
56 41
53 55
32 37
65 62
23 26
83 36
49 2
35 77
86 79
29 16
35 73
62 54
74 41
74 70
12 86
42 62
50 86
91 20
30 47
1 12
53 65
60 77
71 80
45 75
72 26
100 91
13 55
24 52
92 1
43 82
47 92
35 12
40 74
39 79
77 15
50 33
54 97
80 20
11 57
27 13
67 65
51 55
24 59
53 39
94 81
66 26
46 59
7 30
72 91
35 61
86 96
38 84
88 64
80 69
14 31
63 88
26 45
6 57
42 87
98 94
75 74
39 40
47 20
1 82
51 100
43 32
57 22
21 55
97 24
77 55
61 22
99 35
97 32
72 82
54 81
25 48
66 20
97 42
46 34
37 100
54 27
46 8
72 3
4 7
20 45
11 27
64 18
23 22
47 25
76 17
37 57
34 54
20 28
51 24
98 58
3 74
1 75
28 64
71 73
33 85
85 31
89 59
16 61
87 84
83 30
32 10
28 1
56 75
60 50
10 30
63 68
14 85
82 24
38 31
79 47
99 94
17 61
77 75
15 37
25 90
4 39
69 60
50 4
33 5
31 72
85 62
13 100
64 65
66 99
45 35
31 83
20 22
96 61
25 63
91 4
75 66
63 27
66 58
79 25
94 82
59 63
26 54
30 22
6 54
77 46
57 60
55 1
40 14
80 64
47 37
83 32
93 61
57 27
44 30
33 42
80 13
11 67
68 18
4 35
92 27
60 60
100 6
67 80
84 27
28 8
80 89
88 87
85 51
89 66
84 84
34 67
98 60
96 3
11 40
33 90
49 5
38 9
75 12
98 62
64 41
78 12
92 34
69 98
48 46
47 86
35 5
77 67
90 31
71 42
54 12
29 44
45 59
43 91
6 29
54 8
51 58
22 96
38 93
91 31
70 51
38 61
7 42
41 57
74 30
86 83
93 97
33 76
24 24
20 40
70 55
7 33
27 18
90 82
60 74
27 1
99 4
39 78
88 24
81 72
23 24
3 60
24 86
16 3
76 43
1 82
83 25
63 9
28 55
88 74
67 43
19 67
39 56
49 42
40 10
51 87
74 9
8 100
52 75
87 4
20 15
70 30
13 26
73 81
38 86
8 48
41 8
28 71
60 54
15 56
66 43
98 14
80 66
52 19
78 87
41 29
93 100
21 89
65 66
87 2
16 1
51 56
32 24
15 5
49 34
30 44
35 4
21 80
78 91
71 91
30 33
88 84
18 95
50 76
69 10
39 67
91 86
91 71
53 34
78 99
50 61
19 1
69 75
29 73
87 11
100 51
55 5
99 36
33 53
88 69
10 54
7 94
98 95
61 88
97 12
30 34
91 83
66 98
43 31
83 54
43 42
15 91
27 7
83 19
86 18
19 5
30 50
5 7
6 97
54 72
85 44
65 18
48 93
82 46
23 38
57 95
58 51
50 19
77 8
79 64
35 66
99 68
62 87
2 17
51 17
85 74
97 20
36 1
41 3
97 35
3 52
94 25
55 14
14 72
15 63
25 6
15 43
27 48
63 48
82 32
11 93
28 84
52 29
34 47
64 76
93 38
62 49
1 52
29 41
63 13
33 87
90 87
65 2
73 17
5 97
36 72
26 16
19 83
7 41
75 45
65 70
63 70
100 48
55 11
24 100
35 89
57 57
99 67
78 44
47 70
67 9
62 66
37 26
42 42
85 70
89 7
57 4
48 32
78 48
83 92
37 10
97 58
67 30
72 20
41 59
7 92
97 49
89 65
2 14
2 85
71 56
82 83
25 41
65 71
34 92
57 54
50 83
79 56
1 4
38 66
68 29
8 26
27 86
65 13
57 1
67 61
5 89
9 39
76 54
92 31
31 8
16 18
59 25
80 80
25 39
66 82
37 25
51 29
63 45
14 3
77 70
9 97
40 28
97 42
31 83
43 31
57 71
38 63
22 70
2 32
16 85
66 55
30 79
81 33
26 12
42 65
67 96
13 26
51 100
93 29
83 65
89 9
95 73
41 26
29 45
73 48
88 16
31 76
43 87
44 92
65 33
88 92
33 62
62 63
4 34
5 44
29 48
65 88
5 28
38 52
53 75
2 74
6 78
61 94
71 5
28 71
11 45
97 49
57 21
97 48
14 59
30 9
26 30
14 58
93 6
71 53
19 39
62 58
35 12
49 80
54 36
61 99
14 32
11 65
97 14
9 98
5 75
84 92
24 85
39 7
41 64
87 97
48 11
72 85
22 1
47 9
18 65
93 99
30 55
7 42
86 8
10 22
68 51
83 50
79 51
35 91
88 15
94 73
48 71
52 87
12 99
85 28
12 40
9 73
26 45
36 37
64 26
51 10
67 91
40 59
56 92
1 90
9 26
20 60
94 40
89 88
14 74
68 8
91 80
93 34
58 60
23 96
6 53
35 1
45 4
8 58
71 5
99 97
11 44
18 41
14 35
83 91
69 23
47 74
70 94
72 46
68 38
93 34
73 79
38 59
51 82
10 10
70 75
87 69
96 98
39 56
15 9
27 26
82 21
2 80
26 77
99 23
44 26
90 26
77 51
30 99
28 79
75 34
37 76
16 38
43 75
19 76
63 56
48 75
64 96
45 34
52 28
51 58
57 71
90 40
94 30
73 61
13 54
45 70
39 40
42 90
49 35
12 46
1 5
36 17
86 78
25 30
89 6
13 99
94 73
4 45
99 99
100 95
49 81
49 74
9 40
14 5
28 94
69 70
3 90
87 9
5 5
7 36
45 48
67 38
53 61
70 83
77 33
1 16
80 41
30 63
84 48
63 29
24 83
47 88
59 82
97 82
66 91
41 74
19 11
47 81
57 45
1 77
80 87
74 17
43 11
27 52
55 22
62 85
18 96
5 16
17 36
34 52
65 87
43 60
86 40
52 48
4 37
38 39
56 38
78 79
61 27
50 68
45 100
44 92
58 76
84 47
48 13
30 18
82 62
71 47
3 57
33 43
29 95
56 31
98 53
20 10
65 92
16 57
45 32
23 100
38 27
67 86
37 45
19 46
95 15
5 37
76 73
99 37
8 21
38 26
11 52
46 67
40 19
10 95
43 59
5 42
12 92
65 49
17 38
79 30
98 47
78 62
30 32
24 37
86 37
85 88
37 99
18 16
12 10
2 83
21 80
10 49
11 14
65 14
12 54
36 67
63 86
53 41
79 14
72 92
73 93
32 50
22 71
48 80
13 99
35 90
100 1
14 59
13 25
100 66
14 61
95 22
78 30
21 47
34 65
44 49
83 83
29 95
89 6
25 56
16 41
95 45
62 54
36 13
16 10
23 10
71 12
81 54
85 53
28 53
37 15
100 16
45 63
27 85
53 94
67 92
61 81
51 13
29 97
93 41
100 42
4 7
64 3
57 33
17 45
13 32
81 10
20 40
97 30
77 36
9 61
26 96
64 42
8 90
63 97
51 40
68 39
3 68
38 58
1 50
89 14
94 60
42 72
46 19
49 86
4 73
90 63
15 84
22 97
12 22
23 76
90 34
51 24
5 12
67 71
20 70
93 85
86 17
77 46
11 13
82 100
24 85
29 92
52 41
2 10
76 24
31 66
13 80
22 67
46 83
85 22
60 67
33 79
94 43
51 99
96 12
33 97
63 14
80 80
19 70
43 45
47 29
94 94
85 18
43 38
78 66
81 36
56 36
2 83
89 13
73 80
96 29
84 19
66 56
34 45
47 7
20 96
9 13
4 38
84 38
78 62
62 19
76 28
59 12
24 71
58 33
99 1
85 8
13 94
51 80
51 18
29 26
55 30
80 72
22 100
5 33
77 8
5 41
63 1
32 92
59 48
24 33
78 79
9 94
22 5
50 7
89 32
10 68
14 73
36 9
50 53
15 3
40 26
28 34
79 92
50 22
92 41
87 53
53 41
77 50
60 96
23 12
42 37
13 41
51 96
7 14
55 69
16 73
15 63
2 92
84 85
81 29
18 3
5 31
72 6
81 88
12 31
71 99
31 58
44 77
73 65
80 73
32 38
99 8
6 84
48 61
87 68
63 98
63 48
33 46
38 8
77 21
49 12
98 86
64 30
60 25
47 89
21 45
29 37
44 79
17 90
35 78
59 37
36 99
16 91
4 22
69 50
34 13
55 19
40 52
96 78
4 55
83 28
38 31
27 40
44 99
82 8
38 49
23 99
13 77
43 23
87 6
48 22
14 81
85 69
8 86
57 8
83 13
70 50
85 63
74 48
30 79
62 25
93 88
45 97
32 72
33 22
75 1
62 90
56 45
25 27
35 51
57 5
57 29
15 1
29 95
80 59
29 93
25 100
44 93
43 37
2 38
17 83
27 89
71 14
70 3
18 84
80 9
56 3
39 39
24 71
72 7
16 78
93 16
72 40
92 12
65 64
42 22
77 28
96 60
96 35
28 55
5 73
9 53
92 58
1 12
8 89
10 27
10 48
40 11
80 21
25 27
17 68
6 94
86 38
14 57
13 84
60 79
23 5
6 95
50 84
78 81
26 4
95 70
38 66
85 13
45 41
19 90
8 39
88 14
47 89
55 76
63 88
39 16
14 76
94 53
18 89
62 2
73 78
38 42
71 73
31 61
90 82
61 1
10 15
19 40
43 84
10 18
77 36
68 25
32 35
11 36
34 52
78 77
57 32
59 27
96 96
63 55
81 55
62 8
86 79
50 15
97 53
93 42
73 5
54 33
21 48
9 75
3 98
27 19
59 11
16 2
93 86
37 40
32 79
12 71
29 78
1 57
16 82
13 53
62 66
35 98
60 77
99 82
80 29
23 98
61 90
92 96
54 92
7 32
53 23
78 96
51 30
43 2
71 14
2 4
38 71
28 86
46 10
16 8
49 36
73 11
96 94
94 14
44 40
28 38
97 97
75 20
52 91
11 95
5 15
9 11
19 86
7 6
5 30
24 18
21 21
90 63
45 44
52 89
23 96
65 95
36 68
25 11
26 39
75 74
70 36
70 51
31 33
3 56
88 15
97 94
17 33
21 47
14 99
64 56
78 54
5 69
96 10
15 9
57 87
68 73
29 98
92 31
66 97
58 87
18 100
21 28
87 38
79 4
85 86
18 48
46 87
72 14
26 4
79 81
51 4
38 68
54 9
47 73
8 49
36 28
16 52
99 63
75 37
60 94
96 72
80 16
59 97
37 57
81 34
75 24
18 22
94 94
54 75
47 36
24 31
57 6
51 93
8 46
65 49
10 70
88 41
88 71
85 27
84 3
57 16
33 1
37 90
10 36
80 23
7 1
12 78
43 64
100 67
14 89
14 30
58 81
83 29
94 30
19 71
59 84
94 54
53 68
18 10
73 51
26 88
30 17
56 53
94 10
71 37
39 17
62 40
24 61
23 2
95 14
81 1
15 32
40 73
21 40
40 72
16 11
31 59
27 80
21 40
45 93
87 49
56 6
46 66
30 66
35 43
89 35
5 98
97 20
5 97
53 11
31 55
36 33
6 96
61 30
49 71
52 73
82 47
22 37
74 53
51 42
85 89
67 39
15 99
63 66
75 69
60 54
4 22
5 7
64 32
88 90
37 55
97 50
75 76
100 96
59 66
64 79
41 64
44 20
57 39
41 34
25 33
72 94
16 4
15 10
16 82
10 8
5 44
21 51
15 42
93 47
12 13
45 61
17 98
98 91
24 87
38 1
33 91
74 54
59 70
77 81
98 36
27 8
45 80
10 69
63 96
26 98
13 29
43 9
55 9
71 93
64 12
45 33
45 88
73 47
51 25
45 85
44 16
97 100
100 23
62 15
30 82
3 51
25 30
74 8
24 25
64 78
13 36
92 18
79 67
69 65
10 16
95 76
72 39
59 77
99 76
67 29
56 65
53 56
9 6
66 64
19 87
30 80
2 72
51 67
30 19
50 90
25 24
39 68
52 52
88 74
69 79
44 17
62 47
77 18
97 7
35 38
78 79
3 81
90 17
76 40
41 25
84 91
8 36
37 77
72 99
34 43
53 27
41 53
88 55
9 16
57 81
12 3
96 64
38 30
90 78
3 15
93 7
67 68
11 35
23 25
84 23
47 89
23 45
13 5
2 52
12 39
35 29
71 48
37 68
100 52
68 28
87 100
42 46
70 91
88 57
74 29
99 41
40 41
87 36
25 78
94 67
64 60
67 28
95 65
56 17
52 52
65 22
11 73
47 59
76 9
1 92
38 65
1 12
100 51
12 55
30 98
30 19
89 63
36 20
68 5
40 23
75 92
7 50
14 67
14 69
33 49
50 24
75 80
57 38
30 98
65 97
64 52
60 26
42 72
67 86
86 20
88 12
69 68
73 33
88 53
92 44
82 31
76 3
15 57
84 70
18 83
31 36
35 10
54 92
58 93
47 64
24 80
11 60
67 9
35 96
57 1
20 3
88 38
66 37
45 81
23 84
19 35
8 49
77 92
68 38
10 85
50 6
6 93
51 30
60 35
2 45
25 15
4 89
47 80
63 54
45 64
5 47
62 45
51 64
73 99
86 66
6 36
7 9
83 32
48 32
3 49
95 100
83 47
60 95
83 90
80 86
65 25
21 94
32 52
83 87
91 39
23 63
35 76
71 78
13 65
93 61
24 88
7 31
95 24
14 59
84 53
90 11
53 37
54 63
59 81
60 94
48 93
32 39
9 71
48 7
26 66
50 30
56 74
26 67
37 83
48 38
27 51
40 9
32 61
2 71
11 63
3 58
55 50
27 79
93 26
78 66
8 41
77 49
24 94
38 57
36 87
36 12
90 73
88 64
100 85
7 7
96 72
83 92
51 23
9 100
13 17
51 18
54 36
25 52
5 98
27 30
67 94
27 3
85 44
99 63
50 44
88 29
33 51
43 100
27 98
61 70
17 60
73 98
44 98
72 34
38 10
16 26
9 53
82 35
85 69
88 77
58 21
92 7
48 37
64 9
39 43
57 86
49 91
94 83
6 96
71 59
51 75
46 99
33 2
75 92
22 96
58 55
11 83
39 17
16 68
20 37
11 39
61 16
86 100
22 53
2 59
4 21
10 64
71 18
17 3
92 1
4 45
80 28
44 43
54 33
70 69
36 38
12 34
48 79
82 25
29 70
95 94
30 52
35 9
29 24
48 80
3 27
74 45
98 49
73 5
49 4
57 78
30 17
45 11
69 76
23 3
33 18
12 39
98 20
14 29
87 46
69 72
29 33
100 2
52 94
44 39
91 46
30 75
65 31
77 35
45 53
43 67
97 36
97 39
19 27
98 59
43 53
23 47
68 39
93 67
59 79
72 26
64 93
12 95
53 66
34 66
62 64
48 15
21 35
22 40
69 64
67 78
75 13
55 39
38 74
48 29
25 19
48 52
38 46
61 83
100 82
7 7
96 28
65 81
44 89
1 6
16 85
19 38
100 59
76 78
63 100
71 60
79 97
1 9
56 69
91 46
82 3
71 96
44 73
39 69
79 18
13 13
12 55
32 95
56 4
15 56
36 21
34 53
10 7
23 55
10 80
51 67
24 17
55 3
3 30
86 61
12 73
38 72
12 11
27 39
54 92
12 53
39 19
89 25
15 6
40 75
72 93
46 35
61 26
94 37
4 79
16 14
90 16
56 100
80 18
93 96
64 38
69 51
7 8
36 39
70 1
13 88
64 58
80 86
52 95
91 77
96 3
28 36
19 30
18 4
86 92
77 72
64 78
82 57
39 59
86 41
46 12
6 89
44 3
3 71
86 9
21 6
92 51
38 100
44 100
38 24
37 81
45 96
42 49
98 27
52 74
71 8
60 7
46 38
47 56
69 72
11 29
5 27
99 92
9 35
47 78
73 27
24 27
34 16
33 90
49 27
83 23
2 68
92 70
49 40
43 25
77 59
5 99
1 79
93 50
19 94
11 5
31 69
91 92
2 90
44 9
34 69
8 98
48 25
16 35
83 93
5 90
95 15
86 1
96 87
25 19
82 62
3 44
38 95
69 39
43 11
59 7
88 74
60 17
14 95
29 53
27 69
76 8
3 36
25 41
5 5
99 22
3 11
82 36
22 62
47 42
43 45
63 42
28 92
10 94
100 78
86 39
27 72
54 4
37 38
19 52
74 39
28 60
97 25
13 43
49 2
43 64
2 43
80 11
63 85
3 43
25 14
35 60
83 3
13 98
20 76
73 18
13 96
72 65
43 18
61 92
6 22
66 17
8 58
6 73
17 60
59 96
100 90
85 81
12 98
66 85
96 6
100 98
34 28
60 98
93 72
60 9
41 66
3 79
19 30
21 43
33 61
33 47
75 37
100 58
94 8
51 24
44 46
27 50
93 56
27 26
42 75
28 25
34 39
61 75
63 13
49 90
22 62
63 9
71 63
11 87
93 9
3 26
77 10
72 18
8 28
41 34
90 16
90 82
31 4
22 63
71 30
36 94
55 11
18 68
99 38
2 87
56 62
14 76
3 21
11 28
98 77
29 82
95 68
80 47
61 27
55 93
71 98
41 41
55 58
72 97
30 64
14 38
49 20
42 17
3 35
87 6
69 36
32 14
13 98
49 81
20 95
100 49
57 9
8 78
29 86
47 41
9 65
25 43
75 98
39 58
71 83
33 61
39 42
62 75
26 35
85 48
29 60
25 13
90 77
10 67
40 90
72 83
78 63
29 37
19 3
60 38
41 43
94 9
75 25
89 75
88 66
99 89
2 52
62 63
8 2
79 12
71 72
69 84
88 25
34 72
73 13
24 54
41 20
24 19
27 27
9 28
7 19
25 81
32 78
57 69
10 38
58 97
46 3
48 56
31 68
23 78
19 9
44 90
79 84
34 95
54 3
100 30
85 75
74 43
24 46
36 17
70 90
18 10
73 78
14 22
7 95
21 71
30 74
91 31
66 22
16 71
71 89
22 52
8 23
73 45
75 9
27 67
72 26
21 36
87 55
5 33
71 66
73 95
30 82
74 38
32 26
49 20
21 99
80 34
13 69
67 13
86 30
69 44
54 11
23 21
78 52
9 39
67 5
66 38
69 72
91 34
51 7
66 91
65 96
67 76
40 73
15 33
5 5
81 24
68 29
97 71
70 83
16 49
50 56
65 50
40 66
13 2
25 90
55 64
27 56
97 75
57 15
98 21
48 88
45 60
20 35
62 100
35 35
36 77
22 83
37 26
83 81
45 64
4 61
40 19
22 25
29 28
32 23
56 5
1 76
100 16
64 83
49 69
80 30
22 93
91 88
98 56
48 34
20 38
74 4
24 16
45 75
48 100
100 92
92 63
14 38
53 58
41 18
77 27
38 95
82 39
11 47
8 34
96 93
78 49
11 50
97 27
11 27
41 95
69 89
96 68
35 44
29 6
89 80
75 71
58 38
12 75
79 99
83 67
9 44
30 50
74 44
86 6
44 77
3 59
93 37
30 100
21 46
37 68
90 95
85 89
75 58
35 33
74 76
61 55
22 96
76 97
29 47
54 33
72 35
17 15
49 92
78 72
88 69
81 13
31 2
61 63
4 86
42 18
61 8
35 18
99 48
56 91
29 20
83 52
52 62
79 1
6 83
38 30
37 64
21 20
91 23
99 33
29 31
80 34
86 47
19 31
23 87
67 6
78 41
33 72
26 30
92 47
29 65
27 100
70 72
1 27
95 74
79 4
65 96
22 65
77 84
17 73
81 16
70 70
63 85
43 65
49 45
94 24
95 37
35 14
93 73
27 72
1 54
45 21
15 54
30 89
84 73
12 73
27 40
66 57
28 32
39 70
82 41
70 40
65 6
85 18
40 99
55 6
57 46
4 92
89 37
33 93
30 47
11 16
43 66
96 71
15 76
92 5
37 88
100 26
47 29
70 1
89 20
92 69
22 84
1 72
25 41
75 28
20 79
98 77
29 65
69 50
45 75
85 28
34 40
51 62
78 53
39 1
58 55
18 42
46 34
85 91
56 68
24 1
13 58
7 62
86 24
57 78
46 15
8 42
46 77
84 65
81 83
13 30
58 64
9 92
34 84
3 55
21 14
80 37
4 79
80 74
46 23
8 68
90 28
99 1
9 90
23 50
45 54
79 30
16 7
69 40
76 94
9 97
35 59
20 36
98 95
9 85
39 25
95 44
26 95
56 56
40 54
89 8
48 62
14 93
50 12
42 69
57 78
57 7
84 60
77 66
76 89
3 10
65 53
93 28
1 77
26 38
86 79
2 38
48 89
85 6
68 58
50 34
75 49
84 14
82 64
8 32
81 41
61 94
99 10
8 82
75 13
98 90
74 89
88 53
37 94
80 34
26 7
69 85
1 83
49 99
72 8
85 66
27 94
95 43
38 45
72 39
73 66
56 24
52 72
12 2
57 73
48 71
86 91
52 54
97 47
37 4
41 97
53 75
53 35
15 48
76 55
81 52
82 54
23 22
53 60
50 70
83 91
12 32
38 95
12 40
38 67
53 38
97 8
75 70
93 67
67 37
89 80
70 72
39 20
11 58
34 4
81 96
92 56
79 73
15 100
26 47
39 5
45 19
42 88
16 64
46 73
43 58
89 55
11 98
82 93
22 90
25 12
65 48
42 6
72 12
91 84
64 3
17 32
29 21
99 15
65 47
17 32
1 58
91 10
57 45
31 57
50 36
14 28
38 21
28 30
93 10
82 76
97 64
25 12
13 95
60 40
55 35
92 67
37 37
36 32
38 86
31 94
37 8
44 22
89 95
51 23
97 50
79 41
18 32
43 56
32 58
43 74
9 47
14 68
59 43
69 48
19 9
89 24
9 74
61 100
43 9
65 29
16 86
20 42
26 77
82 99
41 18
100 85
4 100
98 16
69 33
87 4
54 1
61 88
98 47
98 46
45 53
56 83
1 87
84 40
34 67
71 78
48 34
54 42
14 56
26 99
53 98
14 12
1 25
48 38
19 18
48 5
6 100
83 96
73 56
42 64
25 83
87 43
14 69
21 79
79 46
49 28
30 2
77 71
48 45
81 56
42 41
27 46
57 26
24 5
28 76
78 5
77 24
96 36
15 85
86 3
52 98
18 2
34 98
99 7
76 6
9 19
99 85
57 29
90 2
8 89
68 87
66 63
83 54
34 59
51 68
23 58
94 14
69 48
9 53
94 76
37 79
54 49
69 12
28 12
88 4
82 4
68 32
70 66
68 87
97 51
84 60
51 11
73 44
53 80
9 44
17 74
33 22
43 64
66 83
4 78
2 93
82 100
44 26
99 41
20 77
76 39
33 79
51 54
44 95
23 9
70 27
71 100
79 35
22 61
24 4
85 32
8 60
68 4
86 78
98 49
7 72
32 55
73 54
68 92
45 66
73 35
90 19
70 29
44 94
69 94
23 81
87 41
68 75
81 92
76 93
44 33
67 84
45 62
24 96
82 25
84 15
25 4
6 24
66 16
80 39
28 95
67 62
70 68
60 75
23 60
68 23
95 61
90 76
37 16
4 5
62 10
23 41
19 10
69 47
73 11
75 71
27 42
61 21
31 10
61 91
46 55
85 8
64 64
78 65
41 39
47 26
81 6
32 17
9 5
6 33
21 66
50 57
10 21
88 16
74 54
90 65
84 38
15 76
77 15
83 46
14 30
97 48
18 76
77 59
88 82
19 79
10 18
21 2
76 30
79 18
29 14
40 69
66 80
67 55
61 63
62 52
37 11
48 46
26 72
56 3
96 4
93 8
36 1
92 55
79 74
36 43
56 24
27 16
60 1
38 9
29 54
99 82
32 59
74 12
57 15
28 66
89 23
74 23
83 71
2 38
58 94
3 99
40 80
92 20
45 49
98 18
9 18
86 73
73 74
14 59
54 69
73 51
87 13
69 12
15 45
29 63
32 35
31 60
4 38
10 22
53 32
16 36
49 54
93 2
35 18
84 7
72 37
46 91
67 87
8 26
72 26
23 22
11 84
72 15
47 27
73 13
58 56
14 36
35 7
82 12
73 25
86 50
65 54
18 32
41 16
80 10
56 80
57 72
18 53
49 40
34 49
53 14
83 72
46 100
48 50
13 69
54 6
90 38
6 96
23 80
97 41
5 66
90 33
79 57
78 48
71 61
79 12
14 95
6 90
75 64
32 44
57 92
47 83
69 35
67 22
55 74
12 96
67 53
10 62
37 3
52 99
92 78
57 94
67 72
32 88
11 12
89 68
67 42
83 26
39 76
98 74
10 43
33 94
61 18
6 99
43 79
46 68
7 59
28 55
1 44
43 72
18 37
64 4
42 70
52 74
22 30
55 79
4 11
78 92
8 63
95 37
79 65
78 76
13 68
77 31
2 10
75 69
11 19
56 36
60 28
100 15
72 74
89 40
57 76
19 33
85 90
19 87
44 32
29 38
15 87
9 33
61 46
89 49
1 5
75 88
100 85
2 39
21 28
35 84
84 2
65 23
62 47
67 30
71 13
55 100
58 26
17 93
38 96
44 44
12 5
69 38
24 72
52 100
12 75
51 42
38 49
24 75
87 6
59 91
95 82
70 71
83 39
61 63
96 50
38 88
69 70
67 73
4 13
42 58
81 38
17 31
72 3
74 7
72 25
36 4
99 98
87 92
11 77
73 25
51 47
10 100
86 27
33 46
86 31
80 41
86 95
47 47
81 24
24 1
1 80
96 88
77 9
4 68
9 27
6 64
50 89
54 4
5 31
78 8
76 36
59 35
94 32
93 22
7 50
48 4
78 83
77 8
44 84
47 55
34 87
66 96
59 63
14 24
43 89
19 17
38 78
22 91
50 89
39 59
40 29
96 30
11 90
46 77
52 42
34 48
7 56
56 74
30 29
17 55
87 22
32 66
64 73
47 82
100 61
44 87
93 77
29 8
31 94
36 34
59 32
22 68
51 38
59 40
44 39
48 51
21 49
25 22
79 49
95 57
82 84
93 21
70 89
56 30
12 88
20 67
50 63
62 78
77 20
1 95
80 48
65 97
38 1
100 21
85 71
84 32
95 17
4 79
76 34
7 5
8 12
79 20
57 79
30 42
43 34
84 7
71 59
49 32
52 34
87 59
25 21
10 16
64 82
90 11
98 66
13 96
37 39
31 88
84 4
16 78
20 43
17 98
46 23
63 41
46 61
31 68
41 40
39 91
25 61
97 73
40 76
93 30
13 18
72 8
95 81
57 5
45 48
12 85
52 8
2 95
75 46
68 93
60 44
75 42
100 46
97 50
45 26
88 27
7 61
28 1
59 70
67 52
48 78
17 86
100 83
99 39
59 26
28 29
15 66
30 75
85 39
29 29
44 74
29 27
100 58
34 29
19 91
84 86
18 90
65 31
91 62
19 33
55 82
27 73
63 25
41 93
77 13
62 80
5 55
46 62
78 59
4 91
38 46
23 30
82 65
44 3
77 30
79 49
99 61
1 84
88 52
52 51
65 94
86 6
79 73
16 33
33 24
36 4
19 91
79 31
35 58
85 25
51 21
24 14
2 12
20 59
82 21
51 32
37 29
84 53
10 63
78 89
53 69
31 52
28 30
58 58
81 16
21 100
44 96
25 94
76 7
25 19
34 41
86 17
5 53
28 20
83 6
98 97
4 65
80 29
38 5
7 77
5 15
80 40
81 16
12 47
45 92
79 10
65 2
77 61
78 20
32 84
34 71
18 94
40 58
9 20
16 62
6 52
5 64
9 100
44 71
4 51
40 82
16 32
21 2
7 92
25 74
62 88
95 12
60 1
60 83
25 77
83 82
22 38
32 31
38 34
66 100
78 10
11 8
93 16
74 84
91 38
86 69
20 58
77 59
89 8
46 98
83 80
25 18
40 36
67 33
10 91
78 46
91 49
49 36
76 31
65 98
8 66
33 95
79 82
80 24
8 17
50 26
21 54
57 68
10 61
17 1
25 79
75 87
67 57
1 52
27 16
18 8
39 45
14 78
64 85
59 51
1 57
60 30
86 23
28 89
91 45
53 59
8 60
57 75
6 49
70 68
57 46
24 33
47 62
50 24
82 37
97 69
51 37
78 49
15 81
11 16
86 56
66 89
100 41
86 64
29 87
92 31
73 95
11 54
86 3
70 46
70 81
86 71
95 12
19 20
59 62
98 45
18 71
2 67
97 52
28 91
25 15
28 35
61 90
9 44
24 49
56 78
24 66
2 92
48 43
24 75
54 53
10 90
37 5
13 46
23 31
14 69
19 52
53 33
54 21
75 80
42 73
88 59
37 33
68 83
14 73
60 92
23 77
22 88
70 34
69 32
82 66
8 23
58 83
90 46
1 77
85 53
28 92
91 83
55 70
13 12
75 53
81 39
94 21
73 86
33 74
5 99
33 57
67 65
14 42
64 74
41 33
36 78
89 15
57 45
40 13
71 75
30 96
22 87
5 70
16 37
67 29
91 7
49 66
2 38
10 50
87 43
72 20
20 100
27 57
59 25
94 5
72 74
17 74
91 95
30 93
74 7
67 4
13 76
8 99
71 52
2 10
65 44
69 44
82 50
78 94
64 9
79 18
58 72
13 61
6 10
68 76
54 9
28 3
79 25
17 5
40 82
97 95
47 80
38 96
64 81
3 94
90 94
35 43
100 65
58 51
42 66
81 63
40 4
54 31
82 85
45 52
70 36
97 49
21 72
50 66
50 8
71 95
71 100
41 99
62 2
19 23
94 55
84 35
48 17
24 89
37 43
6 79
69 95
95 76
44 47
24 25
94 39
33 18
38 70
86 48
55 77
74 45
23 74
63 20
73 85
22 65
88 65
21 56
1 55
21 14
40 83
90 85
88 17
44 10
8 89
83 81
94 62
50 31
47 24
79 23
20 7
65 17
82 66
17 75
41 57
69 30
88 42
2 47
68 63
55 20
1 44
84 17
40 21
50 33
9 28
24 5
74 36
52 70
84 19
87 79
38 100
27 45
11 16
9 39
56 37
27 93
58 58
70 67
86 3
54 96
77 87
25 94
71 97
28 64
31 7
97 54
81 7
75 63
53 86
22 34
85 53
83 68
73 64
6 48
3 13
67 23
12 6
93 37
56 82
43 95
99 28
48 98
35 33
64 73
69 94
4 48
58 92
77 12
41 58
13 37
97 5
10 47
32 71
53 33
24 65
27 90
79 66
55 75
39 66
33 44
91 16
11 22
28 11
90 67
86 55
85 84
89 18
21 46
81 89
5 9
5 33
11 97
78 53
66 29
33 58
76 67
99 16
35 31
5 78
75 39
13 24
14 69
80 16
71 12
22 1
31 33
20 16
69 56
66 13
4 86
53 28
52 85
21 78
99 13
67 69
75 29
86 16
56 19
90 86
68 28
41 6
75 88
17 94
14 75
1 77
97 99
69 58
47 27
89 63
48 93
48 67
25 12
5 74
31 75
25 22
57 1
23 8
19 67
60 8
6 59
14 89
52 70
19 62
27 26
17 3
85 90
41 95
21 59
25 45
53 79
58 71
84 45
44 21
82 43
98 21
61 70
23 90
90 16
41 72
94 87
93 43
75 91
77 93
85 54
40 6
86 17
82 47
28 79
41 90
6 62
15 37
52 23
36 17
75 49
94 57
92 53
90 29
22 47
50 72
21 93
49 45
20 24
58 76
30 25
49 4
27 59
30 24
8 90
6 65
55 23
77 89
85 15
11 80
20 70
34 82
69 50
54 59
58 10
74 54
58 80
51 25
47 4
8 6
54 32
36 41
64 96
79 5
25 87
89 93
8 96
55 99
77 12
23 39
75 94
49 36
1 5
36 18
23 76
60 54
5 52
23 45
19 56
100 11
18 1
39 22
2 64
52 15
5 85
17 32
21 41
20 31
77 88
74 65
10 78
59 39
41 77
43 53
50 55
87 56
81 74
48 12
26 60
65 88
73 100
15 58
16 26
61 26
82 87
41 31
97 5
29 96
20 26
50 85
12 52
40 31
29 91
100 83
48 48
39 44
51 21
34 20
33 25
70 17
13 34
87 70
76 75
25 57
24 29
11 47
99 78
33 62
91 56
48 36
83 80
91 9
79 82
52 80
21 38
78 4
99 64
39 32
38 64
20 43
63 49
40 2
36 28
100 59
82 47
55 4
63 19
85 49
99 36
99 59
14 82
28 23
14 66
67 18
75 15
22 40
39 86
89 30
18 92
16 6
73 40
24 18
17 87
1 20
83 12
59 29
93 31
78 64
29 13
84 16
45 76
36 87
66 49
19 91
62 38
24 61
47 55
65 19
65 47
40 4
52 7
64 7
47 3
38 40
8 22
39 44
11 20
14 14
6 86
70 57
52 52
47 31
65 16
57 37
35 68
99 97
71 67
48 66
91 84
8 58
88 91
96 94
45 72
54 51
62 71
87 88
66 2
87 11
16 90
71 17
20 28
46 20
82 24
65 38
31 1
5 3
88 92
28 72
57 62
8 9
18 45
81 40
15 36
39 38
36 5
7 12
79 11
16 24
3 45
75 25
97 74
46 31
52 56
83 50
2 69
48 61
46 33
83 7
93 36
48 70
57 4
40 34
4 61
49 33
50 82
87 25
32 88
69 47
14 26
2 43
45 89
17 30
72 63
92 75
41 97
5 54
89 70
80 77
50 24
95 15
74 80
53 9
28 22
64 60
62 66
48 39
55 55
95 10
80 46
4 43
53 45
98 54
20 43
53 98
24 63
68 58
95 69
67 46
93 75
69 54
45 69
100 93
77 43
48 100
76 33
81 75
36 72
39 74
43 92
75 29
55 59
48 74
24 63
92 83
75 78
89 28
86 51
24 8
23 93
68 32
82 35
25 56
59 19
39 13
22 7
52 46
90 39
50 89
8 7
76 45
23 57
10 49
81 3
24 84
76 73
41 3
94 23
59 73
4 88
57 35
100 46
77 99
48 5
53 86
63 7
14 97
32 29
27 70
99 37
77 66
77 43
49 57
34 98
97 34
19 22
45 62
2 78
38 19
36 40
100 12
7 18
100 76
59 65
54 57
96 77
91 20
44 48
66 81
78 82
45 14
68 88
2 55
6 83
26 55
12 61
26 54
42 66
98 13
80 33
87 41
66 40
38 84
77 23
39 29
10 61
19 16
45 23
86 45
51 81
45 37
94 42
42 38
62 50
13 36
73 2
78 19
61 14
58 79
30 72
45 12
57 79
88 43
18 97
62 43
6 63
68 37
94 40
47 41
66 61
64 7
19 19
74 47
67 4
50 70
14 39
35 94
3 56
36 73
25 39
96 85
80 69
92 97
50 21
20 24
89 39
31 31
58 74
56 91
98 26
12 76
10 43
97 32
73 21
90 71
83 76
59 84
17 81
80 9
35 16
91 88
32 95
38 34
19 67
63 99
68 35
74 4
85 76
56 75
86 51
70 30
87 92
61 4
98 17
2 6
74 29
44 48
52 68
89 62
62 75
91 80
50 82
32 7
96 44
49 92
47 58
77 11
90 12
8 35
9 53
95 99
79 34
29 5
10 64
14 72
26 13
51 89
74 71
94 39
30 58
90 8
36 50
11 67
92 19
67 94
20 76
36 69
22 21
90 68
17 94
43 16
72 14
5 3
5 61
39 28
8 27
75 18
85 36
57 28
27 58
18 97
59 91
15 61
8 76
78 56
60 7
52 11
2 92
34 85
14 96
23 59
78 98
30 12
52 88
28 66
11 81
89 77
49 40
24 4
24 31
77 63
14 63
28 99
87 78
13 78
3 25
56 88
91 52
25 63
77 80
68 24
82 34
47 56
51 33
25 72
97 57
52 23
2 89
40 24
43 64
43 52
21 75
60 71
13 50
78 6
57 28
34 91
46 34
33 39
84 11
4 65
45 92
24 8
9 57
85 99
65 63
8 72
87 84
56 81
8 50
13 26
23 25
43 7
1 35
29 91
6 81
74 46
97 24
6 47
66 27
75 4
57 92
60 25
75 26
66 98
63 90
82 16
40 24
18 56
16 3
84 45
97 51
80 2
30 11
92 75
80 41
7 34
59 1
73 76
63 79
1 34
75 44
41 84
22 31
87 80
32 97
20 60
33 31
10 98
66 14
44 87
39 76
94 36
98 22
74 100
87 15
99 69
35 70
90 33
8 15
44 25
7 75
31 59
67 85
31 53
76 77
1 93
67 33
44 8
39 85
57 93
51 73
94 93
11 37
65 52
10 17
3 12
92 55
84 6
21 99
18 22
51 95
24 48
24 64
31 2
58 95
64 58
4 52
77 83
73 38
7 32
90 46
32 39
72 60
98 87
22 89
80 41
27 60
93 13
69 17
78 7
39 17
80 46
78 14
50 3
39 51
47 50
92 63
37 68
74 7
1 37
1 93
85 77
36 11
80 36
91 80
74 70
63 58
42 26
41 81
86 48
27 88
7 39
8 26
66 55
68 79
50 55
39 16
64 36
36 49
79 56
90 58
87 22
16 79
75 75
55 83
39 63
47 14
8 23
49 47
2 49
57 83
52 4
66 40
44 16
75 80
84 24
64 19
20 75
91 10
50 52
46 92
76 97
19 79
44 57
64 48
21 10
50 6
19 7
71 47
17 34
66 52
17 76
52 79
87 79
74 59
70 31
60 5
58 40
98 15
11 8
18 25
86 78
78 39
88 11
67 95
8 13
55 55
34 86
11 35
8 69
2 86
94 65
48 36
70 100
96 1
52 62
17 11
85 17
8 25
81 74
30 58
20 3
51 67
95 14
5 40
38 24
99 65
29 30
1 49
9 56
28 74
56 76
78 75
66 73
56 42
31 95
24 55
3 98
79 28
28 29
80 83
28 87
5 52
97 79
43 93
6 91
79 43
45 83
93 17
45 26
72 72
82 56
91 2
49 48
51 71
86 99
22 50
35 43
89 71
88 21
97 66
55 22
29 22
81 71
6 5
26 22
91 26
65 82
87 25
47 33
45 16
13 14
86 82
29 43
42 74
13 97
31 11
48 39
84 24
91 26
100 5
68 10
38 56
62 95
23 39
63 100
42 34
42 22
45 41
36 4
67 86
34 63
53 5
55 1
81 48
68 97
54 90
71 93
93 9
31 5
28 7
40 64
53 95
72 20
19 73
34 25
9 76
78 75
96 9
2 21
29 90
13 77
99 94
5 91
88 76
48 16
46 50
46 22
13 35
26 41
60 25
41 64
34 24
34 100
47 87
47 30
82 21
11 55
59 36
99 75
27 68
66 23
76 22
68 18
41 84
28 39
30 5
15 96
74 5
6 53
38 84
53 46
83 38
84 52
95 12
52 3
59 77
79 87
50 29
39 9
22 2
4 39
81 76
65 25
67 65
90 83
6 33
16 14
69 41
91 36
55 47
57 24
37 10
90 12
6 89
84 55
27 69
42 30
18 41
61 85
82 75
23 43
16 31
96 95
30 7
60 84
36 100
26 59
10 88
93 35
84 73
97 6
7 6
27 10
4 54
40 95
56 96
56 43
41 17
52 86
2 70
88 98
9 19
52 65
76 25
2 92
6 52
78 9
5 82
45 93
55 58
69 60
72 71
35 48
19 89
22 2
28 77
74 70
20 50
20 50
58 59
4 8
7 71
94 80
38 70
74 35
90 6
37 38
57 16
22 48
75 56
81 43
31 43
86 8
45 75
24 29
8 75
75 42
73 37
41 81
68 52
12 88
42 55
57 19
16 77
29 72
36 63
99 76
79 57
89 25
4 3
62 94
28 50
59 11
19 37
55 6
81 34
67 94
56 79
55 83
52 90
83 3
46 12
68 9
76 88
2 19
31 5
9 67
11 14
79 72
99 58
24 2
28 97
4 89
93 66
96 20
6 11
7 80
39 50
34 87
9 89
78 43
89 49
45 1
74 52
62 25
29 90
39 66
34 56
35 20
4 90
60 87
88 6
53 37
78 86
3 48
23 52
69 90
37 95
80 42
2 63
19 12
17 44
15 96
65 46
4 77
20 83
95 37
39 67
83 61
37 15
51 71
81 15
82 51
37 79
77 56
23 60
59 33
94 6
22 88
43 37
47 62
23 93
51 65
100 60
83 48
86 22
83 43
57 35
52 28
33 55
18 4
46 26
16 79
66 69
86 23
67 86
11 33
74 4
76 43
53 77
24 40
23 53
40 34
26 65
34 49
60 80
72 46
59 50
93 45
15 20
38 98
15 92
43 63
14 25
34 2
72 68
66 94
42 98
12 77
81 6
30 52
71 78
85 85
34 6
8 77
71 2
21 72
8 73
82 22
63 81
96 5
81 55
3 84
64 91
89 36
59 12
49 20
79 6
98 86
6 17
54 50
61 64
63 56
22 90
89 40
59 75
14 9
6 68
40 13
77 6
4 20
79 38
22 15
81 47
56 24
92 79
79 96
68 89
77 39
31 21
54 68
65 36
60 48
85 66
27 81
3 23
45 33
75 80
55 23
45 6
57 74
29 4
40 20
61 72
24 4
25 88
19 53
56 96
45 6
4 28
34 68
24 65
85 31
94 44
53 21
14 14
86 80
13 24
1 39
2 57
74 27
5 90
41 29
91 10
4 35
95 77
40 21
76 12
23 50
61 23
79 92
31 75
8 100
34 87
64 40
13 33
97 5
92 2
89 23
85 9
58 55
53 25
18 40
26 48
61 83
90 39
85 49
35 36
72 9
53 94
80 77
97 3
54 16
25 61
57 43
32 74
85 38
31 64
5 72
40 8
86 95
89 41
19 32
41 97
91 78
95 94
76 71
96 89
26 29
32 14
72 31
80 30
39 24
76 68
77 95
45 84
15 78
71 89
83 28
3 96
82 62
88 85
87 31
46 24
99 72
4 41
3 5
58 15
62 93
51 79
53 91
64 65
25 78
37 98
13 90
54 81
96 54
50 39
53 88
3 5
49 18
55 41
37 52
2 88
53 10
