10000 66
73 12
100 91
33 79
99 46
53 21
13 81
67 94
38 79
99 61
70 76
1 38
21 94
70 41
26 14
16 87
18 2
25 53
76 86
50 24
23 49
18 24
48 31
100 76
20 27
48 3
30 73
9 100
67 31
41 20
91 23
79 43
27 91
67 18
77 87
86 76
42 22
54 41
66 94
20 78
9 1
78 48
13 100
19 76
65 33
75 12
5 23
88 30
31 46
35 24
4 43
57 56
29 2
5 73
93 97
81 6
52 10
79 78
55 83
96 65
95 69
41 33
73 45
11 14
96 38
60 57
24 71
78 46
37 49
19 65
58 72
60 69
64 74
64 20
59 83
15 5
98 85
28 14
71 91
48 46
68 95
72 6
90 39
92 87
86 28
33 19
7 83
33 80
95 19
51 85
28 84
7 22
42 39
96 30
88 72
68 40
54 4
58 76
58 33
66 22
83 26
64 34
58 94
17 93
7 70
33 72
81 77
19 1
48 32
11 38
10 19
13 50
51 38
39 68
49 16
7 84
57 38
43 69
65 13
58 68
40 47
25 81
34 93
53 73
38 49
68 63
70 16
51 19
75 89
25 41
45 22
100 98
75 66
9 78
87 64
36 59
64 31
52 23
81 23
3 90
52 12
71 7
35 37
37 28
86 79
56 91
39 2
33 40
89 32
79 28
24 28
96 37
42 92
92 41
48 35
22 20
83 31
9 75
30 31
69 7
23 56
2 53
31 20
49 68
68 44
56 58
90 7
1 56
37 7
98 13
5 8
25 77
93 77
55 86
39 3
18 98
53 59
56 74
57 38
1 1
9 72
37 94
59 23
65 4
97 79
40 44
93 100
39 31
78 75
20 90
98 69
85 41
67 15
3 21
21 69
34 80
32 44
58 54
43 53
52 98
29 23
42 2
31 3
63 61
75 6
43 84
90 72
25 4
76 7
37 10
51 34
62 26
19 33
62 20
95 13
6 53
76 30
2 41
69 41
63 95
19 82
42 58
9 28
4 64
14 58
14 47
22 67
31 95
84 54
66 28
45 68
73 11
61 70
84 91
20 56
89 6
75 65
59 4
39 2
76 90
23 93
59 35
39 4
76 35
98 75
6 80
20 9
48 1
56 94
40 10
15 54
33 64
98 18
55 19
54 12
99 13
80 32
98 57
2 26
1 39
98 99
21 92
11 52
84 87
84 79
49 95
10 51
44 32
17 88
43 72
66 65
59 50
97 67
76 60
7 73
20 11
32 74
90 8
20 94
54 11
77 61
92 5
41 10
33 98
89 88
2 28
86 8
24 20
28 95
38 61
75 72
54 69
90 42
85 78
28 94
25 57
37 25
49 71
60 90
82 53
14 9
77 74
86 1
48 33
40 48
67 100
26 26
93 30
40 40
76 92
19 7
23 27
67 74
6 68
48 78
30 78
51 46
93 88
55 73
62 72
34 27
5 40
39 1
81 12
100 53
18 47
81 50
66 65
76 80
25 83
86 1
3 46
49 54
59 55
59 40
63 14
70 36
71 79
20 64
13 82
50 13
8 69
29 29
35 20
24 65
80 54
89 77
98 51
44 58
38 8
58 34
97 80
80 55
53 27
2 30
43 51
6 5
17 19
51 70
21 48
91 39
89 78
72 57
22 85
86 43
62 11
72 95
74 18
83 22
33 83
84 77
20 92
81 86
13 7
71 56
90 37
79 56
71 11
58 80
83 3
72 29
7 18
24 96
62 74
64 66
47 4
42 89
96 20
6 39
64 29
1 51
28 3
97 68
82 15
94 83
89 62
62 37
74 11
48 66
32 17
73 22
14 50
1 97
8 54
93 18
99 9
18 42
23 14
64 97
95 90
80 23
27 28
16 69
31 31
92 1
56 29
25 91
89 89
43 44
36 44
80 41
23 34
92 17
96 55
41 16
91 76
55 24
14 31
100 11
77 78
47 41
10 9
34 75
30 6
66 10
67 30
49 14
100 84
7 54
74 74
15 19
99 51
92 92
52 75
22 88
49 38
80 38
72 71
52 22
33 34
73 2
48 94
42 71
35 44
18 26
34 96
68 9
53 62
23 40
76 69
43 63
52 8
5 83
22 40
53 46
62 36
55 39
51 47
2 45
47 72
31 46
37 90
73 4
15 19
60 29
62 100
46 94
86 48
63 63
80 90
5 25
39 18
31 56
68 93
70 80
88 48
79 75
43 69
34 51
9 56
98 41
35 41
40 84
5 7
44 18
73 9
62 54
68 65
83 38
77 48
61 37
48 92
41 75
57 34
76 17
80 1
19 37
76 87
61 90
7 62
73 69
47 85
93 93
13 3
4 79
21 21
79 36
62 29
46 55
71 71
39 37
88 47
45 60
7 40
24 24
13 1
74 23
81 77
94 91
42 84
57 71
42 95
82 17
82 95
74 94
56 82
95 19
25 91
7 20
57 84
20 92
87 65
10 30
36 96
59 17
75 43
86 31
85 95
26 29
48 100
12 22
12 12
3 70
21 10
83 71
31 29
62 49
34 23
87 39
70 74
91 49
89 12
100 1
36 68
50 84
55 52
8 18
8 84
55 76
25 89
10 40
18 71
7 50
100 8
91 24
25 15
6 71
9 28
16 89
1 58
83 70
84 33
76 1
2 17
65 100
14 69
43 77
67 88
73 46
30 93
55 65
17 63
12 62
37 88
60 45
49 7
96 97
89 66
49 94
81 93
80 59
91 37
80 55
100 90
33 76
3 5
58 48
41 51
3 62
8 36
73 21
76 68
2 15
12 44
52 97
98 37
31 15
48 14
81 20
87 66
74 24
98 83
25 6
41 92
39 4
36 66
16 85
74 28
33 57
22 25
14 34
38 70
86 65
3 1
30 52
65 61
85 3
78 72
83 87
97 89
34 87
95 84
100 91
46 14
27 33
3 48
26 63
41 87
71 50
61 41
55 13
78 39
29 98
78 3
11 25
63 44
90 73
32 19
63 30
26 31
22 92
43 3
65 18
81 50
44 15
20 74
6 65
63 44
65 73
4 59
15 53
96 81
29 90
86 17
45 41
32 39
31 37
81 67
56 1
17 86
43 72
88 72
9 12
42 5
85 27
71 83
70 61
83 48
86 48
64 76
73 49
76 77
20 59
49 32
35 73
89 47
55 98
96 85
48 80
54 4
28 34
58 58
43 1
94 38
95 98
42 75
6 11
32 96
64 87
19 70
84 28
91 54
1 84
52 88
61 90
37 2
45 43
76 37
74 28
55 37
72 82
78 89
60 27
96 62
15 87
5 78
6 33
24 24
8 50
16 83
44 35
68 87
63 99
84 78
34 24
6 84
43 80
62 49
40 50
78 69
55 33
73 11
22 95
53 10
9 57
98 9
15 33
62 65
17 93
30 22
29 64
7 29
17 57
68 50
28 68
57 74
82 64
12 59
75 39
68 38
13 12
32 61
43 90
83 8
99 91
32 71
64 23
82 53
41 76
75 67
98 18
62 62
78 45
77 18
62 40
15 77
93 44
15 58
41 34
58 9
99 43
51 73
81 69
27 58
52 4
18 30
33 88
96 36
87 20
16 10
34 80
29 28
43 75
5 81
78 98
54 61
95 55
2 5
83 61
69 25
64 6
86 75
85 79
24 91
18 7
10 5
34 93
40 86
15 33
12 1
59 3
51 30
42 5
99 65
44 15
5 64
49 59
53 91
31 91
84 69
6 70
55 26
47 94
57 24
7 35
89 6
94 40
46 5
21 27
23 51
6 43
13 37
43 61
85 48
84 71
37 67
58 3
60 68
55 72
83 97
2 23
41 8
80 22
56 81
99 53
9 84
36 97
26 67
5 21
69 99
96 26
42 90
9 33
29 22
23 36
83 62
10 84
54 66
31 74
65 100
11 83
5 6
29 28
50 61
27 51
36 30
48 82
64 71
49 75
62 97
92 65
21 36
72 55
27 64
29 94
10 7
73 50
93 57
85 74
45 63
97 46
14 4
78 40
78 78
9 89
12 39
26 13
70 43
53 41
49 2
98 15
72 9
65 97
14 45
2 61
88 67
99 85
32 40
24 12
60 19
86 35
75 83
90 59
16 99
48 17
57 2
19 10
32 62
93 4
95 10
36 5
93 19
88 50
10 62
74 82
92 87
38 69
54 21
1 18
91 51
49 85
85 18
99 34
85 68
12 65
17 67
7 92
49 94
47 26
82 4
15 87
42 99
17 65
11 53
43 63
15 45
100 64
17 90
39 77
47 87
14 99
50 16
71 70
32 84
68 80
80 97
70 49
78 40
94 78
14 82
64 80
34 83
95 79
81 51
61 47
92 77
96 13
21 42
77 76
60 6
14 62
82 21
65 93
54 18
80 39
47 47
57 32
4 80
3 15
99 90
50 43
74 55
100 29
94 30
81 71
45 18
45 100
71 18
6 29
27 99
58 99
3 25
57 5
5 58
52 93
47 95
23 30
33 43
73 26
11 93
94 3
11 92
48 72
17 28
16 28
20 81
5 10
77 93
64 8
95 35
56 10
34 57
89 26
54 44
71 91
13 1
20 59
82 36
45 21
81 16
47 12
26 63
23 40
9 71
88 14
19 29
12 1
65 23
56 30
61 49
42 64
42 79
49 51
72 31
65 30
83 19
17 52
86 80
45 55
59 22
32 19
7 81
85 49
76 12
11 86
1 89
44 98
31 68
86 84
54 73
17 16
1 48
41 16
66 81
87 94
97 95
51 14
88 89
9 75
10 77
75 29
37 19
88 86
30 85
72 38
78 39
29 69
37 48
42 37
83 56
70 16
84 46
97 59
29 36
58 18
98 23
13 24
99 41
86 67
15 85
25 92
8 41
72 95
35 11
7 72
49 93
19 84
14 62
9 2
92 24
24 12
8 84
79 81
91 34
60 71
89 76
97 69
71 22
25 53
99 27
50 53
72 29
40 27
40 60
7 76
27 68
93 22
35 99
73 3
24 45
47 40
61 60
6 12
92 80
58 52
14 51
73 43
27 49
97 96
62 58
16 79
63 64
77 20
10 60
91 72
11 49
48 25
25 10
1 26
46 1
92 34
98 87
26 7
70 47
30 92
13 9
2 57
19 10
41 1
7 91
95 86
6 80
1 20
25 86
21 7
33 84
78 75
53 52
99 15
90 65
67 67
7 13
58 46
89 96
66 54
35 40
54 59
64 3
31 8
89 1
16 67
74 39
94 39
71 41
26 68
34 13
23 75
79 37
53 16
99 24
81 66
70 14
11 27
17 69
6 80
64 73
83 79
64 30
34 45
6 79
7 59
50 86
87 14
68 97
44 84
21 57
15 38
41 25
11 54
51 86
6 62
52 58
90 37
7 33
24 44
99 21
24 81
30 20
26 25
33 11
27 69
28 73
36 38
41 63
27 16
6 67
50 56
68 83
48 77
58 99
54 88
51 63
99 39
73 27
14 81
90 84
2 54
87 25
27 14
49 21
31 63
97 87
29 31
66 83
81 8
75 16
71 71
22 68
25 33
55 31
2 38
28 28
8 7
78 38
79 48
39 83
100 100
72 12
19 81
90 17
33 80
96 2
86 17
11 30
29 31
41 84
49 43
43 9
33 70
76 62
93 83
62 70
82 80
95 52
54 30
95 69
65 10
30 40
96 77
97 37
51 34
28 69
80 20
11 37
32 56
98 24
67 47
48 33
95 49
53 28
71 33
44 69
81 63
70 9
54 85
78 42
69 11
7 39
30 37
53 62
63 20
51 62
82 77
45 97
10 66
30 69
41 4
63 86
96 67
27 4
64 72
58 28
2 62
80 92
25 73
58 57
2 8
32 11
82 97
86 93
84 50
1 62
89 87
83 90
94 70
36 11
24 61
25 40
64 16
19 50
19 18
8 87
50 70
7 42
56 65
75 63
78 38
86 68
40 74
22 5
49 54
55 17
32 55
90 50
25 45
74 53
96 40
31 99
88 91
24 32
60 97
32 34
53 54
60 47
10 35
52 33
86 46
98 45
29 60
15 62
93 92
45 54
73 10
46 44
18 54
81 82
15 63
92 26
13 92
60 98
42 92
90 43
92 59
40 9
46 85
4 5
10 81
48 61
20 49
46 80
32 45
75 16
87 97
58 23
85 8
23 5
27 67
71 87
68 35
22 53
10 64
93 49
35 16
11 29
44 24
61 25
48 52
94 62
53 89
86 9
64 61
86 97
49 35
85 60
39 3
100 72
68 28
40 65
72 31
93 21
89 30
71 76
89 81
62 6
61 96
57 23
21 70
82 72
55 96
53 29
13 23
98 19
86 73
48 66
81 98
82 57
12 84
46 9
41 25
44 25
72 52
33 100
5 56
24 68
88 77
43 23
39 13
1 79
54 54
55 66
6 4
87 68
16 30
77 73
98 71
87 49
13 39
41 97
71 21
1 99
49 3
14 5
63 57
50 40
62 61
37 81
62 100
19 76
57 43
45 66
24 1
18 74
23 10
64 87
54 22
40 53
23 45
90 62
18 76
18 90
58 30
25 20
51 9
3 19
64 77
92 60
1 96
99 61
27 7
44 12
83 42
69 82
54 25
25 49
61 28
69 45
70 76
90 54
43 17
40 58
46 9
74 23
83 19
32 29
70 83
47 100
29 87
16 89
79 12
95 55
51 18
94 21
25 45
80 3
45 47
77 37
46 16
20 85
31 54
85 99
9 8
6 56
39 63
38 48
31 36
89 44
44 52
39 100
88 55
31 60
14 49
61 73
9 4
74 18
73 33
48 19
14 49
42 47
59 17
45 7
23 41
80 26
82 55
94 26
29 2
78 28
42 31
71 80
60 64
56 43
48 57
63 90
26 52
43 54
39 60
28 87
27 51
11 14
83 96
65 70
17 49
15 19
52 72
28 83
25 19
44 2
29 40
56 51
27 80
18 8
46 4
50 67
66 78
45 22
4 99
80 81
70 93
10 41
18 11
86 35
14 75
55 71
9 70
17 37
60 1
75 78
45 70
42 90
20 10
20 72
35 46
18 16
26 51
48 48
77 76
66 70
33 71
77 100
37 57
76 90
41 4
60 57
95 34
85 51
62 20
80 5
69 40
95 85
75 69
86 86
95 68
72 28
43 38
46 65
72 54
27 51
16 87
62 25
25 27
10 42
88 95
84 37
45 63
1 76
38 48
27 16
47 82
80 80
51 55
85 64
58 26
21 3
51 23
76 12
19 91
51 29
78 24
79 41
44 92
49 64
99 82
90 33
74 14
96 22
27 13
66 44
72 64
77 47
41 85
44 80
89 1
83 2
17 17
96 41
38 69
73 16
69 57
79 94
54 32
59 28
87 8
59 91
84 87
84 73
6 16
59 71
80 53
28 3
15 61
5 13
37 46
44 55
41 77
66 38
88 22
24 90
94 86
10 98
92 2
62 15
5 16
16 18
84 51
91 26
82 81
51 98
85 66
80 32
14 11
60 4
11 84
12 40
92 90
50 3
37 16
80 56
90 78
70 28
15 3
53 51
82 34
83 61
52 93
80 21
55 49
2 14
23 76
99 25
54 78
5 89
28 20
10 27
24 59
73 58
100 31
6 87
73 74
22 60
19 12
24 82
7 76
38 21
60 19
65 83
66 61
30 69
30 76
74 59
9 17
70 19
58 53
87 49
63 93
15 92
99 92
39 27
62 36
51 42
3 51
25 53
99 56
1 64
73 59
17 4
34 20
15 55
49 47
23 61
44 56
14 43
47 44
67 1
63 65
79 29
79 38
81 28
20 96
33 58
18 100
91 50
70 10
31 50
52 46
1 16
83 31
44 89
90 100
76 31
54 22
4 12
48 26
96 37
28 94
82 84
3 42
75 95
36 47
58 46
16 84
98 25
92 13
15 27
5 39
32 60
15 16
34 71
85 21
98 6
56 94
32 91
46 2
93 8
23 41
30 66
57 29
68 68
29 2
24 64
73 84
31 18
65 63
18 86
83 6
80 94
48 41
36 90
76 9
96 33
19 25
14 94
70 89
3 75
3 81
45 77
45 66
24 76
46 66
25 47
96 2
28 85
87 85
69 58
1 7
9 51
85 23
83 65
82 20
47 8
17 83
30 73
75 50
43 86
71 67
8 67
1 78
75 95
47 77
73 60
57 1
36 22
33 18
75 29
54 12
38 68
22 17
20 72
72 84
44 7
75 64
84 89
93 31
73 72
97 23
28 57
4 1
72 4
32 32
8 65
76 33
14 99
97 12
100 75
94 31
13 31
2 94
69 51
23 8
58 48
30 19
90 39
37 36
75 63
29 57
93 1
62 17
25 76
51 89
97 55
21 93
64 97
48 74
56 61
96 93
87 57
86 61
35 9
70 61
66 75
24 62
91 65
31 62
19 81
67 27
44 90
45 90
62 21
47 13
35 30
31 61
79 96
14 35
68 45
76 29
29 68
7 58
83 18
77 53
7 94
76 18
100 39
47 35
91 85
23 36
79 93
87 82
15 35
5 55
57 39
3 51
76 70
59 27
19 32
59 7
43 96
28 18
18 94
89 91
95 79
79 6
44 99
100 43
80 98
84 6
39 55
68 79
32 71
58 68
8 35
97 73
39 76
41 32
40 47
21 96
8 80
15 93
10 48
49 100
24 70
39 38
63 2
53 7
95 72
6 1
52 76
35 64
41 45
78 18
21 15
35 38
33 74
41 10
100 9
63 19
96 43
15 55
31 56
92 15
40 16
65 92
80 96
58 32
52 64
91 72
90 91
75 59
74 62
35 21
41 32
60 11
60 77
46 98
5 55
14 89
38 57
89 8
86 18
62 2
1 99
45 9
83 90
81 70
25 93
58 47
82 98
47 2
94 90
68 95
12 76
79 99
85 100
61 57
96 4
97 54
70 47
64 95
36 4
11 81
89 28
31 3
6 52
10 95
91 100
40 85
58 67
24 56
81 67
94 49
94 28
58 77
76 49
98 31
12 9
10 90
13 50
70 2
37 15
41 9
82 21
58 33
46 12
38 34
21 94
3 66
90 17
97 68
63 64
97 60
89 39
39 71
4 4
74 60
32 63
2 2
58 49
44 97
24 43
26 71
24 99
94 35
25 36
62 88
31 2
21 75
12 91
45 92
100 30
7 37
27 8
100 14
49 62
84 35
80 7
75 48
83 64
80 6
27 92
59 60
88 4
17 33
42 98
40 30
94 64
68 94
51 64
91 48
51 18
89 92
86 88
92 84
23 17
69 59
92 20
36 31
42 55
84 98
84 95
88 37
79 20
66 34
31 54
85 48
25 92
56 16
49 84
1 27
59 86
80 37
41 31
7 47
51 85
16 81
62 87
92 36
17 35
88 56
58 56
96 56
61 85
56 40
73 64
29 84
97 59
8 25
21 48
55 68
2 83
9 29
19 2
55 28
82 97
46 84
59 35
22 54
28 81
55 42
49 56
42 64
70 96
43 33
19 84
31 77
27 19
100 75
15 22
42 41
55 40
5 37
92 14
63 54
20 85
22 38
4 75
13 50
62 81
49 54
48 17
23 65
75 54
97 20
14 55
57 54
85 59
33 64
62 98
2 85
52 53
49 27
91 80
28 20
4 71
36 71
46 61
75 31
45 85
47 38
1 50
39 55
16 80
55 52
82 72
60 1
86 88
17 77
100 37
61 8
50 35
31 23
68 4
24 12
16 2
64 38
86 30
2 67
38 71
43 25
45 78
11 39
4 95
24 80
56 83
45 43
95 47
62 14
49 31
55 46
2 71
72 2
55 83
6 38
52 25
20 87
46 52
100 10
42 52
79 9
59 31
24 37
53 13
76 1
61 59
38 41
66 2
74 44
40 86
13 71
14 75
85 50
57 39
9 55
2 68
8 36
67 55
41 82
64 72
54 19
74 25
7 20
13 81
70 66
70 30
25 96
92 54
25 21
44 97
18 77
16 17
59 40
10 18
49 47
74 39
33 40
98 73
40 12
65 9
59 90
63 84
86 92
49 56
70 49
81 38
80 72
61 52
59 55
83 45
84 57
69 49
29 73
58 82
64 100
98 10
67 45
100 60
17 56
42 12
58 80
62 26
85 45
70 4
72 73
57 96
23 95
42 7
11 7
75 75
20 15
46 20
44 3
33 44
88 98
100 5
45 73
5 6
65 30
88 36
21 92
78 75
1 83
40 22
26 83
15 93
72 72
88 29
16 17
94 94
97 76
38 26
69 35
28 3
72 52
50 17
6 80
36 9
63 49
66 92
86 47
2 55
79 57
20 48
14 66
54 38
65 4
15 84
63 11
29 30
72 25
45 13
26 80
19 39
72 80
72 15
53 7
94 54
19 75
52 88
93 28
48 88
49 85
92 60
10 1
86 33
29 59
75 28
71 19
82 85
64 22
69 77
23 46
99 47
10 18
82 75
14 30
43 97
97 82
60 89
80 67
6 68
18 60
23 39
75 99
9 20
5 1
9 33
79 19
25 39
68 69
34 28
45 65
35 34
59 51
28 72
91 55
65 25
46 72
94 37
62 92
27 90
51 20
64 81
96 79
53 99
12 18
10 68
71 26
51 63
51 88
1 77
73 32
77 96
38 12
82 6
41 47
12 83
82 96
71 69
17 73
51 78
52 100
98 20
27 6
41 41
90 50
90 1
65 68
15 33
59 89
4 44
9 27
28 46
80 36
85 36
52 24
58 59
17 38
65 72
29 1
87 70
77 20
40 9
79 16
66 32
97 71
91 91
29 40
20 95
96 65
63 86
76 47
96 79
22 78
85 93
86 88
52 32
57 27
95 13
16 37
83 90
48 89
28 42
36 69
78 100
79 12
21 14
69 41
1 9
31 80
12 40
93 44
14 2
100 86
89 5
25 58
22 74
75 100
91 56
95 16
13 2
95 52
69 29
31 31
72 69
4 70
12 17
29 6
41 31
12 44
17 82
25 41
92 59
63 14
6 44
47 67
27 36
92 69
67 33
22 95
34 48
45 96
54 90
72 1
54 49
54 72
53 68
58 30
20 33
79 71
77 68
84 3
13 37
43 39
55 45
90 97
88 49
61 51
59 84
59 92
74 59
17 40
31 82
31 71
68 3
10 69
64 29
31 15
35 87
89 59
15 89
52 8
85 50
77 73
25 55
52 44
28 86
79 59
81 1
85 54
17 86
85 51
62 85
91 29
35 64
40 35
29 75
29 8
91 48
100 15
6 24
13 32
27 29
2 89
63 2
71 83
64 26
33 65
44 9
62 33
82 69
33 14
67 24
93 21
9 63
95 67
68 20
56 63
84 50
86 57
57 46
72 4
9 61
31 86
11 34
74 44
11 37
29 76
70 31
7 49
6 38
7 8
14 62
33 80
77 88
75 22
22 12
97 28
25 20
4 3
71 49
23 49
86 58
3 6
14 22
6 71
17 44
4 39
28 50
51 72
5 43
89 37
24 78
17 42
85 96
95 75
33 56
93 78
60 4
79 65
88 98
9 37
23 42
11 35
95 27
27 18
30 41
77 96
91 12
24 96
21 50
94 56
99 20
60 22
60 12
29 80
45 71
31 84
80 90
40 73
66 98
50 69
95 52
79 30
4 51
13 58
78 44
86 32
38 20
47 64
90 5
60 5
95 50
16 15
82 41
85 90
14 71
82 29
29 86
22 47
62 66
41 68
93 77
40 62
39 75
52 69
81 92
96 84
73 8
57 68
75 64
88 11
82 55
41 19
49 91
54 44
72 75
51 43
29 85
45 68
78 18
53 100
70 19
20 3
82 22
73 22
93 19
22 24
22 66
90 78
38 54
86 52
18 76
47 80
37 61
62 89
34 73
29 70
71 14
75 55
28 25
85 64
39 12
99 49
98 88
76 47
96 99
58 76
66 52
72 2
67 8
82 25
30 46
55 69
72 45
75 90
8 36
83 39
20 3
67 26
22 43
43 40
60 9
82 67
22 78
57 13
72 30
25 71
28 24
64 42
43 20
57 90
1 5
90 44
66 47
81 90
30 94
83 51
52 57
30 97
28 27
57 62
45 6
3 72
83 65
50 51
73 79
3 33
23 22
68 27
64 7
32 74
6 4
3 35
17 82
13 87
70 16
13 38
15 84
43 54
94 39
80 46
10 45
54 90
35 69
26 35
49 97
61 39
82 74
100 90
29 65
36 66
27 46
99 73
87 29
46 100
68 54
39 7
3 7
14 6
41 95
52 12
82 13
97 56
12 85
13 21
53 37
73 66
77 11
35 14
52 68
45 49
8 3
6 85
65 63
63 9
71 41
97 59
73 61
20 4
69 96
56 30
7 51
31 34
1 26
35 53
6 59
47 16
16 85
47 82
19 70
52 88
20 39
55 18
90 81
55 94
35 37
94 68
46 57
33 96
92 88
34 55
63 75
84 46
87 58
99 3
49 37
65 57
94 64
58 59
20 31
37 20
95 23
25 47
72 77
26 42
56 42
12 92
49 65
60 39
16 61
70 21
49 83
57 6
13 51
97 1
62 41
59 84
53 70
1 33
81 75
14 32
80 76
15 66
66 7
49 97
44 12
39 57
72 85
66 64
75 17
12 93
46 10
31 18
86 26
3 2
2 30
27 27
13 96
75 28
32 23
38 27
32 63
26 66
72 15
12 69
23 10
42 74
57 18
66 60
27 66
79 57
82 3
85 91
41 93
58 82
29 18
51 33
35 17
59 25
12 94
96 58
95 53
22 85
7 91
32 73
69 25
49 98
34 83
98 93
64 43
18 88
73 74
41 1
76 38
9 77
57 24
23 9
67 30
90 70
72 81
58 95
95 14
98 90
23 97
27 75
11 12
46 94
51 13
77 4
4 36
19 52
12 90
58 69
90 25
52 43
34 93
86 62
86 48
92 96
4 93
53 51
10 3
46 4
99 57
75 22
50 6
40 46
9 72
33 70
77 4
24 90
32 100
26 40
31 56
19 75
79 5
77 74
66 47
35 85
79 98
94 13
97 29
13 21
97 59
43 7
70 70
36 25
30 54
62 43
45 60
32 76
54 49
51 40
16 54
72 11
81 56
93 97
84 29
98 53
81 66
28 33
40 42
4 31
15 88
71 28
54 42
57 65
47 72
13 26
52 38
14 47
96 67
60 91
33 69
2 35
14 94
18 27
60 42
71 29
71 70
98 72
3 96
56 21
7 40
18 63
71 34
24 63
10 49
31 64
86 51
93 95
3 30
17 13
81 49
68 17
7 47
16 53
31 100
86 49
12 97
88 53
37 47
69 59
81 16
20 10
58 70
79 24
11 3
74 32
5 93
65 95
13 86
31 57
50 90
96 63
8 46
33 42
92 52
42 30
36 92
67 80
27 75
3 91
33 44
41 77
90 21
25 13
95 85
43 93
75 39
25 77
2 23
57 100
81 70
16 56
41 32
13 43
28 13
24 26
49 4
49 96
99 23
25 45
59 47
47 66
48 2
20 7
3 65
46 88
94 31
100 73
11 69
29 17
13 11
58 92
29 38
72 96
67 83
10 63
14 22
35 18
78 2
1 49
69 100
23 85
65 91
20 13
48 61
48 100
64 84
23 75
85 23
82 59
35 43
46 67
70 84
81 55
63 48
67 25
98 45
43 12
47 29
60 79
100 5
42 29
73 13
7 12
60 28
23 33
36 49
35 93
42 27
3 34
28 19
89 54
68 91
64 12
34 27
3 35
88 88
16 23
1 75
29 76
8 17
94 100
38 59
16 27
55 26
57 56
78 82
67 62
52 46
90 18
20 49
32 23
55 97
84 69
53 90
51 40
22 42
18 80
28 71
24 26
18 73
20 25
81 75
63 34
10 92
46 59
74 67
84 65
50 93
81 37
58 63
36 83
70 4
31 81
82 92
21 3
47 26
59 56
3 3
38 6
85 6
9 39
5 56
51 99
56 79
81 80
94 44
60 41
35 70
24 98
23 31
78 73
68 49
93 62
6 86
56 35
50 19
71 7
7 60
49 11
24 33
67 79
30 81
13 79
58 83
34 91
28 86
70 55
60 99
4 49
52 50
97 100
42 80
40 59
34 72
36 91
90 38
100 91
12 15
68 88
54 66
7 90
82 70
78 9
53 51
80 2
22 43
26 74
79 45
66 85
39 11
30 55
22 30
54 60
2 66
27 78
44 98
20 90
77 13
36 1
96 96
10 82
64 81
10 11
77 98
70 86
67 38
97 7
50 55
52 37
88 48
49 69
66 82
44 50
1 37
78 36
92 8
45 6
80 19
31 8
98 26
83 16
32 95
5 33
64 54
77 6
6 3
87 82
9 77
20 6
8 95
80 50
80 51
55 20
60 58
35 67
63 25
94 47
66 93
10 16
14 24
92 28
86 38
38 32
100 29
91 57
22 100
15 21
90 13
92 39
22 83
39 70
47 21
53 89
16 88
38 61
56 42
34 36
85 10
60 4
60 19
8 10
36 31
17 95
68 54
59 38
36 41
15 58
91 17
34 69
52 30
20 67
75 25
50 47
7 33
23 65
83 77
96 57
75 32
5 32
68 24
7 97
1 83
33 70
89 83
37 60
91 3
55 77
43 95
92 46
66 91
54 43
100 86
64 85
93 35
53 13
43 39
41 52
4 99
83 72
76 13
61 24
69 73
76 60
71 15
78 75
37 48
61 58
85 90
72 44
28 77
79 41
7 27
88 31
92 10
12 92
56 78
82 52
57 58
83 64
98 50
83 51
54 92
73 12
81 46
80 26
3 61
74 69
95 60
3 17
44 41
49 18
19 23
33 25
6 33
7 36
30 18
70 78
85 23
92 67
38 89
1 21
69 49
26 81
87 84
96 70
73 81
35 77
42 72
90 39
55 39
41 65
57 5
85 81
81 58
28 6
20 8
53 9
9 9
16 37
42 39
21 50
22 9
2 15
40 8
98 100
56 10
9 59
60 19
41 61
7 37
64 89
44 70
13 71
39 17
75 15
63 68
81 64
6 30
59 13
61 80
76 39
35 54
72 20
3 1
15 76
78 64
59 31
95 64
45 2
78 75
67 52
85 44
99 97
40 69
44 56
14 8
95 57
4 8
14 98
86 96
48 69
40 79
70 22
46 56
7 21
1 25
88 94
6 2
51 65
6 66
84 73
95 23
65 24
24 39
80 87
96 3
57 19
27 43
15 65
7 87
91 21
94 62
77 81
100 64
73 95
67 41
61 19
90 30
9 12
46 59
39 83
84 67
79 8
25 32
69 2
15 97
15 11
1 76
40 92
84 95
52 40
14 40
16 20
23 97
8 8
31 66
36 34
51 6
30 72
9 33
91 6
98 26
44 55
25 1
67 90
20 93
89 85
49 93
87 62
61 86
24 5
17 85
62 46
69 73
51 66
98 85
16 20
18 93
95 23
54 13
30 44
74 54
51 78
95 68
27 75
55 36
85 43
15 33
43 19
52 69
18 86
47 5
54 44
44 83
56 21
76 63
18 55
100 84
31 66
94 15
83 63
24 35
27 9
9 11
13 50
14 25
37 85
66 85
70 80
43 20
57 17
74 36
34 33
90 6
46 22
74 47
63 6
68 2
90 7
98 46
9 54
95 7
96 78
44 97
28 31
19 13
92 59
64 27
58 99
81 98
32 14
79 95
66 93
87 63
40 3
10 47
24 2
10 38
57 62
32 2
7 42
36 38
64 11
40 4
69 67
59 10
15 7
63 14
5 25
24 100
98 31
11 35
9 40
45 56
92 7
33 84
26 86
21 36
75 100
71 73
59 88
97 41
92 37
30 95
35 34
100 56
3 56
80 6
59 42
91 80
16 20
20 57
11 63
20 19
46 1
47 35
29 43
61 91
48 64
39 2
36 8
66 54
95 88
28 58
97 79
94 52
16 48
5 61
71 27
96 78
31 61
44 96
75 12
79 87
79 46
70 79
55 88
56 32
40 66
69 21
45 82
8 35
58 43
10 40
74 82
48 64
73 90
51 52
32 53
11 26
37 38
4 19
23 70
21 91
59 26
54 79
5 19
4 93
98 60
27 2
81 73
78 13
81 39
22 18
56 6
63 65
60 59
11 78
100 12
100 22
47 18
48 37
75 62
36 24
32 40
20 68
52 12
69 65
66 94
93 18
82 28
45 8
26 15
91 93
37 45
56 90
18 43
18 33
18 48
97 66
18 62
79 85
73 26
15 9
4 50
28 44
69 75
94 61
80 9
31 88
68 49
27 91
93 28
47 44
30 82
7 39
18 72
42 68
41 17
97 88
85 46
40 30
90 87
23 67
52 87
35 49
75 49
56 18
9 100
75 29
4 32
80 91
70 96
94 11
79 85
19 55
2 22
25 70
29 100
13 70
9 94
43 88
48 46
46 3
23 87
85 6
6 86
17 63
79 6
87 21
27 93
70 49
51 74
26 22
87 22
35 30
20 2
61 13
86 24
62 31
59 59
32 81
52 49
71 95
76 20
99 18
63 62
73 95
91 22
47 94
16 75
94 42
85 100
1 78
24 25
86 12
21 41
68 15
4 73
10 49
49 23
5 97
73 86
54 16
92 47
64 63
3 43
6 30
42 8
32 98
22 25
26 88
73 17
2 87
49 12
89 86
26 75
98 59
17 36
65 68
45 18
21 92
98 3
37 57
80 89
42 51
50 54
13 56
53 94
55 20
82 83
66 61
1 83
40 16
60 34
83 28
47 97
52 72
75 27
19 6
93 92
37 39
72 64
43 9
52 89
44 92
31 14
3 51
61 31
48 96
45 6
52 35
43 10
69 36
36 99
18 26
93 38
17 73
94 51
54 59
21 1
20 84
16 47
84 82
54 18
31 42
8 81
21 80
52 45
21 55
87 6
23 10
38 61
47 38
80 3
57 39
4 49
91 69
86 26
48 72
2 51
96 39
82 99
54 91
17 66
75 31
20 36
67 46
66 34
2 39
13 42
20 78
31 45
1 43
48 68
79 90
2 27
32 94
97 48
18 90
70 29
26 39
29 39
38 50
13 65
21 37
21 3
28 99
44 95
68 30
2 48
95 14
47 92
100 67
65 64
37 32
88 41
2 45
5 6
100 47
27 46
20 42
61 70
67 33
66 12
8 49
72 17
62 15
72 55
43 49
17 84
74 76
80 44
57 74
90 26
35 92
87 29
51 46
100 37
34 51
33 35
43 21
73 74
36 67
48 25
31 39
12 39
69 55
80 34
80 38
1 65
12 38
97 96
31 90
51 14
83 58
40 86
54 94
35 39
73 57
46 91
57 47
35 37
28 26
44 72
48 63
25 4
55 54
24 21
3 33
98 76
63 28
44 31
87 98
80 94
46 72
55 96
51 73
45 76
98 44
63 60
14 16
3 4
63 92
34 10
19 84
67 11
51 1
95 61
97 10
99 49
5 41
83 69
36 14
54 95
85 66
85 21
6 92
25 99
62 9
47 10
17 100
96 43
3 38
32 94
20 44
66 78
75 42
71 53
82 89
72 69
50 63
75 53
3 23
46 11
36 13
88 82
56 79
35 54
70 62
55 51
39 57
73 52
82 39
19 92
96 83
29 37
56 98
86 5
79 39
91 36
44 90
68 45
44 8
70 80
99 25
91 47
77 99
26 71
11 31
46 7
73 35
45 87
18 76
57 27
48 62
5 52
86 71
21 42
7 62
68 21
67 51
14 26
83 90
83 28
28 41
83 48
74 99
25 46
50 66
31 82
93 25
17 55
50 74
75 24
37 61
52 10
7 16
77 69
24 15
64 66
100 69
13 15
31 15
9 65
6 26
11 52
44 48
62 14
7 25
69 67
38 39
16 99
19 77
77 60
51 88
18 40
49 74
33 8
49 57
44 99
15 44
48 12
8 2
65 42
35 4
38 35
1 86
31 94
60 100
58 42
79 49
25 80
54 11
58 32
94 52
84 71
61 20
36 80
7 84
6 13
80 97
16 8
72 20
81 88
48 71
22 100
82 57
65 34
53 37
31 5
33 18
4 86
29 34
33 4
81 23
65 59
42 34
66 21
46 31
44 45
70 10
91 14
39 50
45 30
57 60
80 30
72 39
55 79
46 26
22 77
4 91
95 55
44 51
14 95
81 100
59 61
54 5
17 76
3 39
31 25
73 69
77 24
73 24
14 73
89 35
2 42
16 2
70 37
20 93
62 2
55 72
25 77
9 90
89 77
10 30
4 31
54 100
4 59
22 31
26 23
1 83
25 88
60 88
37 37
20 29
95 45
6 3
93 84
80 93
12 91
87 52
41 12
19 35
76 95
15 18
20 81
1 18
42 35
45 14
91 41
89 3
80 15
82 12
88 61
43 1
48 89
22 42
76 20
9 76
21 36
33 76
2 62
28 97
47 68
3 16
32 27
73 6
21 62
97 7
58 22
95 55
53 5
65 93
41 1
62 58
76 56
82 23
20 66
49 62
71 12
89 21
42 93
46 97
9 73
94 36
55 92
12 62
43 29
74 79
74 82
36 73
68 4
100 96
48 48
55 96
91 85
99 65
78 100
1 84
71 17
63 2
36 72
37 51
69 13
61 22
99 63
95 85
18 4
71 60
91 77
91 59
56 69
4 43
77 44
1 12
47 94
81 25
25 66
53 14
84 80
58 45
12 5
34 100
11 61
51 28
91 56
3 75
37 72
88 54
78 9
14 94
78 42
12 100
81 39
20 86
63 2
15 91
72 68
88 86
77 55
18 72
76 39
81 95
78 21
28 58
64 78
39 46
75 33
7 33
41 52
44 27
67 40
32 13
53 86
66 43
57 55
41 84
61 62
51 9
31 46
70 93
36 99
67 54
45 30
73 20
72 88
88 64
86 3
26 12
11 96
35 47
95 34
83 84
72 36
80 3
15 65
68 1
83 52
43 78
28 36
49 78
3 85
68 95
85 95
96 54
91 100
45 30
61 9
21 40
27 85
69 20
8 20
13 54
64 31
80 71
24 87
79 80
70 32
89 41
34 40
56 99
36 20
97 46
2 23
39 91
18 1
50 24
82 35
52 60
68 54
71 88
62 22
62 4
32 49
45 76
60 47
85 52
89 29
74 56
6 20
92 89
31 95
12 14
36 85
80 67
76 79
73 46
12 32
40 54
30 4
43 95
58 64
15 5
25 76
93 94
97 95
45 32
24 37
67 2
99 6
12 48
49 35
25 40
41 73
14 46
75 61
95 24
16 32
62 66
30 37
78 17
13 60
12 25
93 85
23 28
27 82
87 93
73 46
92 52
63 5
80 73
89 50
76 52
25 94
18 25
71 59
66 86
70 28
26 49
98 36
99 2
71 12
16 46
79 32
59 69
5 38
66 30
54 96
51 61
11 57
80 90
1 70
81 2
40 34
12 35
3 13
1 91
16 73
97 3
99 45
6 81
97 9
20 11
71 37
80 91
17 14
17 51
15 33
9 15
55 66
46 35
42 25
70 49
17 71
54 86
73 29
32 42
70 68
54 49
82 46
56 44
1 75
44 98
50 31
46 86
96 48
100 31
41 7
61 53
85 55
63 82
18 59
7 84
47 96
33 73
75 1
53 62
16 48
1 60
66 59
88 16
55 84
62 91
100 8
64 35
5 98
64 99
90 63
20 38
53 25
61 79
89 71
91 16
24 26
8 34
45 98
1 41
49 70
70 13
55 75
70 96
61 73
89 82
83 11
89 15
29 100
28 52
43 71
44 26
96 75
7 83
54 79
59 2
85 13
75 6
21 32
18 40
19 55
64 1
66 91
39 21
77 49
41 61
18 26
4 56
5 41
76 6
7 8
68 11
51 1
64 40
99 27
34 97
81 51
72 45
47 64
25 57
93 100
31 36
34 34
75 63
13 43
22 73
56 59
74 81
57 70
53 75
2 76
9 50
45 15
22 38
66 8
29 90
92 67
36 47
76 34
27 32
26 65
66 25
87 34
90 4
54 65
92 51
7 89
85 100
62 84
14 10
10 5
45 60
59 57
99 93
90 87
79 24
87 50
88 60
19 84
97 6
81 52
10 12
66 80
3 75
72 52
40 92
61 49
100 91
99 71
30 98
38 53
94 17
14 65
31 90
98 36
62 18
11 79
63 39
31 76
36 50
38 6
57 8
4 39
27 72
43 96
16 44
79 30
87 18
95 38
95 64
81 87
39 85
100 60
61 5
1 29
89 59
90 62
17 90
31 86
5 25
14 95
74 34
95 53
13 35
34 89
6 49
34 78
37 48
74 20
58 55
15 74
32 21
53 49
88 20
90 54
19 46
89 59
68 54
90 58
17 54
33 55
53 89
68 4
88 10
22 70
90 98
57 75
34 25
92 15
51 45
47 12
56 10
24 87
54 6
52 70
36 5
13 66
86 2
33 26
43 55
87 75
96 61
14 26
5 78
8 12
49 17
32 60
66 87
23 12
1 65
11 25
25 60
56 43
39 8
16 81
69 60
20 95
87 75
16 42
15 62
97 55
17 77
68 57
77 67
22 95
67 14
88 58
10 95
59 55
39 85
26 34
14 86
47 50
71 54
13 65
47 17
42 94
52 87
78 6
19 6
32 17
31 20
45 13
72 97
80 64
66 59
57 33
53 100
3 50
60 73
78 34
8 83
2 1
95 15
3 52
63 11
89 46
58 72
81 15
9 45
41 27
7 73
54 58
85 31
16 85
73 27
27 10
22 76
49 87
3 33
84 81
50 94
32 26
48 84
19 59
25 35
59 8
21 37
28 17
30 94
81 25
29 70
80 26
88 38
48 69
5 3
34 85
8 26
39 49
86 54
7 24
54 48
53 80
79 19
66 95
98 21
14 44
87 57
81 51
33 6
39 95
74 73
91 55
80 50
64 71
76 17
84 66
75 44
91 47
73 52
79 96
90 48
3 53
53 85
84 33
73 95
15 28
8 85
76 62
31 32
41 26
55 86
44 38
99 74
15 46
3 31
67 54
27 36
95 18
79 91
53 66
68 44
34 4
38 100
54 89
88 51
33 4
75 7
13 35
65 26
84 8
1 77
25 26
33 75
46 9
17 4
92 17
2 66
89 5
19 24
81 6
96 98
17 79
42 44
45 54
91 59
38 16
40 26
65 55
56 2
84 74
56 100
36 68
25 73
97 100
76 49
66 14
30 6
76 25
88 27
28 7
86 95
84 62
61 44
47 70
6 5
10 29
46 49
47 64
61 63
47 68
23 41
43 67
17 1
91 81
15 93
96 77
56 72
15 30
52 88
35 94
89 44
17 79
87 26
96 83
32 53
24 27
67 88
36 98
100 86
12 93
89 20
78 19
46 16
29 71
12 65
38 49
39 95
3 26
56 61
1 99
12 10
35 46
22 87
52 29
15 60
8 100
6 35
25 2
79 53
50 28
41 35
33 1
44 40
17 44
89 96
99 97
29 20
30 89
80 56
87 92
58 73
1 34
98 9
22 84
83 50
63 56
82 40
10 1
96 26
94 76
56 58
71 47
60 40
40 15
90 16
93 48
39 43
15 48
24 8
39 42
74 91
44 5
74 91
5 8
39 93
50 78
59 91
29 18
20 8
90 8
95 48
10 30
66 12
55 38
93 34
2 2
18 61
62 12
85 20
7 91
75 51
28 66
68 39
36 92
36 86
13 73
1 74
33 93
75 98
87 48
49 99
14 32
93 65
49 11
90 54
96 32
44 40
50 35
13 14
87 69
89 21
22 80
67 50
53 69
79 33
24 73
18 13
64 37
44 21
41 60
3 68
10 64
4 33
47 66
2 67
77 8
55 30
62 8
40 65
50 21
72 82
15 90
85 18
29 78
45 2
4 11
7 22
53 66
43 66
65 65
63 24
58 84
81 2
53 13
81 96
87 63
18 3
80 91
24 88
96 63
65 86
73 55
80 8
74 36
38 50
20 50
16 27
83 95
25 7
1 21
83 62
63 43
78 59
82 38
43 49
80 100
35 73
30 38
49 13
72 38
9 65
96 97
30 8
74 71
6 84
13 63
16 72
56 75
92 35
42 94
16 55
3 27
86 64
47 75
10 87
51 2
63 80
44 34
98 48
47 18
6 83
34 71
97 48
73 53
23 58
4 82
17 64
47 30
73 59
34 83
16 6
32 85
93 57
61 24
15 61
24 53
67 44
53 78
35 90
74 98
21 19
38 60
45 52
94 26
81 28
60 60
75 38
27 76
94 55
13 15
41 87
74 31
4 45
41 27
72 84
77 44
77 17
97 27
41 28
26 60
79 36
77 81
28 67
90 37
88 85
27 83
68 66
99 53
53 65
38 39
35 4
91 77
6 22
50 100
93 70
92 30
85 64
65 81
27 30
8 18
33 61
14 89
77 72
83 71
88 23
37 92
82 22
56 85
88 94
96 35
67 74
87 7
84 81
50 93
69 8
6 25
73 67
54 8
49 86
35 38
92 98
59 92
66 57
87 30
100 97
17 4
76 72
28 60
67 66
15 34
90 28
25 79
96 30
83 47
76 15
27 75
21 76
19 9
37 94
60 6
85 18
46 47
46 3
97 66
83 11
58 92
1 24
67 2
71 92
5 48
32 52
10 10
36 72
96 16
54 92
24 48
84 60
17 30
25 14
90 97
72 15
83 4
6 39
43 36
62 76
14 75
26 68
65 12
86 17
100 45
46 53
90 88
12 33
20 73
44 63
87 69
83 92
33 54
6 4
29 59
47 70
67 3
77 92
5 85
35 21
99 66
85 14
11 69
57 20
44 15
78 27
33 70
15 54
57 100
94 58
89 93
80 9
86 4
98 87
37 19
93 15
61 79
95 5
89 35
26 96
26 15
69 100
95 68
99 23
99 27
90 46
95 91
80 89
94 92
23 58
56 2
20 26
83 38
16 97
20 52
14 83
43 5
33 23
37 87
100 81
54 4
11 92
80 29
22 14
90 70
89 4
100 88
93 36
73 60
71 47
43 85
16 2
16 14
97 66
63 17
87 9
53 80
55 42
15 12
1 40
11 92
57 30
57 92
37 52
74 21
74 17
3 69
95 60
61 18
58 39
18 80
99 65
21 96
22 72
29 59
49 7
100 17
95 42
77 76
88 84
54 46
94 72
55 8
96 82
28 80
42 54
22 55
21 12
47 61
79 71
52 22
33 68
53 17
46 18
81 77
8 68
42 12
35 97
83 30
77 32
55 68
81 21
40 89
57 64
60 19
44 42
57 95
46 21
51 22
93 15
36 64
83 74
27 90
45 64
18 31
86 58
36 87
81 44
36 19
41 7
37 39
50 81
4 85
13 49
54 45
39 40
28 98
92 62
86 79
73 20
100 48
60 34
96 43
4 55
47 88
54 61
27 93
47 11
48 5
38 27
52 73
96 44
42 88
12 12
59 95
6 95
80 14
15 9
34 67
30 70
14 39
44 32
86 57
45 78
84 18
5 75
93 70
21 70
90 89
50 100
69 26
95 92
70 85
46 55
45 35
3 18
43 93
45 95
53 27
84 35
15 32
86 79
23 85
45 27
65 18
17 98
22 24
90 28
36 43
57 33
14 33
100 86
89 10
26 91
63 51
67 94
8 34
93 80
88 70
31 53
72 18
94 99
21 61
5 74
51 18
94 16
88 68
93 7
51 27
48 22
70 15
24 59
99 76
33 92
21 23
42 73
18 39
84 69
10 53
57 43
79 40
73 95
85 85
81 82
77 16
39 9
48 62
12 53
69 39
22 99
55 63
18 12
6 95
79 53
39 13
25 58
64 50
72 94
1 53
79 56
2 97
47 22
25 83
67 89
20 91
35 42
18 79
1 93
53 72
87 19
21 56
75 97
36 22
73 95
29 29
56 90
47 5
14 64
80 3
55 9
57 58
85 85
35 91
76 49
58 89
51 76
11 7
85 54
41 53
9 90
22 95
29 51
91 11
80 12
87 23
44 27
45 55
100 77
98 64
84 2
19 42
33 54
4 25
10 23
67 67
71 18
86 29
91 61
59 94
22 81
18 25
42 78
32 59
99 2
83 74
10 59
53 30
90 21
29 1
62 49
33 73
55 97
97 48
75 17
97 57
43 23
8 39
77 71
20 87
48 98
78 73
73 5
40 58
33 100
58 41
28 80
24 47
41 9
7 61
8 4
52 29
95 94
89 69
100 91
92 97
51 79
87 4
59 17
35 91
5 85
16 89
2 84
74 48
21 12
95 32
73 98
1 28
35 58
78 19
26 37
32 89
13 96
17 66
12 79
21 52
42 56
53 39
88 84
9 43
20 2
81 55
45 46
77 7
77 97
28 23
88 65
56 82
82 12
53 61
29 10
32 15
52 67
19 8
13 74
14 69
4 35
56 100
26 95
96 47
43 33
38 75
49 3
34 60
4 44
100 18
86 38
42 48
38 57
89 76
34 95
87 40
67 49
67 66
57 12
60 39
91 79
42 10
69 92
76 31
31 42
60 62
30 39
27 26
81 77
99 98
61 33
55 30
35 67
95 29
8 39
39 31
97 95
43 78
84 59
17 37
89 32
80 94
70 86
93 4
64 64
92 79
73 92
48 11
35 75
4 24
2 28
43 70
58 38
19 75
59 2
58 98
59 91
76 68
59 76
94 21
29 60
80 86
93 95
97 10
57 99
14 9
52 34
33 37
41 22
94 95
77 63
52 59
22 19
21 1
80 52
91 18
39 33
8 74
25 2
61 46
41 68
1 64
92 12
73 60
8 35
98 38
64 3
52 38
42 43
84 41
27 79
69 97
61 49
64 100
18 70
51 89
28 10
85 86
6 91
94 6
14 40
57 71
47 26
34 42
31 57
12 79
62 13
33 10
77 92
57 68
75 83
76 99
64 73
96 72
100 46
59 46
71 77
21 55
92 33
42 71
34 36
98 17
32 34
91 82
33 26
4 56
38 99
65 10
34 65
91 23
87 1
98 6
23 17
82 26
30 92
91 44
28 99
6 6
44 57
80 10
85 38
99 24
97 79
68 68
90 31
25 83
55 16
32 72
13 89
50 61
68 19
82 21
24 99
90 72
19 70
80 87
55 30
72 8
54 76
26 30
58 37
75 56
97 24
84 16
76 98
55 48
64 15
63 4
63 55
13 69
95 33
5 28
93 28
90 6
64 55
89 100
10 83
69 50
98 56
67 95
88 89
95 17
53 55
35 95
6 46
75 60
35 81
2 25
39 95
7 24
44 88
13 60
47 58
37 51
43 45
87 57
23 56
20 26
25 85
5 52
16 56
47 19
19 27
86 10
97 69
4 93
16 90
87 35
29 16
18 70
70 79
66 45
91 7
27 61
65 5
7 36
71 13
25 33
94 19
23 28
96 73
33 63
30 9
7 56
67 50
81 86
12 13
34 8
50 8
69 3
2 89
39 9
48 6
47 77
66 51
37 70
11 100
91 23
49 3
46 10
21 56
79 83
95 13
77 11
96 24
86 22
94 68
76 39
54 55
88 43
34 88
22 42
17 64
57 22
67 55
62 98
83 68
35 41
92 50
25 48
76 43
12 81
13 39
12 58
27 58
8 52
5 35
64 64
69 69
54 61
7 53
26 84
66 45
2 83
23 13
13 56
56 29
31 9
79 11
10 57
64 45
58 42
21 78
36 50
65 38
67 66
16 84
89 89
41 3
51 49
81 38
99 70
57 92
87 48
3 58
4 80
54 58
63 61
8 74
81 54
47 85
53 44
26 23
41 68
71 77
76 86
78 59
85 15
37 75
58 64
46 95
4 84
19 54
11 37
85 29
54 80
10 70
49 52
44 44
10 29
82 9
98 68
59 60
58 44
15 17
49 15
68 31
66 83
46 24
91 86
67 63
14 46
71 78
74 90
56 73
87 28
24 72
83 9
24 55
13 25
23 72
53 90
28 17
62 3
79 41
89 4
8 25
93 7
16 1
79 28
17 63
87 98
6 63
68 41
77 44
10 40
55 63
37 48
74 12
74 29
13 6
11 70
38 61
71 3
25 56
62 26
94 83
22 72
27 23
5 42
2 53
59 30
56 85
89 42
39 95
35 72
49 20
33 17
92 69
16 23
77 78
42 18
3 29
97 4
39 41
60 33
17 27
33 92
39 46
99 11
75 26
84 92
85 90
20 77
11 38
90 6
51 77
13 93
14 71
96 72
41 87
93 28
56 86
85 78
69 97
8 29
33 57
66 39
86 74
76 27
10 50
94 98
85 55
27 62
15 73
40 100
16 85
32 100
69 33
3 36
94 53
81 17
32 62
90 94
42 37
15 75
89 10
92 20
21 28
46 3
85 36
71 65
33 63
26 46
29 21
37 21
52 16
100 69
68 37
71 93
42 73
96 91
14 3
42 76
42 28
45 9
31 66
11 71
19 78
15 21
93 3
45 54
46 46
3 79
11 64
79 22
13 96
83 71
10 7
10 42
69 98
53 71
51 20
40 27
42 73
77 93
54 12
75 76
24 79
40 96
64 68
2 42
6 53
48 2
94 71
68 50
7 41
71 14
91 70
48 10
61 28
4 47
11 11
94 90
97 97
32 9
13 97
5 24
74 63
55 79
45 44
3 14
27 53
8 66
62 12
87 30
44 15
5 20
95 65
81 19
4 100
47 70
83 80
59 42
74 41
32 50
25 27
22 74
73 42
16 84
97 24
98 24
32 99
39 26
90 20
72 51
55 35
72 63
95 24
75 76
2 78
4 42
91 30
25 74
42 27
56 99
27 63
80 66
35 99
62 42
9 18
23 81
2 62
100 10
10 85
58 61
38 87
3 16
31 62
23 5
47 1
36 28
23 80
75 73
29 100
41 65
45 67
42 63
27 69
24 92
72 69
89 33
40 92
95 99
11 8
31 82
33 62
5 70
35 96
31 65
94 55
73 50
31 96
39 39
2 37
38 17
8 52
60 16
63 85
9 38
14 13
82 69
82 89
31 39
82 59
57 26
85 21
30 72
26 32
9 90
96 15
27 79
78 87
63 93
65 36
48 64
77 25
33 35
36 96
13 56
63 73
28 69
84 17
35 46
26 48
19 35
24 4
1 1
71 40
13 85
43 62
57 60
81 10
80 27
38 17
56 15
69 68
95 38
57 10
46 53
29 26
19 44
45 31
56 31
9 96
85 36
3 93
98 2
81 67
49 70
98 19
69 17
98 29
90 78
60 35
57 87
68 92
89 13
37 51
74 86
81 39
18 38
90 31
83 30
23 33
2 37
11 55
37 80
50 100
93 40
73 53
14 43
92 73
6 76
32 6
35 65
28 30
33 64
8 78
87 82
2 62
90 74
79 59
65 48
46 39
21 39
66 83
84 81
53 72
55 40
30 61
61 91
100 25
47 89
36 14
82 11
87 67
49 63
38 48
88 1
20 84
41 35
9 83
45 92
71 4
25 11
8 11
14 1
64 83
14 97
40 62
85 71
37 48
33 38
63 45
40 17
85 76
9 66
21 33
85 34
15 51
23 46
79 5
63 89
73 89
3 88
3 40
67 2
66 86
14 91
17 21
68 81
99 77
19 67
16 21
27 55
29 38
14 8
27 69
95 26
58 100
86 85
81 72
19 67
76 64
92 84
53 89
75 98
2 9
93 26
45 44
98 51
18 43
54 18
51 12
33 84
32 86
23 26
24 36
54 31
90 19
42 57
64 10
26 29
87 51
12 37
76 44
15 19
76 2
80 100
55 55
32 85
11 45
64 77
60 79
35 20
54 49
58 86
65 71
9 24
73 60
87 57
98 73
77 43
47 15
2 95
5 57
90 61
21 5
62 17
58 15
76 27
56 71
86 12
12 62
9 23
18 35
3 29
48 3
70 75
52 89
83 56
19 5
44 76
44 95
57 27
78 78
11 74
8 76
10 20
48 14
30 36
28 34
17 47
84 23
5 5
63 25
49 5
3 28
4 64
48 24
30 71
11 89
26 89
39 79
94 59
23 77
41 6
24 40
97 37
22 16
18 67
12 30
24 91
32 18
33 84
87 26
73 63
36 33
35 69
83 2
19 50
78 79
35 28
41 36
39 94
55 81
56 92
49 76
13 5
9 85
47 84
59 44
71 12
19 81
63 25
40 8
34 70
38 41
32 18
85 40
52 51
85 15
87 18
38 56
36 100
75 40
36 41
99 39
2 50
95 87
60 21
7 12
69 4
92 26
11 69
39 26
82 81
5 7
46 2
32 1
58 84
30 37
3 40
31 44
31 3
41 51
89 56
100 31
73 73
99 64
21 42
99 24
16 41
84 34
73 67
6 8
45 37
24 52
74 53
44 65
40 90
1 42
71 75
95 72
45 45
91 88
85 18
92 8
9 14
34 42
27 74
79 91
77 1
28 97
93 57
43 6
83 23
3 4
92 2
83 54
36 87
36 83
35 96
19 42
11 16
21 49
56 25
54 63
68 27
13 97
59 39
52 57
44 80
51 63
15 84
25 46
74 12
83 31
43 97
87 56
100 46
100 19
91 21
7 2
47 30
87 63
9 32
87 10
27 37
31 88
23 66
21 16
20 92
41 63
70 59
44 92
12 70
57 67
52 22
98 99
5 56
41 46
91 70
44 21
18 88
79 77
24 88
37 27
91 41
6 97
65 90
6 43
94 92
92 61
10 55
9 34
42 77
87 1
45 69
71 19
96 61
80 9
56 39
49 7
25 36
77 62
71 82
90 79
27 92
90 13
42 63
46 31
14 68
22 65
1 42
76 47
9 77
36 51
81 74
17 83
68 76
55 56
8 84
33 1
63 100
49 53
16 78
90 25
92 98
72 62
57 89
66 89
19 57
34 11
64 77
46 6
86 69
98 63
92 29
7 61
60 95
59 53
67 74
40 21
42 4
95 36
57 24
44 21
63 17
23 68
41 20
37 88
25 11
27 66
47 83
71 80
17 46
3 99
22 55
18 52
95 24
85 4
56 25
26 91
70 68
3 2
73 49
20 33
26 64
48 51
39 27
33 66
100 65
78 44
100 83
5 67
34 97
4 52
59 2
32 84
44 77
26 32
47 4
20 52
49 55
98 92
75 37
6 96
75 31
63 46
51 82
24 99
89 29
24 8
17 91
77 96
30 62
16 100
90 23
15 90
58 46
33 22
26 3
50 58
21 20
60 93
80 25
9 20
67 34
35 83
20 8
1 83
75 19
91 66
48 56
58 54
36 31
25 75
53 97
35 32
77 2
67 41
3 27
9 57
49 95
33 83
1 16
82 35
68 4
56 66
75 24
47 70
14 19
51 64
16 19
98 43
59 30
65 64
59 9
61 53
84 17
96 68
64 11
13 97
54 10
49 94
20 85
87 63
55 80
28 23
87 96
86 82
93 73
30 53
17 27
2 26
30 42
21 27
49 11
31 13
55 81
98 56
14 62
81 16
69 18
25 18
34 69
64 24
77 9
44 73
90 73
13 46
67 31
31 24
75 38
34 14
9 95
56 43
23 24
99 59
11 6
99 67
45 4
41 43
82 54
63 45
32 56
58 95
57 100
84 93
33 19
57 4
85 22
65 42
30 38
18 3
87 68
48 72
94 36
17 57
9 20
7 99
37 32
16 7
86 43
43 95
54 38
12 39
33 11
27 16
35 34
86 5
72 77
60 93
2 51
58 35
11 7
67 18
89 48
51 95
18 60
7 83
42 13
98 10
59 100
4 1
47 1
79 27
74 76
20 65
85 48
26 84
86 33
91 49
19 15
99 5
94 46
54 29
63 55
17 48
84 14
72 56
76 15
41 60
30 49
18 36
8 88
22 76
9 6
1 5
68 46
30 63
49 36
68 43
34 15
59 45
83 54
56 3
9 85
34 60
87 74
83 57
8 100
88 39
45 84
82 34
96 77
25 66
60 60
10 87
15 69
61 20
35 20
63 71
2 4
38 11
14 37
6 64
61 44
37 78
31 79
57 27
38 7
25 23
12 2
36 20
15 8
51 70
52 89
68 70
92 53
97 73
42 40
22 35
73 51
20 98
95 6
50 61
91 2
87 95
10 92
95 42
24 14
96 10
29 22
3 16
83 7
3 42
18 7
53 79
38 6
14 66
98 7
95 6
58 10
95 36
93 93
85 56
90 2
42 95
74 13
38 7
67 88
95 56
10 46
8 7
4 3
4 67
71 97
6 54
83 89
57 34
84 17
88 85
63 91
1 5
20 75
69 53
29 10
1 53
81 82
23 39
48 64
78 83
28 83
33 90
90 8
8 7
32 46
68 9
89 19
98 6
88 1
30 51
30 49
83 29
7 16
8 91
35 11
6 58
89 20
83 45
47 56
19 84
24 31
15 81
96 38
75 35
60 75
48 51
17 66
31 7
31 74
13 91
96 68
73 100
12 6
15 21
97 58
42 12
82 43
75 35
1 76
85 63
24 8
64 19
59 89
28 70
8 69
43 31
13 55
26 69
30 5
45 91
82 22
65 96
90 64
60 84
79 14
40 5
12 95
89 65
19 19
78 70
35 53
8 90
37 56
45 82
61 26
92 21
66 37
25 93
65 96
30 48
82 55
52 86
12 55
68 94
80 92
22 35
68 97
90 74
52 56
61 61
35 24
91 76
37 50
96 95
1 54
7 41
47 46
30 33
100 76
7 60
91 7
93 51
40 76
63 76
86 75
60 52
10 96
60 95
7 92
21 32
11 83
14 68
18 16
72 86
46 54
72 11
52 80
9 51
13 45
4 55
77 78
86 26
9 63
31 93
11 41
29 20
83 28
60 39
48 23
42 52
77 88
77 11
50 49
21 66
95 89
36 9
32 95
96 50
46 20
60 1
22 90
18 23
24 44
68 77
51 54
26 16
15 10
65 2
37 25
22 42
53 11
73 24
55 53
41 92
58 19
96 60
65 80
52 46
84 37
11 8
85 62
41 88
17 54
89 88
93 82
82 41
61 61
73 75
80 51
72 81
51 2
1 27
28 82
70 93
8 65
39 47
69 5
29 97
32 74
46 12
66 62
26 8
78 7
30 21
37 74
36 98
35 28
97 91
18 82
7 90
7 44
23 98
90 28
17 27
34 21
70 26
29 76
20 50
27 39
6 24
81 4
6 43
92 25
83 100
81 44
25 79
80 99
100 54
16 63
88 58
86 52
99 55
58 34
99 94
35 5
22 35
91 77
6 40
71 71
83 23
98 18
29 18
92 59
54 50
76 98
65 27
45 76
74 65
87 2
69 68
100 19
7 57
33 52
38 1
23 33
3 15
14 80
41 64
40 74
55 74
11 49
53 34
40 24
6 100
4 7
15 89
86 57
27 49
15 80
50 67
75 94
33 54
3 24
55 70
46 79
49 56
81 61
43 49
27 48
11 65
37 31
77 35
49 83
90 86
89 71
33 71
46 63
37 34
73 35
28 100
91 99
82 55
75 39
74 67
25 29
61 22
55 38
10 69
4 79
57 42
10 54
11 92
57 49
88 82
49 49
32 70
1 89
82 92
48 2
86 29
30 21
50 49
31 35
89 52
17 46
38 8
96 9
90 47
16 88
17 28
15 30
49 88
23 68
41 100
92 76
20 46
53 23
76 99
51 70
95 42
8 100
3 95
14 3
41 31
39 100
41 27
98 20
37 33
26 19
26 80
22 28
37 2
64 79
59 72
56 82
45 80
100 20
61 80
34 3
4 61
51 35
46 67
47 87
66 44
22 41
33 49
41 26
5 72
93 23
1 44
57 77
30 69
69 90
31 24
76 51
29 16
82 83
20 42
72 31
11 55
49 46
62 51
61 84
58 35
28 95
70 36
62 86
55 28
50 89
86 12
78 58
81 64
69 42
2 2
91 76
22 78
34 45
18 39
42 1
95 16
73 90
74 79
91 21
69 91
69 99
46 15
62 36
91 67
63 87
8 84
64 39
78 95
50 34
98 58
88 26
25 96
95 41
37 77
88 26
53 100
61 82
71 51
100 5
66 52
48 66
77 25
92 11
58 21
9 45
26 44
61 27
81 44
78 76
34 77
47 70
69 97
33 4
61 83
35 26
61 78
12 21
83 48
85 16
15 51
35 76
13 76
52 55
50 69
17 42
2 63
54 14
51 71
22 65
41 12
10 4
91 34
71 59
87 87
40 23
34 74
4 78
12 84
19 84
4 93
85 2
47 94
68 85
51 3
71 91
77 82
81 40
72 96
40 69
76 44
20 11
11 95
71 27
66 36
1 15
91 19
12 27
78 34
52 56
70 57
65 96
64 6
4 40
24 48
74 59
16 80
59 38
28 43
26 68
24 22
53 82
71 71
62 84
72 2
38 81
62 13
42 74
50 25
71 16
98 98
2 58
65 36
89 96
34 71
10 86
26 77
79 93
80 7
21 97
56 27
100 10
95 87
77 99
17 66
67 16
55 15
75 91
5 97
19 21
33 68
31 72
12 10
37 14
40 55
16 96
97 99
89 69
81 23
77 58
9 73
29 100
57 23
87 60
28 63
25 20
67 73
88 94
11 93
71 31
46 74
22 41
18 42
90 44
70 74
17 83
18 46
93 42
73 8
21 62
98 28
51 19
17 45
100 83
48 42
15 35
28 7
82 61
25 55
92 38
52 58
18 62
66 41
18 57
19 16
48 86
26 44
7 77
61 16
31 54
13 20
36 54
53 96
45 16
36 95
65 54
88 10
25 46
7 91
47 42
61 34
83 59
11 94
23 23
67 40
17 14
23 67
22 63
7 15
47 94
8 73
7 19
86 23
28 19
40 49
72 88
64 75
99 30
72 15
80 84
1 2
93 94
92 67
87 74
73 42
14 22
74 77
5 45
25 69
37 41
24 37
58 44
100 33
66 78
14 89
61 42
61 2
38 50
46 6
16 58
35 75
66 65
61 1
100 30
43 4
40 50
52 93
77 62
59 11
99 81
28 35
91 56
98 32
51 2
75 34
39 50
8 59
21 24
71 30
52 7
99 57
47 5
23 38
18 46
28 24
89 54
99 28
32 8
43 70
49 15
21 10
51 6
4 78
82 10
53 33
78 32
27 40
67 67
76 26
16 98
46 64
78 25
31 47
70 83
42 73
43 7
77 16
89 93
37 35
98 98
63 3
72 99
79 46
68 43
81 82
2 13
38 34
76 28
42 59
11 3
51 30
25 36
37 15
67 89
95 70
99 99
70 31
4 61
71 6
47 1
93 76
48 21
80 82
15 24
83 85
84 99
92 25
98 9
17 84
57 25
73 34
70 78
57 74
85 39
15 44
27 83
21 26
74 55
94 78
69 36
38 69
74 43
55 35
80 72
10 8
3 48
51 28
52 86
68 12
84 26
50 92
18 30
67 59
22 92
15 19
50 94
86 27
86 66
32 77
74 32
99 19
14 41
6 57
44 71
92 77
46 11
67 59
72 84
1 36
23 16
73 72
28 13
67 18
8 18
94 34
36 21
21 74
56 56
73 90
58 34
12 7
18 24
91 10
39 44
88 8
94 25
27 56
90 21
68 58
41 34
47 4
80 51
47 62
84 88
50 46
84 87
87 38
14 62
13 18
97 78
66 25
30 79
11 21
85 45
70 8
74 97
58 50
88 11
62 28
42 76
89 3
18 49
86 96
45 93
88 95
58 1
100 100
58 15
95 71
10 27
58 44
35 28
34 39
100 42
79 97
5 55
3 66
2 21
82 99
59 67
55 66
4 43
65 71
77 14
90 100
3 13
23 14
10 68
36 42
70 42
56 12
75 52
19 18
51 93
69 70
15 83
86 53
16 76
7 98
36 54
89 24
66 9
38 12
93 21
72 50
40 75
40 18
51 71
49 17
94 69
99 26
46 19
63 87
51 29
46 74
18 96
83 100
96 53
87 90
89 29
12 63
46 47
30 34
58 19
67 81
57 53
8 53
59 76
23 60
4 94
79 99
26 5
6 89
20 26
19 19
87 80
42 23
8 40
65 51
25 94
61 95
59 40
67 59
9 87
89 49
8 74
45 67
16 10
90 68
8 10
24 32
57 17
55 42
26 13
26 50
6 42
12 43
49 70
75 7
97 30
34 84
90 62
48 15
67 88
52 92
99 90
55 51
91 60
88 37
40 97
28 84
24 61
5 93
43 4
79 86
24 50
86 18
9 41
27 99
73 47
78 47
84 68
62 6
52 95
49 96
68 74
99 26
2 94
8 55
29 27
10 22
89 84
36 66
79 16
63 67
19 24
55 26
31 67
63 48
72 2
43 7
58 51
3 59
41 39
85 55
52 79
98 80
92 16
34 24
54 77
86 79
53 57
97 9
16 47
97 45
80 56
74 51
87 11
44 87
75 67
53 20
41 75
12 70
39 43
35 18
64 72
93 19
54 3
1 45
78 42
22 85
63 41
65 98
90 87
77 94
6 25
13 29
26 50
12 31
68 15
93 26
37 40
75 39
7 89
62 80
70 85
65 54
8 37
42 95
35 89
100 2
76 86
64 60
89 11
27 26
92 97
60 48
1 51
55 1
19 54
59 25
79 58
5 49
13 60
55 83
4 72
83 64
62 24
68 72
43 83
42 8
74 20
95 78
76 25
3 71
86 48
25 19
64 81
16 67
97 10
57 49
83 6
57 95
54 87
96 100
40 26
20 3
63 98
87 11
32 93
8 54
54 59
36 25
58 86
23 88
17 73
97 97
93 21
6 76
37 60
58 88
75 9
15 57
85 58
32 15
53 47
9 83
74 6
36 33
15 21
74 45
65 54
24 33
73 97
68 52
48 24
19 51
37 66
95 22
63 47
16 45
36 52
56 88
6 37
2 43
33 43
26 12
98 100
30 4
100 42
96 9
93 26
59 91
71 30
15 78
43 76
40 13
59 27
17 36
89 37
80 93
3 83
43 7
94 22
96 11
1 74
42 4
24 61
97 1
43 79
13 51
76 75
55 14
30 79
30 49
93 61
20 4
60 11
73 29
98 46
72 55
92 36
22 5
77 86
7 95
33 9
67 95
55 9
87 77
30 75
8 9
99 39
22 97
87 74
14 62
52 40
1 93
65 40
28 51
98 10
54 97
61 95
62 74
97 43
48 81
100 30
65 61
41 49
80 86
25 54
95 47
22 60
52 100
71 66
69 39
20 65
15 50
66 63
1 28
33 18
21 16
10 15
59 15
54 88
57 1
54 40
31 76
34 27
58 15
55 19
50 96
66 33
10 92
89 1
39 68
29 14
66 90
53 11
1 79
59 67
84 60
37 25
91 43
1 44
50 7
58 91
93 41
50 80
54 6
43 31
57 100
37 73
20 33
3 72
99 35
64 90
72 90
55 62
92 63
72 95
92 58
24 48
52 94
43 86
6 37
26 54
51 76
36 8
62 28
3 43
54 52
74 7
63 66
85 73
68 83
7 93
99 63
21 35
85 90
74 29
7 43
2 78
12 33
100 69
69 34
71 65
71 53
99 18
11 36
40 65
88 47
47 94
64 1
11 91
46 63
39 83
2 66
23 5
64 16
42 44
34 66
62 59
87 89
56 3
87 18
89 73
31 99
96 6
67 26
44 40
47 41
93 63
67 84
84 93
20 2
32 69
65 60
30 26
14 26
13 64
37 33
1 12
34 61
45 41
11 69
47 40
63 46
27 39
51 79
70 76
21 7
44 83
76 52
89 86
57 90
35 48
26 51
85 82
83 31
72 61
75 46
2 20
82 11
49 41
88 17
71 19
62 52
86 16
60 86
92 6
25 78
90 24
45 44
60 68
54 77
8 62
13 34
6 2
83 12
41 33
52 53
35 100
41 25
20 46
7 53
14 40
77 89
25 93
56 35
63 32
36 13
63 100
69 56
67 28
38 87
12 92
75 26
35 30
41 67
34 64
95 29
87 60
63 90
75 45
84 43
53 19
5 91
19 6
99 1
17 9
90 87
66 100
82 57
44 61
14 12
61 57
92 34
2 2
2 28
33 10
44 3
66 90
44 52
24 40
29 71
6 44
4 57
86 94
67 14
92 11
73 10
3 18
25 17
35 53
61 98
90 49
96 13
78 94
74 9
8 79
14 70
93 75
37 2
3 23
9 50
44 85
70 80
50 82
64 90
59 27
15 55
96 20
84 84
97 50
56 5
10 18
3 16
32 95
16 21
16 29
71 45
10 7
68 64
23 12
44 12
85 59
51 37
48 51
49 42
98 3
9 1
94 33
75 62
95 29
65 99
12 78
85 62
9 28
79 20
80 49
65 23
44 74
38 48
54 69
27 74
46 23
33 35
8 5
41 80
24 93
47 85
37 60
39 37
29 40
95 91
29 37
46 3
31 70
10 59
47 29
54 96
25 40
97 61
7 43
55 56
91 28
5 98
34 88
91 21
11 69
83 96
88 56
20 87
68 4
68 91
78 80
47 11
59 67
10 18
92 30
56 72
14 87
64 64
96 66
97 7
15 78
52 24
22 67
52 88
23 36
34 52
40 28
97 46
14 87
59 83
93 73
11 57
77 63
2 14
62 87
80 8
1 54
17 42
1 12
68 65
36 40
39 13
98 1
6 74
35 97
28 15
62 66
99 90
63 66
52 29
39 10
52 64
25 13
63 83
16 37
40 39
53 15
100 83
79 47
85 68
11 59
7 92
12 79
99 76
56 34
70 67
76 33
7 67
50 67
9 55
76 71
40 12
84 100
32 16
10 29
74 78
55 87
2 88
10 35
43 20
90 21
84 17
18 57
93 100
15 42
6 5
99 82
61 16
22 75
94 63
65 7
21 93
67 84
60 38
25 100
54 42
54 60
11 43
90 67
68 45
77 17
95 58
15 33
95 31
79 25
14 93
28 85
73 27
86 51
82 44
70 84
51 26
44 41
18 77
2 58
42 91
65 63
76 31
30 37
24 18
68 87
44 37
27 78
40 19
41 19
68 41
95 12
71 28
50 59
34 78
66 21
81 73
23 89
26 64
28 70
48 1
46 92
86 51
38 37
8 47
1 39
97 10
21 60
77 85
91 25
25 2
72 98
92 35
73 66
15 33
98 99
96 71
82 15
86 13
14 77
36 85
84 29
82 36
91 6
78 41
32 89
89 45
35 9
97 41
58 71
24 31
14 51
64 1
93 29
84 43
41 36
76 36
87 49
73 49
38 65
34 100
81 73
99 45
51 53
21 3
22 5
60 6
7 88
63 64
90 19
42 47
39 72
10 97
32 36
8 41
38 90
9 52
39 37
98 68
60 30
16 74
64 99
56 10
96 76
42 41
10 59
96 69
87 29
84 67
88 47
92 11
50 68
62 46
54 27
72 94
80 66
9 65
1 66
49 59
78 31
19 31
68 16
56 29
76 10
61 30
63 1
61 52
12 76
24 44
33 76
65 15
72 68
37 4
95 49
41 77
82 92
9 75
8 8
27 23
70 81
69 49
10 94
100 31
53 47
99 25
86 3
37 22
24 99
58 5
89 16
69 65
23 9
66 66
46 89
51 52
25 2
62 18
20 37
29 81
30 27
27 24
21 5
29 53
43 46
42 28
7 44
59 46
22 98
37 48
89 66
97 92
27 73
71 9
44 20
2 75
46 67
37 80
69 15
5 85
7 16
59 94
18 79
79 14
54 75
4 73
53 13
93 68
96 89
24 71
36 74
97 97
66 43
47 57
16 76
69 40
7 59
90 16
31 11
66 21
29 83
88 50
67 49
58 39
80 76
95 34
6 76
73 6
58 7
52 78
24 67
32 77
98 87
97 8
55 86
66 53
82 1
67 81
68 88
89 16
20 12
5 64
64 94
36 11
81 65
68 56
98 81
31 34
93 63
32 85
17 48
43 66
98 47
73 80
85 39
27 88
11 77
15 92
49 74
74 30
41 92
97 69
97 31
58 12
61 62
99 24
26 67
38 71
18 33
76 8
48 92
67 69
3 69
88 92
45 46
84 19
97 18
10 39
26 100
24 65
62 71
28 3
69 57
1 63
43 64
85 83
86 12
54 88
55 17
73 21
27 34
26 72
95 4
28 33
65 82
75 8
91 58
5 6
80 84
4 34
41 32
6 81
33 98
3 3
14 63
36 79
73 86
76 60
98 63
72 98
20 66
9 76
31 64
99 93
74 67
11 14
42 72
1 57
12 29
16 58
3 52
25 27
45 38
81 46
51 29
97 24
75 37
95 72
60 49
93 52
12 96
10 45
44 2
63 21
76 5
66 25
85 17
15 68
72 33
52 57
12 11
28 8
50 7
7 69
78 4
76 94
90 52
63 89
49 38
54 23
16 49
72 69
95 30
70 56
9 72
44 58
38 78
16 76
83 100
87 66
76 81
79 59
74 71
3 23
71 66
89 63
76 44
1 50
75 26
10 36
21 94
16 69
77 40
62 39
51 20
11 44
88 17
33 86
10 65
6 37
24 25
22 52
29 90
26 46
52 93
42 39
100 90
38 14
83 82
38 34
93 92
46 93
3 43
13 65
10 99
60 54
77 84
65 43
39 9
44 55
97 90
57 63
26 62
65 25
70 76
67 27
97 6
48 39
16 99
87 54
72 17
16 86
95 98
54 71
66 17
57 84
78 17
97 56
59 65
8 21
34 46
77 20
32 47
91 27
76 96
33 57
9 75
73 55
85 6
26 80
12 13
22 64
73 15
24 8
87 24
91 2
74 89
10 87
76 1
62 6
48 47
68 48
46 55
43 80
11 92
25 62
25 16
40 1
4 15
87 27
5 82
75 73
8 91
1 94
98 100
88 84
43 10
24 76
46 36
99 9
75 14
24 63
80 7
97 62
48 32
80 68
75 74
30 70
31 19
45 81
70 38
37 61
15 75
24 27
76 85
27 20
49 65
100 19
91 54
62 35
42 72
62 89
74 80
85 59
63 91
47 65
76 74
63 13
92 31
38 48
23 78
67 35
9 45
91 76
14 23
28 13
72 30
87 51
49 42
49 55
43 82
94 32
1 44
57 30
92 75
12 68
89 24
13 42
84 1
90 56
51 64
42 47
42 71
46 42
36 69
20 47
11 58
32 76
52 35
3 28
24 14
69 61
11 59
78 5
80 16
20 87
83 62
58 79
37 66
76 90
8 68
86 80
93 21
14 40
46 49
99 22
87 69
45 30
38 73
52 61
31 24
67 95
50 80
47 69
83 49
62 31
99 51
38 71
73 93
46 83
93 28
9 11
45 7
16 9
3 91
71 24
19 2
2 76
75 68
33 10
30 1
33 94
77 34
20 46
83 37
68 13
23 59
76 31
49 42
23 45
62 73
87 5
39 72
93 3
13 39
31 86
14 58
10 92
40 74
82 76
28 48
18 42
48 60
90 66
64 18
41 87
51 37
69 39
25 38
73 7
41 64
14 14
54 74
73 100
27 27
38 50
74 55
59 77
95 74
35 79
71 29
56 37
96 94
19 95
60 49
44 45
61 66
97 12
84 73
78 71
47 47
80 46
21 76
50 96
59 14
15 22
66 72
70 36
58 13
3 18
82 56
78 60
20 81
82 51
52 86
31 100
20 90
17 70
77 92
88 8
77 68
16 14
32 77
28 19
92 73
50 91
7 1
27 92
70 12
42 28
16 34
99 82
80 63
5 58
61 43
18 91
75 15
58 22
15 92
78 81
2 49
94 18
70 75
91 54
45 17
21 28
77 90
74 87
24 86
38 33
43 51
39 41
20 21
86 6
95 99
97 43
91 70
17 89
96 74
95 86
34 65
44 29
2 41
59 39
43 66
67 99
58 21
31 81
96 76
81 30
86 23
37 29
77 57
18 57
41 96
38 32
50 68
68 61
51 48
73 53
41 90
27 91
62 74
46 77
8 10
77 25
53 58
4 36
38 71
66 5
97 15
93 38
66 25
87 14
100 2
14 52
29 42
47 56
30 72
44 71
96 51
63 92
51 96
30 43
47 77
78 79
8 19
48 77
73 70
21 93
70 19
31 18
22 39
25 20
86 23
58 87
96 22
20 87
94 94
64 56
84 58
84 14
45 19
63 32
92 62
89 49
2 99
95 62
31 79
29 89
9 13
47 6
12 91
91 60
26 54
76 90
96 85
9 60
74 23
81 11
3 78
26 31
46 64
5 99
74 65
46 57
13 49
52 99
65 82
38 80
27 83
45 99
33 62
3 90
34 88
6 93
67 15
22 98
52 77
84 3
6 93
69 42
77 28
61 97
19 86
9 39
84 19
19 41
25 57
67 91
64 97
10 1
2 53
53 79
100 58
92 85
57 34
15 75
9 96
6 1
42 64
45 9
82 4
94 28
70 59
9 63
79 85
98 25
57 91
12 74
60 9
62 20
100 2
4 46
29 7
51 13
12 14
68 97
24 42
64 41
74 54
33 49
85 96
61 45
53 67
59 9
100 11
40 31
42 16
76 13
70 12
57 39
1 75
1 50
11 69
60 98
100 14
61 66
37 81
25 22
45 58
32 46
14 72
43 28
58 9
44 64
5 20
33 57
82 29
8 81
37 57
7 60
6 24
17 53
43 22
99 22
71 23
11 67
90 18
45 98
55 2
75 21
62 93
11 30
7 99
66 19
77 87
26 98
49 28
87 21
6 97
9 78
59 70
40 41
27 26
23 56
28 21
55 49
6 70
48 73
71 50
24 24
71 71
83 56
48 58
49 74
15 77
74 52
51 30
100 58
30 29
91 56
64 68
26 73
66 81
26 97
73 69
46 68
39 49
62 1
10 40
4 22
17 29
40 10
97 90
74 99
77 91
64 36
64 86
81 15
91 54
13 91
30 79
92 17
86 77
30 74
24 98
37 76
8 4
56 33
83 5
76 27
61 29
8 49
71 25
62 66
50 57
82 23
90 70
92 88
42 63
23 48
17 59
92 46
51 34
49 37
66 68
100 71
19 70
12 51
36 29
47 13
49 51
23 15
32 27
49 70
39 74
37 15
96 89
34 86
87 61
96 54
9 18
78 25
41 65
73 30
42 66
98 100
76 62
31 57
41 60
81 23
99 84
56 82
99 81
32 43
86 69
85 100
36 69
17 100
65 87
5 3
17 61
40 63
51 94
91 19
45 88
36 30
13 82
1 31
3 22
89 26
53 89
51 13
58 48
96 77
74 98
73 92
46 77
10 88
11 16
83 90
61 99
62 45
97 70
72 95
83 85
91 6
47 39
21 42
73 19
30 8
27 24
2 70
71 39
98 11
46 39
18 44
89 21
48 45
94 14
87 12
72 76
83 49
36 70
19 5
84 37
88 98
84 44
13 18
36 32
37 82
92 83
24 6
46 82
72 69
94 57
27 23
34 47
97 25
54 19
3 36
25 97
78 30
92 81
69 45
18 80
27 59
82 27
28 30
93 51
38 14
21 7
64 80
74 26
90 38
81 17
96 82
92 78
46 24
46 39
58 68
78 73
53 58
99 27
3 38
18 86
47 22
64 94
59 78
84 84
62 57
45 46
7 44
5 18
50 86
53 6
5 99
19 80
38 5
96 97
55 39
2 6
97 39
86 5
45 71
15 46
85 47
54 71
58 66
19 92
81 90
60 20
96 36
23 17
24 30
63 55
78 93
75 17
14 39
85 77
99 35
32 11
86 20
43 83
69 35
2 14
95 15
19 97
49 79
36 31
96 15
67 31
34 59
60 73
76 42
53 87
99 49
72 40
96 28
82 77
19 70
97 17
89 50
17 38
97 12
46 55
83 69
8 13
60 28
85 97
62 28
84 27
66 29
61 87
8 15
97 29
31 70
69 12
75 34
9 56
24 22
3 78
50 63
28 71
13 73
54 40
71 89
93 40
79 36
95 12
81 54
73 65
72 29
76 72
71 64
52 69
13 27
82 26
17 93
92 88
80 18
98 30
88 92
52 58
85 63
50 25
18 94
12 89
56 41
98 15
5 21
4 99
98 59
89 51
48 67
20 44
28 77
9 75
1 86
43 87
79 63
3 40
11 95
72 43
68 71
65 94
58 80
26 16
73 46
60 35
81 55
99 8
17 27
34 10
74 21
14 78
97 82
2 23
83 68
51 91
70 91
43 100
42 58
66 93
39 9
52 76
80 100
65 40
18 38
73 25
35 66
93 18
95 56
72 99
5 35
50 96
66 87
3 39
23 90
12 42
82 31
74 4
85 4
87 12
60 27
4 26
36 22
46 55
78 89
10 82
67 1
74 60
15 22
38 89
55 42
77 72
7 12
20 38
43 30
69 19
94 17
13 5
29 64
3 25
93 48
90 95
54 47
25 38
60 33
91 91
22 2
57 40
9 60
57 31
21 27
46 17
94 90
9 12
68 44
32 68
23 7
42 1
2 26
55 40
50 27
8 45
24 60
50 67
29 94
97 5
30 34
84 91
96 44
42 55
40 61
56 83
58 4
3 56
15 52
91 54
17 7
91 36
60 80
71 22
23 29
90 63
76 10
28 62
54 61
100 91
55 48
47 41
11 18
11 51
11 8
61 8
66 75
64 99
36 4
46 97
40 99
72 39
37 72
86 68
12 85
66 51
53 92
62 63
77 77
95 52
91 66
1 25
50 60
19 12
75 55
71 60
39 60
81 6
58 78
98 55
20 88
6 89
48 13
61 95
7 74
35 18
70 23
25 21
47 72
50 87
1 84
62 15
14 41
32 73
63 46
59 82
45 25
1 58
36 95
10 82
8 15
73 40
97 94
96 8
20 78
12 14
75 82
43 64
75 99
15 38
91 30
77 70
76 4
85 15
7 58
50 23
48 97
47 62
63 19
85 19
87 60
77 9
48 28
86 67
89 40
91 79
22 47
6 45
82 77
54 30
3 86
61 18
52 44
55 94
14 13
35 52
8 71
81 20
83 84
32 83
54 9
9 3
95 92
45 67
81 10
5 95
24 10
86 84
89 6
82 51
96 85
11 57
88 52
82 58
22 20
44 88
62 53
8 12
67 23
53 67
20 63
35 44
63 51
22 55
81 20
10 46
4 12
70 32
56 96
76 87
69 20
1 86
60 35
34 54
47 41
67 22
86 7
41 31
86 98
33 24
82 37
9 31
33 27
19 56
29 60
32 83
85 78
28 72
74 86
66 62
1 44
34 77
98 86
4 85
30 29
78 85
38 36
61 19
18 64
53 49
87 85
93 77
86 2
67 94
21 44
13 14
49 90
63 20
4 90
72 17
36 1
39 12
55 75
3 39
75 81
100 81
53 92
72 3
70 85
29 97
62 3
17 35
16 48
66 73
64 6
28 67
15 86
17 26
92 78
61 31
84 8
62 60
49 59
96 8
85 84
79 22
24 62
92 70
25 76
36 20
59 54
37 46
18 100
9 68
2 48
52 99
80 41
71 40
82 34
29 4
29 23
95 49
88 58
30 42
73 29
2 34
35 5
96 63
38 5
36 53
80 1
81 14
58 45
14 6
90 85
9 93
39 59
89 31
56 98
60 65
73 89
68 32
84 84
35 65
25 55
33 81
64 70
98 31
34 28
85 44
97 14
74 78
9 47
84 79
46 63
53 49
16 48
100 76
23 62
3 62
71 100
66 1
78 62
18 88
34 77
3 93
94 62
42 65
21 70
61 68
66 48
20 40
70 28
69 44
14 16
88 82
29 5
45 40
38 48
85 41
18 79
57 93
58 51
93 41
4 65
70 11
73 47
93 61
79 81
91 98
23 37
76 27
99 89
43 22
53 3
13 53
94 61
40 47
91 88
72 22
96 71
4 100
58 14
32 55
60 17
41 39
6 49
23 97
18 4
11 63
45 80
37 17
48 75
11 9
18 35
26 60
86 9
23 53
67 13
53 95
28 96
1 31
47 54
38 39
42 88
92 70
92 8
35 45
7 14
88 80
72 31
60 24
33 43
66 90
75 91
40 31
4 83
2 59
97 41
79 64
8 53
7 87
31 86
40 48
46 34
98 14
26 77
7 8
63 83
73 70
25 22
43 3
46 32
84 76
21 96
53 86
44 83
36 88
8 21
94 52
23 64
48 21
75 68
91 35
98 94
11 4
17 58
11 15
35 23
90 16
59 72
28 22
66 2
93 66
52 76
12 87
89 10
11 44
86 16
58 77
30 24
88 26
91 9
21 46
20 99
25 82
75 64
84 1
23 32
68 58
72 53
17 10
42 53
54 82
76 48
58 57
84 1
36 62
35 57
6 77
33 82
15 93
45 38
45 31
53 84
77 82
95 27
53 2
97 39
68 43
38 16
73 20
61 79
49 49
40 19
6 25
3 75
56 33
53 10
17 47
77 11
27 36
6 77
8 78
73 31
19 47
83 64
17 76
31 92
16 7
84 2
33 34
64 96
5 12
48 74
89 50
98 46
7 61
27 92
16 39
3 8
9 48
11 88
41 55
24 33
16 90
62 59
25 61
14 93
88 10
92 59
38 94
3 35
49 55
92 77
76 25
57 4
98 78
51 53
55 21
52 35
84 72
30 93
79 26
66 46
70 97
33 66
78 6
57 86
78 8
48 67
10 84
20 54
44 25
84 83
64 32
76 35
39 36
12 37
77 4
58 91
46 7
19 48
98 22
69 23
61 75
66 99
5 36
74 99
36 54
31 78
9 13
52 76
80 83
46 23
79 84
57 33
93 58
71 15
1 78
89 33
19 59
56 5
11 24
12 87
21 1
89 91
62 11
6 52
19 28
24 69
32 52
26 94
3 84
74 24
41 10
98 25
89 54
88 19
67 54
100 43
16 15
77 12
7 5
89 75
86 21
59 74
39 69
49 46
84 6
60 3
26 32
51 2
52 42
17 58
8 35
74 45
29 56
2 98
52 3
74 53
79 49
14 57
47 47
37 93
70 41
20 15
85 73
19 3
72 42
87 90
96 46
89 12
23 80
6 87
35 10
4 87
65 42
38 59
78 45
97 11
84 24
3 91
6 83
36 75
1 52
74 48
59 73
42 68
91 70
92 100
61 17
54 24
63 52
83 34
58 24
25 27
66 69
12 39
74 52
100 92
92 65
62 4
16 40
35 89
98 80
10 18
98 65
77 30
70 3
63 20
97 66
19 8
5 52
84 54
76 77
8 33
2 77
51 90
68 99
7 6
91 5
72 81
94 1
15 94
3 87
38 18
94 55
99 8
35 42
9 37
48 3
12 6
54 77
100 51
49 50
26 75
48 57
76 26
98 78
62 9
24 26
18 30
61 76
92 74
96 59
27 9
64 40
71 38
35 3
53 81
38 83
84 84
62 27
19 71
58 12
75 53
29 61
29 69
59 90
60 6
40 50
77 67
61 89
97 3
98 85
75 91
88 38
71 27
29 5
69 8
19 39
51 32
86 86
16 38
83 60
45 46
89 9
97 10
76 93
21 40
2 1
64 10
32 31
