10000 41
10 44
86 30
51 32
50 22
50 98
74 94
70 22
55 55
24 91
76 81
27 58
65 7
37 22
77 44
92 31
28 73
53 10
25 9
82 71
25 42
43 3
55 4
31 24
61 95
3 35
38 91
80 77
29 67
60 89
19 39
18 57
51 41
28 14
83 59
17 62
97 68
98 55
52 88
73 10
41 89
40 73
39 91
42 8
19 33
44 30
4 25
27 25
94 76
73 45
34 10
18 55
94 39
97 11
71 89
70 3
81 77
20 1
18 45
36 19
54 75
37 83
3 73
12 58
64 100
34 73
97 33
79 51
92 13
31 82
96 64
54 61
1 46
44 32
76 76
54 41
20 19
68 88
94 75
96 19
78 88
58 61
5 42
8 70
45 50
13 28
23 64
95 86
22 87
85 20
86 86
15 82
36 15
39 31
32 18
34 76
43 74
93 8
44 55
89 80
96 27
93 56
30 7
16 57
21 1
88 39
22 85
76 64
77 92
90 70
88 60
2 61
57 67
50 66
25 81
51 50
23 77
2 27
15 6
16 17
54 13
83 39
44 45
21 98
50 22
38 63
20 23
30 18
83 65
1 81
8 51
88 29
81 98
32 46
52 95
91 56
8 8
23 24
77 83
63 23
73 24
71 22
85 55
75 40
41 24
43 29
23 52
79 80
70 75
77 7
84 7
3 88
87 98
34 56
97 89
31 2
50 98
4 2
81 68
56 93
86 91
69 85
77 79
41 17
35 8
39 54
92 62
84 42
14 28
4 65
98 9
76 41
50 6
77 22
61 2
79 12
51 14
51 49
19 11
50 68
73 7
40 37
82 40
59 50
94 72
28 70
51 60
64 93
7 26
53 85
5 66
61 37
74 77
31 10
2 81
53 12
89 2
58 99
82 59
16 75
44 78
87 75
60 42
9 49
55 7
42 34
24 86
35 19
57 10
74 64
75 87
48 9
83 16
74 41
83 67
23 82
25 61
74 33
19 79
41 25
33 24
71 59
76 81
13 89
54 60
37 92
31 59
28 97
22 26
34 21
28 3
17 32
68 46
42 37
96 65
79 90
89 18
74 74
72 86
2 20
11 27
34 60
70 18
61 4
69 52
13 66
27 10
49 8
84 59
80 2
88 77
10 4
91 19
42 98
91 18
100 22
77 43
96 98
30 71
80 50
26 57
85 49
64 85
31 23
33 87
81 35
22 28
63 29
10 44
2 86
3 79
18 38
52 75
75 14
49 64
27 99
11 4
59 3
47 11
37 41
70 17
25 16
12 66
1 8
56 11
93 96
37 4
4 26
36 63
73 97
25 43
55 27
77 14
69 13
100 6
20 35
36 21
35 59
73 94
81 38
37 90
5 11
68 79
37 80
83 38
98 4
5 15
36 34
42 55
44 50
52 73
73 85
20 91
59 50
18 13
82 96
93 54
23 63
2 61
50 21
46 77
78 98
33 77
91 4
17 65
65 82
18 78
18 71
7 94
28 75
2 65
4 100
75 57
49 81
36 71
100 8
38 41
91 91
73 68
45 11
56 83
52 66
59 15
73 64
19 94
19 40
76 74
93 47
8 12
86 42
50 29
45 66
97 25
39 14
41 59
21 79
95 79
45 87
60 75
88 68
61 86
71 67
61 80
51 90
72 79
91 78
68 43
70 22
100 94
76 41
29 12
39 43
69 25
28 19
40 74
16 15
73 2
84 7
27 94
67 58
76 12
13 75
5 54
64 95
21 65
21 35
9 25
61 54
31 80
53 56
61 63
90 9
59 54
37 56
49 88
15 11
40 22
43 30
92 98
69 84
26 10
28 91
69 63
28 34
3 82
46 17
10 71
64 91
79 26
99 56
86 77
43 5
22 31
61 15
68 43
44 20
35 86
30 55
54 28
41 99
6 75
51 46
28 46
64 35
13 36
42 45
82 37
74 86
81 100
13 61
58 98
57 55
71 34
61 78
96 28
89 15
89 23
15 86
99 62
19 29
42 46
69 56
79 65
27 4
77 76
12 20
32 13
5 44
75 20
93 36
75 82
72 45
76 42
58 57
17 35
29 99
62 11
92 14
91 36
14 78
91 66
35 88
92 90
98 90
88 88
8 66
79 28
5 63
70 3
24 100
34 86
54 3
31 67
39 9
37 1
32 52
4 64
58 3
44 71
97 97
18 84
95 94
94 51
41 93
20 74
100 95
93 96
72 14
19 39
82 35
21 65
74 17
39 50
88 76
65 12
57 17
25 76
67 54
100 98
74 24
29 81
68 51
9 41
97 96
89 62
25 14
95 92
17 35
20 65
33 35
59 89
100 12
34 70
14 98
57 61
17 4
66 92
81 29
41 58
72 7
34 3
21 48
35 21
53 87
17 46
24 85
96 36
96 77
79 94
14 7
99 8
76 80
68 65
46 9
8 63
32 28
22 74
88 59
69 74
5 49
11 67
46 80
12 15
40 22
4 44
87 39
98 99
58 75
92 99
75 58
91 60
19 75
74 16
58 74
89 21
38 88
24 32
41 16
67 67
42 8
37 85
74 5
90 22
38 33
94 44
28 19
10 12
48 65
65 80
78 93
94 81
69 48
62 65
24 61
60 9
55 69
66 12
18 5
10 16
3 64
53 77
97 22
86 99
85 19
42 71
8 17
72 64
74 31
93 84
4 13
39 70
54 56
21 27
44 91
93 67
42 97
47 28
27 78
8 29
28 96
8 97
50 97
23 35
70 13
11 73
63 88
86 7
88 14
26 97
26 65
65 11
16 93
10 23
9 44
66 99
14 72
54 39
43 37
79 91
62 63
39 47
40 85
34 39
3 34
53 43
27 72
68 66
73 66
52 70
44 63
49 97
21 43
90 78
36 41
35 96
1 91
74 96
97 22
95 20
26 35
14 41
95 80
40 1
42 18
35 43
57 18
49 73
41 35
23 61
25 55
79 51
87 94
34 86
59 39
68 96
10 44
90 80
9 29
78 75
18 27
12 9
7 85
35 18
66 42
6 49
84 92
23 89
39 97
3 89
6 71
97 4
76 51
96 76
84 14
43 59
10 12
30 40
46 62
86 71
21 88
20 74
69 14
92 71
16 59
2 68
10 8
98 22
42 23
53 99
48 37
76 7
20 35
8 9
88 41
98 88
12 45
2 6
58 97
94 55
99 92
34 53
30 94
89 37
99 29
60 78
49 10
32 90
36 95
26 13
88 35
34 90
28 44
77 85
16 62
22 89
21 68
53 55
99 84
40 1
95 49
100 69
62 66
52 99
89 37
18 56
46 22
23 23
35 87
5 45
33 69
1 34
30 76
65 59
59 53
30 7
47 47
36 34
25 79
94 8
70 33
11 16
33 54
71 85
35 30
60 81
35 49
26 97
24 12
100 21
67 14
4 23
56 78
44 94
92 77
1 13
35 51
88 3
73 55
18 72
94 62
13 59
63 35
15 42
70 33
33 94
29 3
7 57
3 36
84 22
67 33
11 44
79 69
97 86
59 61
84 11
20 48
72 69
47 38
14 92
64 24
15 79
45 14
55 39
49 75
12 82
83 5
65 29
74 75
39 42
56 3
79 49
96 84
100 82
81 62
69 76
29 54
56 6
81 49
59 80
81 10
85 17
80 54
40 41
43 56
57 34
56 40
27 94
67 25
23 78
38 76
69 83
15 52
24 40
31 51
49 58
81 82
22 64
21 43
55 42
31 4
47 73
52 57
27 6
17 52
77 57
73 98
50 7
23 16
51 7
15 20
10 88
13 83
98 40
52 40
52 30
74 19
93 71
25 23
3 86
14 8
54 32
5 95
70 30
58 31
90 55
92 44
61 43
96 9
17 85
8 3
27 19
79 45
64 79
94 10
41 55
93 84
3 30
18 45
45 38
67 13
41 83
74 53
46 78
30 81
62 6
89 97
57 77
86 47
14 67
25 43
38 90
46 3
21 69
58 99
30 89
75 47
10 71
83 89
26 59
26 25
90 53
28 59
19 42
23 88
84 86
22 96
5 1
93 78
58 58
4 12
84 91
82 51
64 67
100 36
82 79
24 42
25 66
74 91
75 16
83 94
7 45
25 67
46 31
81 34
44 38
61 73
55 29
76 28
11 11
21 18
69 45
54 63
76 97
60 6
61 53
72 19
45 4
87 4
49 16
70 89
20 70
50 77
59 56
91 48
100 38
39 75
54 27
29 37
10 29
25 35
78 40
64 62
80 29
43 3
98 3
70 4
27 45
7 17
27 93
69 97
47 34
79 77
79 87
77 35
93 9
55 20
7 65
29 14
12 61
90 3
23 6
29 59
51 45
46 44
90 32
14 81
100 53
89 17
90 58
78 39
85 88
45 24
63 66
62 77
34 64
2 14
63 30
87 33
96 92
47 42
92 75
5 87
3 19
55 18
30 23
33 28
16 38
50 12
94 84
17 66
72 26
10 22
50 17
98 18
40 48
10 90
76 9
19 65
75 5
73 34
18 79
48 66
42 25
12 100
4 45
10 9
22 58
89 49
60 78
97 50
9 92
15 53
99 28
78 71
93 36
67 78
57 98
27 62
74 81
14 95
34 36
76 21
33 87
79 88
5 14
23 13
76 87
48 40
51 64
15 13
19 84
92 20
81 15
5 64
5 84
36 70
7 95
58 34
55 4
58 98
42 2
65 39
91 79
99 26
1 65
30 75
46 62
65 98
46 37
68 32
71 89
68 62
17 5
70 3
63 63
52 93
88 75
37 40
88 16
71 87
87 12
55 44
55 27
32 43
23 3
98 16
92 27
90 36
29 31
46 94
98 91
30 100
28 97
89 86
43 13
48 40
33 27
73 8
35 90
28 64
82 18
70 98
46 95
44 28
23 90
19 11
10 65
19 57
94 32
90 34
52 84
53 81
3 22
12 45
22 12
18 79
53 4
8 50
18 4
39 75
27 24
71 54
12 70
88 50
26 29
12 17
16 49
50 3
94 45
52 41
8 59
8 55
22 89
83 58
95 51
32 37
36 86
91 89
59 94
28 69
62 88
15 54
6 26
63 62
59 71
78 29
75 88
96 54
25 83
97 36
61 73
33 50
97 49
44 78
86 93
75 67
91 31
36 85
86 51
82 30
18 56
43 1
88 53
44 48
51 23
23 13
38 16
63 51
41 85
46 50
51 22
89 12
34 35
53 65
53 12
81 95
65 56
86 89
71 9
3 95
36 47
3 61
18 94
93 79
57 80
68 48
80 32
34 89
37 59
30 99
90 95
21 70
56 96
62 14
6 100
45 19
85 50
57 90
6 91
90 57
80 76
98 3
89 8
34 78
56 25
32 54
21 58
100 55
70 84
60 62
14 63
95 94
32 47
47 76
33 92
19 82
30 6
54 5
20 80
2 32
20 49
63 60
28 8
29 89
91 29
54 34
5 38
83 92
15 19
62 47
47 20
60 93
2 48
4 64
74 5
86 47
95 66
48 71
76 85
58 85
43 35
35 53
80 5
6 56
93 73
4 100
77 24
31 8
18 21
43 2
54 74
18 26
59 85
35 56
7 39
82 87
12 6
13 35
100 48
87 61
99 7
95 66
48 89
23 34
26 18
39 10
46 99
53 99
41 84
10 26
45 85
14 43
61 77
5 77
67 41
3 24
13 99
3 95
79 49
79 94
69 94
59 70
72 39
85 40
41 42
2 49
49 17
29 53
21 35
53 60
91 18
97 93
92 85
28 71
94 62
91 12
84 78
42 92
66 19
8 45
87 44
45 58
96 47
57 40
54 91
44 10
2 79
34 36
37 20
80 82
5 9
97 25
26 11
7 48
72 31
31 68
94 55
46 75
37 23
100 48
37 35
60 9
9 63
56 49
57 76
6 100
86 38
32 66
90 75
26 45
91 83
39 79
2 17
94 77
52 34
67 91
14 38
65 49
25 35
97 45
5 84
55 76
82 13
60 69
46 23
84 48
39 70
74 60
78 43
100 7
77 90
90 60
96 97
7 50
37 96
86 12
26 89
10 62
80 14
69 22
61 97
45 13
63 69
83 7
74 100
29 49
39 60
69 90
100 13
49 90
58 13
12 68
58 52
59 80
15 28
23 89
40 95
26 91
44 20
13 65
76 14
16 97
56 11
46 10
19 6
7 6
75 58
62 80
13 85
86 25
62 58
60 46
6 70
28 12
9 61
21 42
65 51
72 48
85 36
72 47
21 98
14 74
65 12
42 33
91 80
18 81
81 27
96 34
37 95
36 10
79 67
27 65
89 45
29 58
38 20
53 18
29 70
18 13
2 84
64 7
59 77
60 41
2 18
17 51
100 20
10 12
49 80
42 33
33 43
44 62
75 61
31 40
67 93
19 57
65 72
29 49
68 62
13 48
38 99
2 86
15 27
71 37
35 58
22 24
76 41
55 37
100 10
69 34
82 81
27 85
83 92
33 38
28 43
46 28
55 32
63 71
77 99
78 28
35 84
58 31
3 37
14 88
95 44
85 54
69 81
9 94
96 45
25 30
93 39
37 13
31 80
41 13
85 27
44 2
28 97
53 17
1 14
14 52
19 45
41 73
59 90
70 85
25 62
5 49
29 87
24 85
76 3
70 80
26 16
63 35
53 17
54 71
100 50
90 87
90 81
8 72
47 24
27 97
26 59
100 68
27 57
34 67
32 39
45 81
4 96
56 36
7 91
52 68
56 30
83 61
93 1
66 20
50 27
50 46
26 70
52 13
14 3
79 28
49 35
7 73
94 92
77 41
46 36
68 78
65 50
9 72
56 6
37 16
96 45
99 96
28 19
8 82
13 86
94 78
72 5
30 61
5 78
70 22
62 30
4 60
25 75
75 6
54 17
38 72
56 47
11 99
47 36
12 64
1 10
53 3
65 24
69 38
54 89
100 30
70 42
47 91
21 72
27 53
38 66
92 27
21 28
57 39
24 62
45 85
40 60
88 33
46 46
2 40
73 21
100 2
63 17
46 48
83 57
33 87
66 47
50 20
86 43
48 75
14 35
2 87
73 8
18 92
28 8
91 40
44 100
75 87
23 76
21 84
73 38
78 82
45 31
86 41
28 53
27 20
16 21
59 30
4 83
36 19
35 3
94 43
9 18
11 73
93 84
4 80
44 98
9 81
77 68
18 20
44 2
61 75
74 75
40 58
97 81
53 64
25 9
58 22
16 78
57 20
99 80
50 81
16 16
73 53
58 100
57 48
95 38
94 5
68 18
89 29
37 42
41 72
67 46
48 99
80 16
40 11
50 91
16 25
99 3
18 5
38 68
7 8
55 14
8 11
19 92
69 39
67 67
66 11
30 85
88 76
93 1
5 69
37 67
26 3
63 95
44 14
85 67
89 84
43 16
92 83
7 22
9 67
33 18
51 31
96 57
54 66
47 38
100 70
40 27
3 99
15 85
37 10
66 15
25 82
14 9
77 83
34 94
7 98
40 58
25 95
22 63
40 39
67 95
48 76
59 40
56 27
92 59
50 50
55 61
23 73
10 16
22 86
70 62
18 17
64 73
20 27
76 59
100 57
20 68
65 17
36 76
73 79
83 84
91 34
7 78
33 17
10 19
34 34
61 86
14 19
50 1
45 19
77 76
61 27
29 81
97 96
5 69
77 3
87 36
71 96
26 13
11 1
91 12
70 57
42 66
50 18
47 88
31 49
13 54
58 45
98 28
88 68
67 79
70 62
72 13
41 61
42 54
2 95
37 13
19 71
60 57
24 75
62 54
59 8
32 15
76 23
39 92
47 83
89 49
31 47
6 96
83 61
55 60
20 96
100 34
32 26
13 98
42 28
67 19
65 30
77 16
1 73
6 15
49 46
7 65
16 41
13 55
86 96
51 46
41 13
51 53
35 45
67 44
20 3
82 72
72 90
75 89
17 77
9 14
100 27
17 34
59 62
59 62
85 91
75 63
86 28
13 66
14 9
46 84
18 60
67 71
24 50
53 48
31 70
16 25
12 51
91 65
81 7
17 49
47 3
52 100
29 70
37 27
61 21
61 14
100 87
47 53
18 52
5 48
87 71
15 41
58 69
81 87
48 70
93 32
100 23
25 85
99 67
75 5
16 14
6 1
76 17
85 46
14 14
64 44
52 99
4 46
14 94
17 3
59 71
71 44
71 92
44 84
17 75
50 19
44 3
11 29
30 82
39 69
12 95
16 35
19 25
88 25
39 13
11 17
74 92
86 8
62 1
59 28
87 72
23 68
84 41
34 1
30 5
9 55
63 81
61 77
32 18
89 55
2 94
79 69
65 98
74 30
53 29
80 36
19 4
12 100
24 57
42 45
28 46
29 14
89 53
34 48
32 15
26 58
59 30
92 8
72 73
77 48
30 22
17 100
69 24
20 79
72 45
50 35
81 71
65 35
76 23
98 40
52 33
57 100
45 90
8 99
95 54
95 7
96 64
29 51
90 40
51 48
70 12
41 50
22 23
19 4
78 18
99 32
65 6
66 71
83 78
41 56
20 39
25 9
43 56
79 28
3 30
60 81
75 75
19 17
100 43
10 89
44 2
32 90
80 25
49 92
32 85
1 38
24 3
1 33
100 54
34 82
89 76
8 47
27 93
43 25
20 47
41 66
96 64
43 97
97 56
34 85
11 97
84 4
94 72
84 96
11 79
82 90
83 11
92 47
63 81
58 55
4 59
65 85
89 67
49 44
34 95
70 56
28 28
54 23
4 71
12 42
65 23
60 31
49 100
96 5
63 98
73 25
43 31
6 98
64 61
91 18
69 68
22 72
62 19
23 9
17 26
64 42
46 23
54 22
85 81
19 79
8 100
34 29
88 39
6 3
71 82
100 26
100 66
45 17
80 84
55 14
72 67
8 69
52 96
48 49
76 22
69 17
44 20
16 77
61 39
81 81
24 68
82 66
85 63
28 52
63 20
24 63
72 56
71 87
1 61
47 64
29 68
12 32
37 24
75 67
83 89
98 49
75 10
24 91
9 59
67 86
32 11
79 24
92 31
79 99
27 81
5 46
53 92
4 38
35 5
51 15
87 57
36 28
25 36
33 65
24 65
73 58
17 99
49 74
36 2
84 81
23 25
6 48
14 1
18 34
46 42
49 86
38 75
82 49
7 85
36 2
57 81
52 39
30 83
43 74
32 37
65 73
54 22
73 88
91 17
65 55
55 87
61 32
8 6
81 42
18 49
3 59
96 19
43 79
16 42
46 69
24 3
71 47
98 96
78 53
11 90
31 64
17 37
20 69
48 43
32 82
39 31
97 86
27 62
76 95
1 92
80 91
88 3
38 9
94 10
32 38
78 17
80 84
22 61
38 92
9 86
81 100
5 52
51 32
85 57
77 93
44 21
45 60
15 75
3 9
77 54
57 31
29 83
34 75
65 53
54 86
86 98
10 15
79 89
79 2
41 73
62 9
24 62
41 95
21 91
81 73
52 5
54 85
87 3
41 82
82 56
40 22
59 1
14 95
69 54
69 54
93 45
50 60
61 73
97 61
93 27
45 51
43 63
67 17
91 64
35 18
47 96
19 7
15 15
10 88
64 71
16 67
93 84
49 30
62 59
74 2
46 54
69 5
54 74
25 37
39 98
55 2
95 18
25 83
44 24
30 92
76 23
42 7
71 6
32 41
41 46
72 76
30 44
72 43
45 81
71 2
78 40
81 21
93 36
16 72
95 39
99 80
86 76
37 82
1 20
68 56
99 24
58 40
23 70
69 13
88 15
5 48
34 4
31 94
9 78
62 59
8 73
99 89
63 31
52 90
4 59
16 74
61 48
79 93
92 15
9 52
56 5
50 62
93 68
95 64
17 41
35 37
4 50
21 88
88 6
91 2
55 76
94 8
67 67
34 2
94 37
25 9
45 93
8 38
51 12
88 68
10 2
1 18
16 41
56 27
92 98
51 21
20 51
8 16
24 49
76 28
58 61
23 11
29 32
98 61
52 1
46 49
69 95
45 96
4 45
39 81
18 91
50 39
45 56
97 45
78 24
38 14
25 43
67 1
65 26
30 51
51 77
18 41
58 87
18 8
84 32
14 86
43 89
14 66
34 34
19 93
78 7
83 99
84 95
100 68
33 58
81 58
80 2
37 6
2 39
46 13
46 99
87 58
28 40
98 39
10 96
50 93
49 20
76 76
27 74
72 38
28 39
79 84
24 22
96 5
60 40
97 61
14 52
7 38
54 75
58 100
4 41
91 2
13 80
12 90
72 84
100 22
54 81
67 30
40 7
11 97
8 23
95 12
83 64
50 19
54 60
97 16
24 52
65 4
2 42
60 6
66 87
54 36
82 49
9 84
95 80
87 62
60 82
100 73
63 24
3 35
69 58
63 51
21 96
83 54
40 26
35 53
74 78
98 54
82 30
97 7
64 25
8 24
53 24
74 92
25 64
2 31
8 63
89 53
17 4
53 67
95 36
61 91
65 61
5 69
1 47
58 50
9 91
26 12
86 36
42 94
85 92
72 26
3 72
53 57
2 30
22 62
98 19
36 19
77 13
7 67
90 6
38 28
68 8
59 10
76 70
82 42
42 3
6 60
29 90
12 11
34 28
31 82
69 72
41 31
30 50
34 98
10 45
31 100
8 96
89 93
96 89
87 18
57 35
69 15
22 96
7 99
37 84
90 13
43 26
25 38
82 35
69 45
12 39
24 100
93 72
30 26
7 41
30 37
7 83
56 17
73 52
29 55
28 46
84 100
96 18
47 9
6 71
68 92
30 100
11 22
35 1
31 79
53 11
64 86
90 65
1 93
81 12
23 75
25 34
93 69
18 85
66 99
19 42
64 76
69 25
11 69
33 66
86 58
79 100
31 60
9 79
37 21
37 78
4 66
37 8
1 38
98 45
16 64
12 18
65 96
50 81
57 5
73 56
20 89
37 16
48 76
22 42
90 62
25 20
22 58
13 3
28 23
99 89
13 49
22 35
47 35
73 39
29 29
4 45
26 27
31 93
61 46
48 33
98 57
22 98
37 11
76 41
57 82
7 40
31 2
33 72
16 3
55 71
8 67
75 40
76 65
68 26
44 50
67 29
35 96
29 21
24 12
48 97
24 72
65 21
91 36
1 33
59 80
70 48
26 76
99 94
64 10
72 99
88 48
40 33
8 72
2 15
16 48
81 54
4 71
8 75
36 11
8 9
98 99
47 56
20 30
48 90
5 24
96 7
39 19
6 45
56 32
36 37
19 55
38 38
66 63
74 30
45 85
95 45
5 84
8 98
46 96
16 41
72 80
87 73
64 25
56 88
35 49
6 67
10 48
67 16
36 25
22 92
85 6
74 63
72 73
22 61
72 20
96 82
33 71
49 62
22 32
98 7
50 21
34 98
51 1
20 29
92 17
53 77
13 8
79 90
17 1
6 70
53 6
78 40
60 76
93 55
67 100
43 81
21 87
30 67
98 71
59 37
32 94
51 40
78 89
13 95
78 65
1 80
24 54
80 84
24 19
93 98
73 98
11 41
59 48
36 14
85 7
28 12
67 46
44 22
38 36
5 48
61 1
13 29
62 78
4 97
93 87
74 25
11 64
8 68
49 87
50 11
81 63
50 96
14 31
23 46
67 18
28 66
24 6
39 29
93 24
52 65
60 93
45 77
31 46
22 13
65 92
28 42
78 2
73 28
22 34
7 39
75 89
64 47
55 48
98 27
69 60
100 82
45 83
66 13
97 93
77 15
76 93
73 78
85 46
34 77
86 7
25 95
33 24
73 40
85 70
12 72
70 32
24 42
80 17
34 9
47 70
7 91
1 92
41 85
25 19
78 6
94 84
85 14
80 24
93 29
1 56
59 83
36 90
64 8
11 80
11 99
28 36
87 43
64 7
39 78
81 74
26 60
8 97
81 69
62 87
52 48
19 74
49 99
28 71
53 40
64 55
8 74
27 59
79 4
13 73
98 71
23 3
7 62
51 43
37 66
65 56
49 85
26 37
11 60
69 7
58 87
12 61
60 8
100 24
36 85
83 15
44 27
38 76
30 61
52 74
93 30
34 13
13 52
60 84
100 5
60 8
48 31
55 82
86 43
86 15
24 23
41 8
12 18
19 86
98 17
90 13
50 79
96 34
40 9
2 70
9 28
65 71
100 38
16 28
45 91
19 65
78 60
81 9
1 82
64 93
80 42
16 74
89 91
70 77
48 20
39 46
27 45
44 29
16 10
75 41
19 24
34 36
85 48
87 37
38 52
55 64
6 92
26 75
98 44
6 3
83 76
55 30
74 81
16 61
92 30
70 74
92 68
12 72
75 57
46 42
54 98
87 40
17 37
63 63
92 5
10 89
5 23
60 50
77 46
48 41
36 66
46 97
26 25
26 82
43 48
26 51
11 52
96 2
88 40
27 54
14 63
76 81
86 39
46 59
78 6
83 82
42 75
60 49
82 77
65 94
78 4
38 42
67 89
82 51
66 51
9 30
67 86
23 49
87 26
90 60
26 33
29 59
78 96
46 93
95 98
18 72
53 87
96 8
62 37
80 57
44 56
25 78
35 68
78 4
76 36
72 6
32 87
91 67
78 40
77 54
8 64
94 40
27 69
48 2
99 47
11 98
64 32
66 88
63 52
30 34
5 20
34 67
12 50
71 72
55 98
75 93
28 68
7 74
52 7
34 49
36 29
25 26
12 17
78 98
95 78
100 64
60 90
7 91
57 1
78 31
33 83
33 26
87 60
61 65
48 60
4 85
23 39
97 26
49 37
90 5
81 56
3 15
77 17
37 56
48 27
89 60
48 89
87 28
55 95
11 85
38 5
85 4
62 97
70 13
25 37
27 10
95 27
20 72
59 83
77 79
64 58
73 69
91 67
81 74
15 33
39 51
75 69
66 43
45 44
16 21
32 59
95 20
34 72
16 18
59 13
58 97
39 27
99 14
79 59
86 91
19 26
92 38
4 30
93 94
64 92
78 93
56 30
56 10
77 35
58 73
87 28
61 32
42 13
56 6
39 50
48 58
58 84
58 42
64 81
29 70
80 27
27 89
4 32
78 11
14 62
79 37
67 54
71 99
10 15
6 77
33 60
60 54
87 20
15 39
60 35
95 23
7 29
72 21
65 62
65 50
47 42
41 82
100 57
46 42
45 78
66 91
18 25
1 68
15 19
20 26
19 2
19 75
98 100
6 78
63 11
95 94
31 95
8 54
9 64
7 41
88 17
87 43
26 27
88 95
7 55
14 47
83 100
15 11
28 89
85 77
59 56
15 28
60 90
22 34
19 39
1 45
17 16
77 85
77 76
43 45
3 7
54 97
38 78
91 53
59 64
42 26
87 37
25 69
96 45
10 19
66 54
82 87
26 92
64 19
17 85
9 69
67 58
34 81
17 44
32 19
88 69
27 33
89 80
62 78
52 98
35 75
1 39
1 93
86 45
29 8
2 79
38 58
57 19
84 92
8 75
100 86
82 33
99 13
10 82
55 23
43 28
44 43
23 74
78 82
96 44
88 34
28 10
78 83
26 63
78 98
92 45
79 95
75 62
64 20
41 90
36 8
57 75
79 78
12 54
78 29
92 61
62 84
67 13
12 20
82 73
14 10
62 29
22 82
13 10
35 21
39 21
89 45
57 16
98 50
82 70
76 83
8 77
68 23
65 11
14 93
68 1
49 28
9 20
63 19
81 42
59 57
86 2
65 47
75 8
58 74
21 50
55 31
57 2
35 11
75 2
86 83
39 84
46 76
88 7
37 46
13 29
20 92
14 24
79 93
56 52
21 9
48 39
54 6
41 5
54 71
49 19
42 2
28 98
38 82
71 46
12 18
86 2
19 19
57 71
94 87
72 18
85 36
92 18
68 79
29 6
86 1
36 82
43 42
23 32
45 62
66 10
30 69
29 40
85 39
39 20
45 72
6 4
5 65
85 42
94 91
84 17
71 69
60 30
80 62
16 58
87 64
80 26
34 2
97 85
21 83
38 50
13 81
94 50
82 55
70 45
39 66
10 12
39 40
75 3
24 78
63 59
20 43
11 21
81 40
79 79
70 84
12 8
18 71
9 73
18 23
24 89
76 41
37 34
94 31
89 71
83 3
68 83
35 35
86 41
17 63
67 86
35 92
24 27
45 88
12 99
91 32
52 84
85 64
38 79
97 81
31 13
94 34
29 28
87 95
89 62
51 53
72 1
89 79
96 14
65 18
60 55
61 33
38 95
55 24
65 3
24 87
63 94
65 72
78 17
71 28
62 40
31 98
80 82
82 94
8 39
51 38
13 18
77 91
100 43
41 30
55 63
7 52
46 21
41 32
18 45
59 49
66 10
73 43
39 57
3 79
76 13
63 44
24 65
74 23
100 74
35 12
41 37
56 87
100 35
3 70
32 50
97 83
12 27
50 86
91 17
80 90
50 63
36 52
26 46
68 91
95 52
94 25
34 99
30 29
20 36
36 38
6 62
9 65
3 31
26 14
36 9
80 22
78 30
77 30
72 73
95 74
56 64
71 79
1 1
60 41
58 5
3 21
75 47
11 20
60 70
94 90
81 54
20 30
82 11
28 60
1 54
35 33
85 55
62 69
68 50
40 49
81 73
9 52
77 65
34 64
66 50
15 98
29 28
43 52
43 88
78 28
10 49
51 50
73 47
20 55
18 13
42 20
55 69
6 55
22 75
63 89
17 71
20 2
10 3
22 87
32 99
88 31
81 68
43 60
69 80
40 90
100 66
14 10
33 78
39 27
80 23
73 64
37 51
8 56
32 76
70 1
94 98
89 42
77 39
88 64
73 26
62 14
33 64
50 88
5 61
59 78
91 28
70 76
23 40
54 51
71 81
86 48
57 71
58 75
35 89
80 7
44 83
14 68
17 98
51 80
84 68
6 36
53 50
56 94
45 89
31 50
56 66
4 43
3 77
87 96
71 78
75 32
85 27
36 66
58 17
49 29
96 25
18 22
22 46
25 80
21 26
67 72
90 83
40 60
70 55
84 99
93 31
65 5
52 99
42 8
31 9
80 1
21 49
54 7
6 3
22 77
47 63
32 90
98 81
4 19
15 95
97 43
100 84
81 88
61 68
79 2
55 91
77 86
96 52
14 79
23 87
96 63
6 85
27 75
18 84
18 28
50 2
2 26
100 75
95 91
86 69
39 73
14 24
15 12
98 66
66 77
72 66
47 4
85 75
64 68
44 52
64 32
80 61
34 37
95 75
35 67
89 65
79 67
86 49
83 80
42 73
70 23
5 100
97 15
95 75
47 28
19 53
34 100
38 57
55 16
25 4
51 41
98 11
99 81
18 25
26 99
7 63
12 62
90 18
89 37
79 87
31 32
79 64
41 87
75 43
41 42
49 89
78 12
4 65
16 82
67 99
36 80
8 65
50 81
11 71
35 66
12 30
33 14
97 67
39 85
65 15
96 60
10 78
93 14
38 28
9 58
92 88
17 6
86 57
92 99
78 35
70 72
7 21
23 7
31 61
22 36
27 19
27 44
1 51
15 6
99 78
97 63
80 25
7 50
6 55
90 62
65 97
15 54
31 70
99 77
29 34
66 37
38 19
72 67
43 76
9 24
18 66
85 61
17 52
25 31
93 65
84 43
6 28
33 21
53 25
63 28
58 99
46 36
40 1
65 79
69 73
37 72
50 72
57 30
65 45
9 87
10 82
44 77
47 91
39 93
39 100
28 93
3 34
6 5
3 86
45 76
39 12
58 50
10 76
68 60
49 39
100 24
28 66
74 40
6 58
27 8
72 79
2 62
70 29
85 90
39 61
76 7
69 24
1 70
88 96
64 51
60 4
23 36
43 38
19 86
29 57
87 59
86 69
64 49
95 16
92 47
84 99
94 23
16 45
43 69
76 31
69 27
37 17
19 68
29 1
32 8
17 92
23 40
70 87
75 7
87 67
50 8
41 76
92 83
53 30
15 26
2 42
34 33
42 79
33 16
90 78
58 8
19 65
48 39
53 85
7 62
13 52
39 19
81 8
100 21
36 9
83 96
94 65
76 78
28 90
40 50
10 14
49 88
80 80
28 8
40 3
84 27
31 6
53 78
95 79
19 53
18 16
3 22
28 56
69 51
79 65
50 63
96 24
57 99
9 11
36 81
5 46
88 34
43 97
14 87
11 100
81 62
26 92
58 78
55 14
85 32
71 7
40 21
82 75
59 75
71 45
66 24
29 78
40 66
6 10
73 64
74 65
81 76
20 36
79 66
11 9
56 87
78 49
80 55
62 49
67 71
65 43
33 53
1 75
21 64
45 74
64 61
59 32
35 51
55 59
62 2
77 27
66 41
95 59
91 32
29 43
56 94
84 20
51 81
63 98
18 60
52 7
48 39
47 42
15 3
56 99
63 98
42 27
98 17
45 1
75 97
29 32
66 5
62 50
95 42
96 58
18 14
9 80
50 15
57 17
95 19
76 7
14 85
74 47
13 71
75 37
84 51
20 16
95 34
88 91
86 84
3 83
5 45
72 52
4 85
65 97
96 1
86 88
43 68
36 10
29 3
37 47
42 9
16 6
29 29
60 57
66 99
36 20
19 27
56 87
81 37
40 69
85 51
45 24
39 67
60 30
20 16
22 42
61 69
24 58
23 83
92 3
22 84
20 22
70 13
97 2
16 99
74 100
23 50
65 12
13 18
32 39
7 94
88 89
75 84
52 74
36 45
8 25
92 46
21 28
41 10
68 63
63 59
15 54
75 42
71 81
39 91
81 70
44 32
63 79
7 42
51 92
80 74
23 67
21 65
54 77
63 13
94 17
18 87
70 59
30 6
24 4
42 8
69 93
76 64
80 50
5 39
34 17
91 76
82 51
56 80
45 37
40 58
51 92
62 11
49 85
52 38
87 28
13 8
100 42
63 13
17 28
4 34
23 97
76 93
51 93
78 7
21 9
55 72
5 64
66 34
26 45
44 53
32 2
91 35
46 25
88 44
89 66
40 95
29 39
84 45
51 86
70 20
13 26
93 64
62 52
46 63
63 17
72 67
2 9
42 72
4 38
100 88
100 43
63 61
72 27
64 48
53 80
44 2
6 62
3 66
15 14
70 8
59 54
19 72
63 85
77 35
80 47
40 10
40 10
46 69
54 93
12 19
97 23
79 4
23 8
19 18
2 94
83 45
93 8
26 99
100 10
26 63
99 8
62 53
11 19
14 20
72 48
70 52
50 28
76 30
17 95
58 77
62 64
8 82
42 44
16 76
86 74
41 97
15 8
82 48
83 83
86 9
56 49
62 97
35 32
21 97
2 25
40 9
53 33
98 38
31 73
18 80
74 100
7 87
98 11
72 64
39 34
37 15
95 62
41 17
9 15
54 81
72 59
11 78
86 79
26 70
79 100
70 58
55 60
21 98
17 49
7 86
3 70
88 72
16 43
38 97
69 70
41 98
33 3
71 12
43 51
97 44
99 52
35 60
88 11
30 10
62 33
37 45
14 88
49 6
89 33
90 11
23 7
76 86
67 90
53 62
11 38
87 41
56 4
97 48
73 7
5 30
2 51
1 66
7 72
85 1
66 92
35 65
34 71
2 96
35 82
14 100
29 99
74 80
7 35
25 96
26 89
12 90
38 2
97 66
23 27
98 53
34 7
96 63
99 14
51 82
17 51
86 89
33 6
30 50
21 16
72 94
96 85
94 41
71 76
15 24
80 35
97 77
66 52
64 25
7 64
10 10
67 16
7 41
89 97
79 63
89 88
50 48
19 40
12 49
36 27
28 55
85 2
34 89
52 86
92 96
95 55
8 97
58 73
29 25
53 76
60 36
60 7
69 3
56 33
75 67
69 94
38 61
36 73
26 8
36 33
51 79
43 100
81 82
53 58
78 35
99 56
36 57
34 19
2 6
4 93
91 90
76 84
82 20
92 41
18 40
31 28
56 72
29 26
3 9
43 59
6 11
6 55
57 87
51 74
11 21
48 38
54 86
12 80
67 48
62 7
85 92
42 100
99 31
27 4
51 62
50 10
73 90
47 91
42 18
79 85
18 87
18 31
46 5
40 22
67 12
90 45
85 12
73 16
73 34
82 78
26 6
80 7
46 53
3 65
18 83
23 26
79 83
68 28
49 40
24 91
49 83
10 35
42 35
90 72
46 35
57 88
88 12
8 64
13 1
5 83
27 18
23 37
80 4
28 49
93 83
13 32
69 22
2 10
93 56
90 31
79 29
10 53
85 48
80 16
24 41
2 76
93 76
77 54
84 11
82 83
18 55
73 22
96 27
20 42
47 19
64 7
97 38
84 55
4 42
53 33
59 75
42 33
55 57
65 29
92 40
45 60
70 64
24 45
5 74
67 93
76 91
91 82
16 97
81 57
68 27
100 99
25 100
66 78
21 51
82 30
45 31
57 40
70 89
1 37
35 67
88 79
44 71
62 72
93 7
81 91
65 19
30 98
16 25
2 52
61 48
49 62
93 68
56 16
99 76
92 52
61 36
88 81
99 71
92 97
61 11
88 30
33 91
92 56
2 35
98 29
13 78
86 72
49 77
28 9
52 64
70 1
88 73
51 23
59 34
47 15
38 36
36 78
39 22
75 71
44 32
17 90
70 100
82 24
69 98
93 6
99 87
71 41
12 58
44 68
29 49
68 89
95 70
80 95
69 57
90 88
64 39
56 43
20 47
63 34
55 21
91 84
80 72
76 60
86 20
7 29
38 22
97 18
71 21
34 73
55 68
23 79
2 74
52 18
55 33
78 29
36 54
58 78
63 90
65 95
93 86
41 78
17 81
59 81
63 9
88 91
49 57
85 66
3 72
11 45
62 63
80 97
93 81
38 41
93 67
44 37
23 1
71 13
40 76
68 66
71 41
14 65
19 7
21 20
87 80
85 22
61 35
77 86
67 97
62 19
48 30
9 15
57 90
90 51
63 85
3 36
30 84
6 31
45 31
30 29
12 97
8 74
88 62
10 10
71 36
73 20
10 17
96 96
66 19
41 35
99 7
16 99
39 42
89 14
42 75
92 61
33 60
3 70
57 26
92 36
61 15
68 71
19 47
29 16
30 41
88 64
3 45
77 75
67 52
46 43
81 32
97 84
54 42
34 1
53 69
5 3
20 33
80 71
14 93
98 33
78 73
19 29
28 6
32 6
86 59
46 96
46 27
75 2
56 5
90 19
32 60
20 86
45 72
71 65
25 92
73 39
54 36
1 19
32 42
78 72
94 78
47 21
50 40
93 33
69 32
95 17
67 70
17 9
89 97
67 17
70 41
77 6
8 51
51 39
70 79
81 59
91 83
57 91
74 25
72 92
18 8
63 40
3 41
67 18
73 68
66 86
54 33
49 13
9 85
50 76
19 83
75 25
23 42
41 18
50 83
21 75
81 49
15 53
60 46
31 27
68 59
60 71
51 3
7 75
92 18
57 47
29 94
55 79
52 3
16 90
84 58
42 44
36 24
19 64
71 44
72 99
10 19
75 32
77 66
56 35
16 40
29 83
10 75
86 19
45 45
4 6
18 73
61 71
57 36
64 67
36 34
15 31
19 82
55 52
80 74
89 8
16 43
97 5
16 30
75 62
10 42
76 64
43 57
70 70
13 48
6 55
20 56
51 41
27 100
1 67
98 27
54 58
87 60
77 29
67 55
59 56
55 89
41 45
98 90
34 19
71 70
73 43
35 85
98 16
74 97
3 14
43 5
21 95
96 70
12 23
16 33
40 57
80 9
13 16
43 64
19 53
45 59
71 3
70 65
90 84
93 69
69 90
87 15
25 14
58 78
57 88
70 54
100 78
36 52
9 96
94 59
74 39
47 67
42 15
6 8
46 67
66 92
7 66
97 88
72 59
3 92
34 91
50 26
33 97
57 44
86 15
22 63
29 37
40 24
48 78
43 24
2 18
51 78
61 30
47 47
52 15
7 100
43 73
22 63
87 14
55 8
15 47
26 38
36 55
57 90
3 38
86 97
15 91
40 78
65 53
59 61
31 6
49 60
48 25
3 89
71 57
65 11
40 18
82 30
94 8
25 23
77 45
7 8
86 83
32 88
27 14
11 33
3 47
98 55
33 48
83 58
83 48
33 6
99 86
58 25
83 53
7 73
92 84
20 15
30 90
30 46
39 92
52 21
65 75
97 83
68 36
5 47
98 91
28 7
80 71
69 26
32 25
31 46
63 86
9 53
18 37
15 87
45 7
15 30
36 53
64 92
74 29
51 67
3 56
45 30
69 1
47 43
71 100
60 29
53 10
38 32
69 89
62 77
44 2
62 22
45 38
79 15
54 28
65 60
83 79
89 97
50 69
27 66
12 94
4 37
86 45
49 65
91 74
36 44
69 35
1 92
22 75
76 11
84 78
2 39
42 31
23 75
71 50
24 10
80 54
66 91
95 66
91 26
69 89
8 84
22 88
65 90
72 2
66 98
14 12
10 73
99 59
58 71
90 72
68 83
41 53
83 71
40 90
73 48
46 70
71 55
44 47
24 6
83 23
55 41
16 89
79 48
56 16
51 59
83 92
45 27
89 15
75 84
41 36
84 37
45 81
92 65
89 71
53 69
56 99
56 13
85 34
3 83
7 34
47 92
38 59
52 7
41 19
73 78
24 92
42 8
22 96
41 47
37 87
8 28
32 59
63 69
25 65
46 56
54 69
99 51
4 95
51 67
78 98
5 28
25 64
59 85
93 97
9 52
86 6
8 68
45 80
54 65
44 47
66 32
5 8
25 42
81 79
52 15
76 63
58 53
52 97
68 69
10 29
78 56
16 76
86 35
42 32
71 4
54 20
39 34
25 95
100 89
23 46
34 43
42 62
50 22
79 1
69 57
42 77
58 81
86 99
25 62
35 24
87 44
50 84
4 1
50 20
97 71
7 19
55 6
61 77
37 58
93 75
41 67
96 93
2 95
76 7
22 78
33 97
22 89
85 88
68 4
97 98
3 98
91 98
1 13
74 74
12 91
81 63
7 6
58 28
90 66
11 33
1 89
79 24
90 99
81 86
49 83
78 96
13 28
33 68
44 46
46 16
80 63
94 19
13 36
42 70
29 66
91 2
83 61
14 96
55 6
76 66
2 6
12 25
12 53
33 67
40 6
75 29
29 68
19 62
6 35
83 38
50 16
37 10
36 13
70 30
40 73
49 38
15 82
21 37
29 51
60 8
85 24
80 33
24 99
6 12
38 47
74 5
13 4
70 83
63 19
7 2
36 85
67 10
58 82
33 27
37 25
37 64
92 16
63 78
78 45
25 8
89 62
70 87
4 29
25 78
51 28
1 32
27 13
40 59
3 52
81 52
33 25
33 78
46 46
62 98
81 18
66 67
98 45
26 20
7 66
90 91
57 32
31 49
63 73
48 71
22 54
6 74
34 75
63 40
75 54
42 51
60 8
24 12
33 13
58 59
66 49
59 60
28 21
55 99
56 50
25 74
80 80
51 40
20 70
26 14
100 1
18 88
98 86
66 85
98 90
62 100
10 57
56 86
28 15
37 63
26 51
41 61
42 86
30 55
56 23
42 46
65 92
30 4
82 86
9 8
69 57
49 15
59 60
57 74
28 100
60 68
36 5
24 11
69 65
89 26
92 89
56 73
96 9
44 50
17 31
54 7
29 78
59 93
51 12
64 45
76 90
96 70
86 11
13 36
92 10
7 50
45 43
17 71
75 26
9 64
45 23
52 75
49 43
13 17
76 30
52 78
9 68
73 79
67 35
79 21
11 84
47 4
89 75
41 44
16 39
89 66
86 43
60 99
83 61
65 95
49 61
88 99
63 71
33 44
57 28
87 32
64 12
27 86
97 31
100 54
24 22
98 1
25 62
38 85
36 95
73 64
91 33
67 50
15 25
82 48
70 77
59 85
25 24
7 17
14 73
32 89
61 95
95 91
6 100
66 10
25 12
82 75
46 88
9 91
9 47
56 86
5 99
20 96
77 77
2 73
27 49
37 62
86 80
42 57
49 54
45 57
21 15
91 5
50 19
26 72
25 3
19 54
34 77
16 90
71 37
3 22
36 66
67 19
39 94
37 45
15 37
10 80
9 97
20 77
40 63
3 64
38 4
70 55
94 82
35 32
3 9
93 75
14 98
66 63
74 30
79 65
10 43
29 23
61 71
17 20
55 42
20 95
61 44
87 10
37 93
87 46
32 72
13 50
3 38
38 76
18 76
23 2
57 52
87 7
94 97
74 16
40 90
54 16
23 33
8 8
56 26
41 11
12 53
63 22
96 99
83 69
13 51
44 31
68 14
64 59
24 74
67 13
82 70
58 95
37 59
45 45
45 50
35 94
81 63
52 1
34 11
81 27
2 10
93 5
95 61
27 46
52 44
97 25
100 80
85 70
90 33
81 13
41 95
95 1
32 4
2 20
16 63
60 37
22 14
10 25
96 48
63 12
19 17
33 1
75 21
14 18
22 83
72 17
83 64
27 6
19 90
75 89
7 99
25 52
17 43
62 84
42 69
56 89
40 11
96 72
82 99
6 34
69 9
73 100
82 56
20 8
99 81
57 8
94 59
20 83
77 57
12 91
3 93
66 94
87 73
68 69
39 75
60 78
61 39
3 98
74 24
54 82
51 92
31 29
10 78
71 15
5 39
13 45
95 46
37 38
14 1
87 34
12 91
39 41
98 57
53 98
5 54
12 62
60 24
79 76
63 93
32 100
6 27
51 63
67 46
8 79
84 78
56 53
76 31
52 26
8 57
53 94
63 8
32 36
43 95
10 44
91 10
81 5
10 14
16 45
33 100
52 78
24 97
81 43
62 34
68 11
18 56
38 61
6 60
13 87
80 82
82 25
62 76
9 50
86 90
14 18
19 85
7 93
85 99
1 66
68 74
82 18
51 69
76 65
58 80
21 79
31 9
67 38
100 11
87 80
44 41
45 95
92 62
87 70
85 16
89 51
92 56
61 63
88 11
3 71
54 96
41 35
3 62
75 68
36 62
79 58
22 83
14 17
23 20
47 96
53 15
38 74
38 59
78 90
68 85
75 7
13 10
59 30
60 47
31 43
94 56
43 4
3 7
96 39
44 20
60 64
93 35
41 22
39 57
5 74
51 45
69 37
81 46
100 24
94 90
90 38
69 43
36 38
58 56
68 45
46 3
80 34
28 5
87 74
80 68
68 5
68 48
52 58
42 88
39 58
55 62
62 48
75 80
52 56
33 54
30 33
69 12
15 51
70 39
72 12
2 65
36 51
24 49
96 15
18 39
21 100
84 71
35 87
10 34
54 15
98 3
13 28
36 83
60 27
6 86
27 17
22 97
80 62
67 29
59 89
88 93
31 40
71 9
78 68
66 92
28 92
45 12
31 89
31 16
66 34
87 66
55 42
68 53
17 72
38 96
84 48
84 29
21 5
2 44
81 65
30 19
33 58
33 37
71 24
88 35
42 25
25 42
10 44
81 95
53 47
81 1
99 20
23 15
69 71
37 14
31 12
31 9
49 88
43 73
12 86
31 86
46 78
5 55
29 42
95 3
29 28
27 71
68 35
33 26
54 93
68 8
45 28
17 94
27 15
17 15
24 42
10 40
68 7
33 100
73 2
26 8
51 30
6 2
55 38
23 54
76 19
70 29
46 86
28 87
95 58
36 60
39 3
90 54
53 60
46 3
59 34
89 38
8 93
26 84
98 8
4 43
36 82
67 56
100 28
2 32
58 51
27 83
88 24
21 86
18 83
7 9
17 99
45 45
18 63
71 96
95 77
58 24
27 95
46 59
38 87
88 1
57 5
70 50
82 99
47 91
49 24
26 49
65 24
100 77
92 60
83 1
59 40
83 84
87 32
83 40
4 8
68 9
52 56
40 84
93 87
86 70
81 12
68 86
14 8
23 5
50 21
45 24
15 53
12 12
49 69
33 41
7 35
33 36
3 97
37 21
79 94
47 56
85 70
87 18
22 53
21 27
77 65
18 9
33 80
69 25
64 97
96 37
55 42
98 33
23 5
17 30
10 24
90 12
92 26
57 71
99 24
8 5
88 69
90 50
93 72
81 36
36 86
64 83
100 48
37 30
94 13
89 44
12 89
38 28
9 90
80 98
76 7
19 21
100 31
19 63
95 18
65 26
15 60
26 63
82 70
15 21
50 64
70 17
28 85
20 67
63 61
54 80
36 49
42 4
32 57
46 97
10 15
79 89
21 47
12 45
41 10
8 22
38 33
98 51
4 92
50 81
22 82
14 35
12 22
39 10
95 54
17 49
32 53
53 29
43 73
68 43
67 53
5 43
26 85
62 87
44 85
47 91
68 99
2 83
2 98
2 41
49 65
49 69
97 34
17 40
73 6
44 33
91 58
96 5
7 41
72 96
6 20
4 9
89 78
88 41
6 61
71 25
51 34
57 3
83 16
28 48
15 76
73 37
46 29
87 71
45 70
34 47
13 1
62 34
95 71
48 31
26 84
57 29
34 79
65 4
45 95
60 47
17 7
32 92
48 5
49 89
10 65
62 72
38 52
5 95
12 36
73 43
12 20
21 13
9 14
59 20
99 7
62 63
86 59
11 87
95 94
92 70
84 9
60 55
75 63
35 51
52 62
50 37
80 14
33 70
35 63
71 91
92 38
11 81
84 27
92 73
11 6
3 45
1 52
15 25
16 25
97 74
12 17
55 43
68 36
26 73
83 31
95 4
39 2
80 10
22 8
37 97
15 81
17 45
58 26
73 54
20 30
77 64
64 41
54 10
81 71
69 19
53 67
50 91
42 49
48 68
54 83
75 24
34 2
70 34
50 21
73 49
81 15
55 43
76 71
36 44
54 92
36 98
64 40
16 72
82 72
13 66
70 27
36 78
61 64
90 100
91 61
75 45
75 2
84 70
8 89
48 91
94 22
44 91
51 7
96 67
60 98
28 99
84 64
52 66
1 96
68 21
89 20
43 51
13 27
22 78
44 40
3 45
88 37
13 73
42 54
28 2
74 61
47 99
89 9
73 53
91 37
97 95
65 98
84 49
84 15
16 57
25 40
34 16
15 16
73 36
55 38
11 32
29 82
66 55
33 39
77 79
75 72
95 97
11 44
100 26
100 80
72 32
44 17
28 92
96 84
77 45
72 44
30 48
98 83
65 32
15 35
33 26
69 54
11 26
7 12
18 53
64 94
20 83
44 94
8 35
53 77
98 64
51 31
17 54
53 39
33 73
79 92
55 26
70 39
86 12
94 56
90 54
12 39
7 73
33 37
41 51
24 75
57 31
90 75
96 95
20 55
99 39
68 92
4 80
95 21
52 10
34 29
27 17
100 14
18 79
84 97
88 62
21 21
13 68
78 68
11 64
73 69
50 7
60 53
10 38
53 95
25 77
11 75
49 80
12 50
68 24
92 2
29 55
61 50
92 35
13 46
11 48
12 33
52 26
73 6
48 26
41 27
41 15
63 38
99 8
67 57
6 19
13 11
46 24
70 40
26 36
6 64
49 85
52 41
97 8
59 42
63 57
57 83
75 90
76 79
93 72
51 6
66 19
37 44
4 50
58 26
14 97
40 15
38 70
10 63
74 16
98 7
98 94
92 53
41 7
52 19
99 20
16 14
86 50
36 10
36 11
81 18
57 44
25 93
56 16
36 56
10 69
16 9
2 88
88 93
77 97
64 31
36 30
83 92
84 29
8 90
64 63
15 11
34 12
60 65
27 1
99 56
85 54
20 20
22 88
79 83
10 98
3 90
66 83
30 12
26 86
54 11
49 34
68 37
3 93
62 44
79 31
23 40
61 81
70 21
33 96
4 86
85 79
94 31
19 87
25 58
26 31
5 14
3 50
96 24
99 9
52 71
10 95
83 43
5 27
94 70
25 22
91 55
67 36
85 95
84 83
22 59
75 33
63 65
27 33
59 83
52 99
49 29
35 2
50 23
69 88
2 10
1 94
29 99
24 37
73 82
32 24
24 19
56 26
1 63
72 66
39 49
82 8
98 51
74 96
3 20
61 25
7 54
32 86
70 27
97 18
25 7
30 75
7 23
48 76
96 57
1 31
33 80
22 11
49 12
66 91
76 97
37 44
43 30
100 45
62 49
65 72
38 93
71 63
13 25
99 1
92 43
46 48
58 78
58 90
17 51
67 15
53 59
90 30
41 75
40 47
89 82
65 45
85 41
25 37
77 61
47 86
24 63
53 90
54 4
42 38
49 68
80 33
66 66
14 56
52 11
35 72
13 7
5 49
18 65
49 57
7 64
23 3
2 81
17 64
70 44
4 17
80 49
61 51
62 39
32 44
8 67
55 59
40 54
100 62
2 39
71 74
95 24
71 22
2 65
25 55
36 5
6 15
70 79
17 87
30 49
29 10
55 77
46 16
51 37
5 85
91 19
78 43
11 10
72 80
88 84
81 95
90 49
98 96
41 99
26 38
48 81
9 61
35 12
98 70
48 61
61 91
82 16
30 24
36 38
16 92
3 59
25 92
73 1
50 24
12 49
34 56
10 77
87 53
2 93
63 59
10 68
56 56
72 50
93 64
28 29
64 29
45 12
6 100
32 85
7 66
26 94
63 72
49 84
21 78
18 71
29 48
56 73
11 47
41 94
82 11
74 53
79 63
68 91
76 64
50 96
61 54
64 25
36 43
59 93
49 86
22 88
98 6
44 61
96 3
23 1
70 94
79 15
91 10
55 63
90 48
71 9
48 79
50 3
50 8
60 7
42 53
90 19
78 26
94 86
80 26
31 60
88 23
8 100
56 10
3 67
86 9
96 46
98 34
68 2
38 34
70 71
82 54
16 59
7 97
64 8
65 81
87 52
25 77
33 23
74 42
37 34
5 53
29 73
93 58
73 11
17 7
71 85
41 3
25 88
77 75
41 41
90 62
98 22
5 42
44 80
52 33
22 59
23 57
21 96
59 75
52 59
65 59
37 87
47 34
80 77
18 80
57 75
83 48
75 9
79 37
17 5
78 11
35 45
57 99
27 69
31 9
42 11
70 95
9 44
93 45
97 28
70 61
30 77
96 26
44 63
45 1
98 23
69 68
5 52
66 90
63 97
30 90
62 20
21 55
3 13
24 74
6 82
96 18
41 65
69 99
4 52
19 83
18 49
56 97
98 23
58 64
53 82
27 12
3 12
95 88
83 4
69 22
18 60
56 24
49 42
59 68
47 7
89 14
27 96
65 55
69 24
30 12
90 81
17 68
29 94
38 95
13 82
3 47
31 17
41 47
10 68
37 85
51 52
45 26
89 75
35 95
90 58
88 7
52 24
21 3
18 10
6 61
72 50
79 86
80 60
86 29
59 64
75 11
37 56
64 20
38 3
9 34
45 27
2 7
23 61
52 5
43 4
72 68
55 4
27 54
66 96
35 69
60 6
35 76
37 76
62 60
12 29
41 76
47 90
41 71
82 68
26 62
12 23
90 98
61 57
4 99
18 12
72 69
31 9
26 12
87 90
5 89
89 2
4 80
46 42
28 26
79 100
81 40
100 90
46 44
18 52
91 29
43 83
25 92
64 5
78 64
12 54
42 84
86 31
36 11
94 93
39 98
22 12
26 53
76 49
22 100
78 94
73 84
24 70
64 67
3 52
91 92
73 83
30 59
34 24
44 73
73 3
74 51
33 85
13 72
32 77
9 84
23 54
86 17
7 54
35 17
23 69
100 11
42 8
25 2
72 29
24 45
76 66
42 75
92 70
42 76
80 83
18 30
90 85
70 93
63 40
9 96
32 69
46 65
14 95
55 11
29 69
79 63
63 47
83 25
3 53
93 87
33 19
26 84
76 72
48 73
15 17
100 45
6 97
6 22
17 53
84 46
77 97
75 34
1 49
4 60
48 24
12 72
67 92
87 58
19 37
22 43
76 76
55 46
8 29
41 67
85 83
48 8
32 44
80 9
96 33
70 9
83 44
57 32
82 12
24 100
42 86
52 16
45 8
46 3
95 62
75 54
43 1
24 24
38 97
63 69
86 3
1 76
94 51
89 6
100 71
40 56
59 98
76 11
97 25
29 94
27 36
100 54
4 11
99 55
40 17
16 90
58 63
69 16
46 17
66 2
42 54
92 74
22 40
53 1
3 41
15 54
67 4
37 21
23 58
39 93
7 49
69 38
51 97
29 39
3 61
93 75
43 36
67 69
97 18
9 87
42 41
65 36
8 64
97 12
67 77
11 1
6 61
44 83
47 31
34 12
41 27
60 71
15 90
74 5
36 39
69 29
49 40
86 55
22 62
6 69
13 37
1 25
26 78
18 63
51 91
60 17
54 8
11 4
16 5
10 92
29 39
27 91
98 92
73 72
2 99
79 70
17 66
75 87
35 48
16 56
5 31
66 70
75 3
22 22
51 59
75 58
48 14
23 31
76 31
53 72
9 95
1 74
14 9
47 54
87 57
33 63
50 91
52 36
43 29
62 67
3 23
73 43
82 97
29 21
28 90
2 39
77 15
89 30
8 81
35 66
24 89
15 41
4 39
3 7
25 71
41 95
85 18
61 85
32 89
43 60
52 99
11 49
86 57
24 84
26 4
71 33
17 89
23 47
85 91
2 38
51 76
19 34
29 24
34 59
96 40
8 77
6 78
31 86
68 63
11 44
81 28
13 47
14 96
41 26
57 98
8 36
44 53
74 33
58 71
60 85
22 66
100 33
58 25
20 90
42 25
72 69
84 72
77 95
83 94
84 64
28 52
47 28
7 63
64 60
55 82
48 49
10 62
35 47
96 53
17 56
11 56
11 92
26 1
48 49
85 36
42 22
99 92
11 93
19 56
16 76
79 52
21 28
88 100
88 85
8 80
41 22
53 27
61 61
69 21
94 60
93 28
58 5
54 16
1 8
47 39
97 99
20 73
98 28
60 38
55 87
97 57
40 44
72 52
17 11
95 34
7 70
18 50
91 78
50 39
82 55
97 59
72 51
71 15
31 32
83 100
28 71
94 99
100 24
56 49
3 33
61 81
87 25
60 66
36 3
91 61
32 30
54 49
40 58
45 39
15 89
66 59
88 83
100 96
67 56
27 98
35 19
25 8
39 50
85 9
39 45
57 74
15 72
35 22
6 67
52 97
41 69
22 81
48 10
94 75
59 75
39 100
97 98
38 57
44 20
8 82
81 65
100 64
58 88
43 41
10 61
81 72
85 63
58 23
73 57
64 86
66 89
73 1
92 80
68 21
9 63
13 47
59 79
72 44
48 74
60 51
1 5
57 6
42 13
74 15
96 30
5 7
64 51
4 54
90 11
69 76
91 37
57 68
72 70
24 62
70 6
47 75
93 22
76 50
28 14
13 80
4 98
26 23
47 90
54 14
88 68
36 26
30 49
64 50
86 55
39 88
94 75
46 83
20 11
44 61
56 34
46 66
67 70
13 62
81 27
63 12
64 95
19 54
67 40
14 87
33 71
20 5
64 58
38 42
19 63
8 89
37 96
12 33
91 47
7 41
84 1
63 27
9 94
58 11
64 68
5 45
9 82
66 71
99 62
47 59
60 80
60 62
71 20
61 63
10 4
40 40
82 88
39 99
15 56
48 16
83 99
79 47
29 33
99 38
45 88
39 95
75 16
42 29
23 85
80 52
50 25
80 88
15 18
68 94
40 69
63 20
48 41
23 40
60 99
91 50
59 91
39 30
70 63
71 82
80 23
28 93
48 50
38 8
54 4
51 19
48 23
65 50
27 83
79 57
92 72
1 79
30 49
59 47
8 65
86 56
11 57
69 5
52 22
55 93
91 4
8 84
64 74
12 69
100 39
72 56
95 86
4 19
21 68
57 95
13 35
75 80
11 78
74 41
17 79
40 9
90 30
13 94
34 99
34 86
40 63
46 10
68 36
55 1
40 49
90 63
30 18
7 17
90 54
10 65
33 18
24 94
24 69
18 82
26 51
30 62
45 60
92 4
36 40
23 58
59 74
69 41
69 47
93 80
55 66
94 43
12 78
63 79
12 54
74 34
37 75
93 42
80 97
43 4
97 84
64 41
18 72
34 85
89 38
90 65
84 81
20 21
7 62
26 26
99 3
2 37
91 72
47 41
74 36
95 70
35 77
43 12
51 58
69 49
98 9
85 20
45 93
91 21
64 64
30 57
62 71
57 29
59 32
4 31
10 29
9 43
34 5
72 79
97 89
31 42
38 55
85 95
83 66
14 19
90 34
62 57
87 62
86 64
18 71
55 16
17 34
48 72
26 40
62 97
15 72
93 97
72 82
68 91
52 83
58 61
73 42
22 79
24 61
75 83
63 32
91 17
20 1
13 68
86 55
10 61
60 1
6 20
77 46
78 10
32 25
10 52
20 52
88 1
99 92
88 7
7 11
93 81
93 11
69 2
69 47
72 71
75 21
13 66
60 58
75 96
46 100
46 3
35 51
86 97
78 1
93 33
32 25
88 2
75 63
43 29
12 22
87 42
24 14
39 62
62 36
80 35
18 82
24 15
82 84
26 57
44 100
23 51
45 1
31 73
57 37
76 60
64 30
90 46
78 23
42 64
61 88
53 96
75 61
86 20
38 75
23 51
74 34
28 48
75 25
51 23
27 8
43 62
31 46
86 61
93 4
59 16
23 97
60 64
22 9
64 52
35 9
21 10
86 85
56 55
28 41
88 89
60 14
35 87
90 62
21 53
100 7
11 48
55 89
83 17
19 65
5 79
52 52
29 89
82 36
16 79
27 35
53 2
34 21
100 91
69 10
34 33
96 96
69 24
55 93
85 61
57 59
65 90
20 94
46 29
45 9
12 36
83 73
58 72
82 38
94 94
2 40
60 40
2 99
89 76
11 89
36 48
55 59
31 80
97 1
59 54
96 84
12 81
14 21
70 57
69 7
46 1
68 31
7 85
61 18
54 57
64 55
50 90
65 94
98 91
25 54
59 39
78 4
49 69
27 75
18 41
45 26
14 58
73 25
39 93
21 96
17 51
10 87
82 87
89 97
90 6
29 3
41 32
62 56
65 55
41 23
17 38
87 2
56 12
65 20
24 58
66 50
81 12
80 15
29 56
44 24
8 68
6 5
68 31
40 97
44 18
30 88
40 61
17 34
29 19
3 27
99 26
62 46
96 52
4 73
43 80
88 89
42 2
31 52
71 88
88 55
15 69
44 49
46 11
47 12
93 17
32 44
7 49
35 10
84 75
11 35
48 19
48 47
57 48
77 97
92 64
10 88
32 39
14 64
6 68
46 90
17 45
99 28
4 62
29 93
63 70
23 100
46 48
21 24
12 46
61 82
13 88
49 12
39 50
73 6
13 34
36 80
66 57
17 100
44 13
33 47
7 60
54 47
49 53
13 68
2 54
95 18
31 99
49 18
33 52
3 53
80 46
36 35
62 64
66 93
44 44
30 87
15 48
27 3
96 92
47 14
70 45
1 21
86 92
55 70
42 80
54 5
54 43
49 17
28 55
97 45
81 7
19 66
91 73
43 93
33 7
82 93
36 54
74 61
68 80
35 88
41 34
20 47
70 12
9 80
67 25
48 78
65 94
9 71
83 95
93 47
17 90
53 98
53 63
20 64
94 32
14 47
38 44
98 12
93 20
6 21
53 39
43 69
44 83
21 94
92 50
67 24
41 94
9 63
9 98
26 11
100 73
97 78
36 12
90 32
42 90
52 59
15 56
29 80
27 38
9 70
83 46
8 64
25 72
38 83
61 85
36 96
81 86
91 64
50 69
69 88
87 54
40 80
25 27
18 63
81 29
22 27
49 63
10 47
22 27
17 5
80 79
45 56
84 2
77 72
3 76
57 56
2 63
98 39
85 80
95 62
8 76
88 70
89 61
3 75
92 24
50 33
17 82
6 50
78 52
5 47
40 12
56 18
20 40
55 14
70 79
97 89
21 17
16 38
20 26
16 43
65 32
23 28
60 79
58 14
62 36
62 44
71 76
72 8
8 76
99 88
8 57
21 93
96 18
74 23
36 47
20 63
40 48
19 78
84 9
32 49
12 68
33 79
13 42
56 100
60 10
22 1
9 60
98 28
62 77
50 76
77 27
44 74
11 90
44 31
50 54
93 54
13 88
38 50
96 84
13 19
56 46
7 8
35 67
43 43
24 35
17 83
55 74
21 84
97 25
87 30
23 68
88 64
99 40
52 8
91 59
8 90
22 86
65 20
41 70
86 53
32 60
77 17
84 72
93 64
42 15
87 67
65 59
13 71
42 98
48 1
88 12
55 44
89 19
3 19
93 23
57 31
1 52
24 35
74 9
92 95
58 73
45 91
42 96
99 18
52 16
35 58
15 7
33 88
65 58
69 53
37 69
17 58
65 63
24 57
100 40
58 42
51 54
27 8
57 89
32 13
36 66
57 99
21 15
84 72
74 33
37 92
76 86
45 91
51 96
3 30
27 28
67 62
26 58
45 71
42 78
17 16
49 72
92 9
74 55
41 73
17 63
36 98
38 30
23 47
96 3
99 28
57 30
11 96
49 63
42 76
20 46
21 66
44 94
18 97
33 94
93 26
12 18
21 82
60 75
97 42
20 99
93 87
9 11
16 79
65 56
43 14
78 55
100 98
14 75
8 73
71 34
36 87
66 17
54 94
48 31
43 37
68 53
65 61
97 42
97 19
72 66
8 68
20 18
86 69
2 63
100 6
65 62
37 1
71 84
53 36
63 48
36 98
94 18
97 14
47 36
12 52
11 55
35 35
71 49
12 99
9 23
56 96
51 61
53 19
15 69
54 20
23 20
68 76
40 69
63 72
5 46
98 5
61 94
47 69
60 52
4 87
44 97
15 53
76 25
8 78
84 74
74 26
88 65
31 80
27 47
37 18
52 33
98 59
86 26
93 9
24 9
80 4
5 64
42 46
28 13
63 55
33 85
72 41
71 35
2 39
47 66
38 76
95 95
44 22
79 75
34 9
78 18
92 14
9 71
27 2
66 97
11 79
27 13
22 40
35 73
31 39
19 32
98 71
46 90
11 50
2 73
19 86
25 95
99 69
91 64
51 72
40 65
4 6
1 3
86 95
49 27
71 46
73 89
60 76
72 2
6 11
80 33
34 61
70 19
22 6
93 41
38 99
71 48
28 8
41 47
70 98
89 29
95 13
46 7
4 93
13 44
54 37
80 26
19 17
73 5
18 20
80 15
97 15
11 2
33 46
99 8
43 97
50 91
70 99
100 2
24 66
66 98
82 38
1 56
52 53
77 92
24 29
3 92
17 83
99 1
1 7
86 97
97 72
64 41
60 62
8 66
72 91
21 41
92 87
12 73
85 52
60 61
98 6
41 5
1 77
69 35
5 30
57 25
58 49
37 31
30 52
39 22
43 17
55 76
32 46
94 51
15 4
85 20
42 29
100 8
29 81
96 7
93 44
90 46
87 25
3 34
43 33
55 7
27 30
3 12
81 77
45 13
65 93
41 27
32 71
47 72
61 75
28 78
39 3
41 2
87 79
84 100
80 65
39 76
53 83
18 29
36 2
6 64
54 72
72 89
57 54
42 62
89 92
97 9
86 89
28 31
92 3
32 38
34 72
5 75
13 41
76 53
42 45
5 41
55 9
72 9
53 82
62 85
27 16
13 92
31 46
20 86
48 93
57 94
11 62
94 38
4 7
50 87
57 45
34 32
35 62
71 51
15 6
18 6
77 48
78 49
93 15
84 11
8 6
35 77
3 51
85 36
6 83
40 65
86 38
9 21
12 81
18 38
80 20
51 96
95 74
3 75
15 91
85 42
24 98
41 96
29 4
43 10
72 41
50 57
4 80
34 98
43 68
25 31
58 13
21 96
99 60
96 50
32 28
91 20
64 21
42 3
9 73
78 75
80 90
10 84
56 13
69 45
11 13
31 61
82 61
50 49
49 8
66 46
12 60
66 55
22 7
17 59
94 83
80 51
51 68
65 15
89 30
99 22
14 71
39 100
33 37
81 47
94 7
85 24
65 71
27 67
1 80
99 61
32 91
18 86
89 1
38 7
41 95
24 90
17 65
56 38
19 91
60 18
64 53
95 54
45 82
70 85
20 82
63 67
91 96
77 85
75 6
34 29
59 24
43 11
37 27
63 84
61 86
34 17
34 59
86 18
46 88
22 18
46 100
1 78
19 69
93 24
44 94
97 23
12 89
53 46
70 53
90 24
55 56
100 15
77 41
2 70
22 32
17 10
56 97
84 65
25 54
8 69
72 95
8 53
78 63
90 11
89 88
12 21
91 17
55 30
50 9
83 39
55 81
20 82
64 20
59 33
55 22
17 83
95 93
19 21
91 27
59 26
70 34
8 52
58 43
32 25
69 12
36 33
23 72
29 45
98 95
60 24
62 83
7 52
52 33
60 46
96 15
72 16
11 96
86 65
86 90
74 9
17 61
43 100
65 31
68 63
18 78
19 21
84 36
61 50
34 80
28 20
91 93
82 21
32 9
3 66
91 40
53 45
91 7
100 40
47 100
75 54
36 47
66 100
88 65
73 24
98 26
77 81
100 87
30 71
12 24
43 46
42 78
71 86
82 32
22 96
29 86
85 35
70 92
8 78
34 77
23 9
57 9
80 48
91 26
21 12
61 19
81 48
99 98
31 55
68 76
35 68
98 96
6 61
60 82
28 90
65 71
6 62
37 67
38 85
77 39
97 8
59 16
8 70
92 8
82 14
79 78
25 82
27 7
33 89
85 77
93 96
77 57
88 37
69 71
35 93
53 36
26 93
43 38
73 12
62 64
32 25
17 94
30 16
1 73
38 4
16 64
62 75
28 94
2 73
44 51
77 36
26 16
68 15
53 54
21 37
68 49
7 24
29 41
51 51
44 29
45 17
2 49
12 47
59 87
33 35
99 61
35 69
44 17
52 73
32 9
85 58
80 27
27 36
59 35
89 14
54 36
83 56
34 85
42 68
30 16
87 96
30 74
1 20
40 35
41 45
4 45
59 31
41 81
52 19
69 87
74 56
99 7
59 9
26 88
27 25
63 75
71 21
53 31
11 93
31 15
82 96
85 10
7 93
35 35
6 93
92 63
48 67
79 85
33 42
19 69
9 5
46 81
27 68
49 3
85 48
37 81
75 100
42 10
55 99
40 27
43 79
95 33
58 52
80 3
93 58
25 47
41 81
12 78
97 50
95 65
7 90
62 79
7 54
55 12
42 44
84 73
61 31
88 51
17 55
85 13
100 90
2 17
37 88
68 53
30 3
78 62
16 89
99 71
30 100
66 38
69 83
1 8
19 39
45 93
9 66
82 53
33 44
37 33
33 65
31 64
30 47
64 82
67 47
68 75
69 90
73 49
4 87
3 43
94 32
62 12
68 19
37 97
98 8
78 80
83 49
40 38
15 79
100 43
58 35
68 24
94 36
7 4
52 76
26 14
69 85
13 30
48 81
41 83
44 52
64 62
28 70
92 77
42 83
53 80
84 90
73 46
53 75
37 63
21 66
10 67
57 87
43 59
90 91
94 51
64 52
82 74
85 89
43 31
45 33
2 83
92 96
37 15
8 38
58 6
76 6
29 30
58 47
36 63
87 39
39 34
82 10
100 79
72 90
25 76
7 24
42 97
86 3
27 81
12 66
59 38
55 18
33 46
50 91
79 57
69 38
31 13
23 78
41 25
48 94
46 66
67 9
98 5
25 44
82 59
36 90
88 47
13 89
67 90
2 31
43 95
16 94
71 3
34 51
32 25
89 30
6 35
89 38
6 5
91 42
35 97
13 70
75 84
62 100
52 90
96 62
24 30
25 95
74 53
100 47
74 38
18 58
90 89
15 41
85 87
53 71
79 65
67 3
20 91
43 54
88 15
55 40
22 27
25 8
6 85
27 90
89 36
65 14
24 89
38 34
18 75
5 98
27 98
9 67
61 34
50 22
33 53
52 12
42 99
35 40
72 80
50 12
42 6
45 14
33 73
76 66
21 29
59 15
44 64
84 59
28 47
49 85
13 88
81 9
45 50
41 87
39 12
97 58
61 60
26 57
6 37
26 51
15 18
12 41
62 79
48 81
50 21
94 7
44 71
48 41
47 72
15 27
33 97
75 81
37 34
30 63
34 75
95 29
25 56
89 31
50 27
65 88
24 1
19 32
43 90
34 12
58 35
87 17
36 43
41 20
80 95
29 59
3 30
25 50
15 19
55 1
30 12
1 69
53 76
30 41
100 85
24 96
66 60
39 24
44 65
45 98
96 67
4 24
42 9
96 2
97 94
30 10
13 75
64 71
37 95
40 12
79 96
24 89
72 93
53 81
54 40
5 100
80 80
2 12
79 53
6 40
64 36
30 11
29 56
60 35
70 15
10 9
27 21
82 30
67 39
50 92
69 23
49 68
37 53
76 38
65 13
52 22
63 74
7 33
84 20
23 34
60 95
57 40
37 90
2 92
96 27
54 70
17 83
36 98
98 57
21 13
49 13
1 31
71 34
41 17
38 98
28 64
50 33
44 93
28 90
53 33
80 100
37 59
85 45
70 10
8 1
22 94
91 61
65 59
67 76
75 93
2 17
7 64
63 34
91 11
26 85
16 21
59 73
92 49
33 86
35 92
98 21
99 81
6 39
85 95
83 24
45 23
61 14
81 1
36 57
95 99
29 32
53 88
96 64
38 59
85 32
24 99
36 21
46 87
49 9
83 32
69 45
81 71
98 70
57 45
85 30
73 41
1 84
78 79
32 32
81 37
18 1
11 91
17 95
15 92
47 29
69 52
99 67
85 33
71 18
87 57
32 50
8 84
22 19
58 58
30 80
30 42
32 38
84 94
2 64
2 59
52 4
34 38
88 25
35 1
88 18
33 46
20 48
25 28
4 65
75 58
3 86
78 7
9 4
1 14
8 68
8 85
49 74
2 3
38 40
87 89
42 79
63 58
100 10
92 32
3 4
96 61
75 75
70 71
42 41
59 52
7 68
81 30
4 7
26 95
42 32
12 42
59 10
60 25
35 55
85 48
42 95
11 8
16 79
44 48
30 76
8 16
69 83
91 55
98 28
100 45
69 73
8 33
65 28
53 14
37 84
21 75
41 84
87 87
58 30
79 6
8 29
64 1
44 36
64 77
76 29
68 67
93 40
81 69
89 20
28 69
45 17
59 89
72 25
36 92
86 68
53 29
62 12
49 35
62 3
35 28
45 50
53 96
73 65
48 74
73 67
82 81
48 95
90 72
91 89
54 5
12 18
40 98
82 41
44 16
67 99
73 10
71 7
100 27
60 9
41 11
43 20
3 5
20 76
9 23
8 41
21 80
94 59
67 96
21 28
90 71
67 85
59 63
82 99
14 8
88 10
18 78
16 55
90 66
68 99
90 30
44 73
17 87
19 42
90 51
85 27
17 54
17 10
16 78
98 91
10 94
35 39
74 46
87 11
3 79
30 52
79 100
94 77
60 59
87 9
44 21
70 75
51 39
94 5
61 84
78 55
78 37
87 43
47 41
52 64
75 28
7 87
47 98
10 13
99 46
72 79
65 8
52 9
27 44
61 23
49 4
12 84
40 26
66 60
99 57
6 82
81 44
36 56
6 33
33 69
99 4
55 55
34 41
67 38
39 99
6 17
44 100
60 36
21 49
69 3
81 44
4 94
68 40
77 91
71 63
54 57
42 85
23 56
45 8
59 46
75 54
33 43
63 63
77 69
10 89
83 38
93 88
16 93
24 51
56 43
24 87
10 8
93 91
1 4
68 54
78 14
77 4
30 57
96 73
88 11
14 69
86 100
46 86
78 10
7 66
23 4
90 30
11 90
56 10
39 15
20 25
83 10
92 34
64 73
31 2
20 47
8 39
38 99
58 41
88 18
86 35
50 51
9 11
79 14
71 49
80 36
63 14
42 30
11 80
26 28
38 46
2 85
45 52
62 8
20 55
36 62
36 97
71 48
88 27
21 7
59 89
46 95
41 56
35 40
42 76
41 44
15 77
40 39
59 73
97 32
55 66
27 34
28 1
59 58
2 60
31 38
23 62
6 21
62 82
22 45
47 85
95 11
19 88
49 38
46 68
12 78
91 74
94 23
67 2
39 3
26 21
99 96
17 51
52 63
31 66
83 5
76 26
43 8
2 34
85 12
40 67
20 57
25 55
34 97
40 67
30 81
40 95
31 15
48 6
88 80
61 39
65 44
27 34
66 77
42 70
73 17
58 85
46 55
37 41
22 11
65 28
27 18
47 39
84 13
32 57
28 8
78 82
64 92
9 52
96 66
58 36
81 55
3 69
7 62
66 98
93 72
47 19
27 94
83 92
75 82
62 25
90 45
27 77
67 37
11 17
94 23
50 82
15 86
31 93
3 8
66 11
69 42
83 68
46 28
48 30
3 70
88 98
99 14
49 91
9 95
22 22
46 84
88 5
38 97
75 94
15 37
79 97
29 33
62 99
75 51
6 40
63 75
37 83
40 67
98 24
94 75
99 4
95 90
55 31
23 39
95 34
70 63
30 12
25 62
52 83
43 42
91 11
4 48
52 93
43 49
81 23
96 89
15 53
46 35
54 86
47 45
44 14
29 20
67 50
28 91
22 57
28 92
74 74
6 5
16 76
25 68
97 1
31 59
63 21
40 52
69 8
7 9
43 83
4 93
26 42
51 24
42 31
36 8
95 22
56 19
35 81
26 22
46 80
46 32
77 52
85 3
30 14
11 59
52 32
80 82
86 59
82 82
5 38
98 66
81 30
9 31
52 8
72 53
43 97
4 66
57 85
70 17
6 78
26 12
35 80
62 82
74 68
89 15
35 32
49 38
58 63
71 81
18 17
95 52
82 46
39 95
40 79
73 24
60 4
6 40
45 28
53 31
30 42
21 76
100 87
30 12
90 18
31 35
83 40
20 35
71 84
85 89
80 79
9 20
7 6
44 78
24 31
23 81
75 81
14 63
61 49
78 50
10 36
17 68
44 52
64 39
81 57
5 97
2 7
80 18
75 87
36 53
24 24
96 45
26 39
11 96
29 84
57 71
25 29
22 22
88 33
1 93
68 79
46 3
93 72
85 42
58 1
15 85
64 36
56 13
92 59
3 43
87 50
6 28
65 16
59 13
37 70
84 42
97 83
66 8
49 60
43 83
9 63
13 57
81 53
7 81
51 19
95 74
71 3
68 79
77 22
43 44
12 75
11 93
27 41
47 87
87 49
99 21
79 74
72 92
20 77
52 37
92 80
5 49
51 21
37 45
81 75
16 38
83 40
5 4
39 78
85 52
97 66
15 61
60 83
84 10
90 91
5 67
87 45
38 48
39 90
84 93
8 61
94 81
99 22
28 16
50 22
18 18
82 49
58 71
6 10
35 43
2 21
50 70
99 82
37 42
18 9
85 66
30 19
6 56
42 69
84 96
23 86
25 98
64 47
92 54
12 88
73 29
30 28
62 56
87 23
78 58
19 40
30 20
64 51
54 80
42 83
47 77
30 98
24 85
13 15
71 2
93 57
27 3
51 41
51 1
23 96
23 85
81 99
73 51
20 83
63 43
65 15
61 66
35 6
40 92
32 78
85 74
48 4
51 40
21 43
81 17
25 35
69 53
46 15
46 91
66 14
15 87
61 62
43 45
53 51
8 24
5 4
36 51
7 11
55 40
1 44
78 63
28 75
4 56
95 66
49 62
25 87
61 88
54 16
60 93
59 2
70 78
9 2
79 88
3 87
22 86
8 60
38 86
25 75
62 46
28 49
83 94
45 34
50 82
76 5
53 17
63 1
35 55
15 62
100 59
42 94
34 65
86 85
33 39
24 44
87 100
67 28
33 89
99 42
73 32
45 92
4 31
49 42
30 20
81 40
52 81
53 68
43 32
42 81
85 96
28 31
70 50
88 81
63 54
30 61
75 13
57 10
17 20
92 16
48 83
2 1
67 44
24 18
65 91
66 17
93 57
17 29
46 81
100 70
78 72
59 9
12 17
11 14
58 30
13 59
99 10
65 83
40 96
10 68
46 40
10 61
53 86
83 87
100 59
79 34
10 75
19 19
67 66
78 36
12 47
26 98
63 72
45 72
82 19
85 29
45 34
3 64
3 13
99 44
45 63
70 90
11 19
29 10
28 82
5 77
40 98
76 54
9 7
76 79
97 27
26 38
65 71
62 36
66 59
12 50
95 63
47 43
62 33
48 86
97 76
34 37
76 47
74 5
66 54
52 75
36 55
15 68
25 22
35 22
94 12
71 92
20 13
43 55
30 1
64 17
96 4
82 100
37 13
73 15
64 41
4 4
39 14
93 41
43 4
94 47
17 23
84 73
100 35
59 83
38 35
79 50
82 22
17 99
48 88
79 89
77 48
61 79
88 63
84 72
35 50
37 42
50 4
45 15
54 81
10 13
79 93
6 40
62 46
89 32
2 79
33 35
86 18
29 62
80 4
63 87
4 78
68 62
59 69
94 40
47 99
87 47
5 74
73 39
22 24
4 97
91 80
77 17
73 8
2 79
72 99
83 8
68 34
10 11
52 15
15 87
10 26
42 84
37 86
43 33
59 7
5 18
59 16
6 85
71 90
34 9
24 64
22 58
55 94
64 81
90 50
87 26
42 64
73 91
67 14
90 12
28 86
100 12
85 69
8 100
22 94
78 16
40 11
26 4
95 23
96 13
86 60
89 11
63 13
24 74
85 9
99 31
97 11
96 59
82 28
65 20
70 20
76 23
29 76
34 35
54 40
72 75
49 58
25 33
95 51
28 97
32 6
39 23
8 42
2 68
79 17
97 42
40 27
9 40
15 58
43 32
74 92
4 36
60 11
7 25
48 75
35 6
96 2
86 41
40 46
12 95
27 58
97 64
76 88
13 84
85 93
29 24
40 24
73 9
6 51
33 41
95 80
10 44
73 90
32 79
33 98
54 34
55 87
95 95
65 9
66 61
17 58
4 29
58 38
13 74
93 95
62 54
67 15
15 48
14 90
95 60
9 33
87 6
83 48
43 36
88 88
23 14
83 98
44 1
69 61
60 67
3 12
8 49
95 26
43 99
72 75
10 30
17 28
54 96
16 50
93 4
31 19
50 40
41 76
9 47
65 17
8 80
87 57
10 3
53 52
6 10
34 16
96 39
41 24
99 8
13 35
73 37
2 50
41 60
55 89
50 24
75 65
6 97
98 29
53 68
62 16
74 23
55 8
41 71
5 21
2 36
15 96
9 49
12 35
93 41
9 6
53 70
74 56
51 13
16 64
96 95
87 13
60 65
78 47
26 57
79 30
20 93
50 2
17 62
66 72
76 26
37 22
1 74
21 80
16 46
92 72
5 48
88 42
73 79
100 78
99 79
65 94
53 44
59 51
56 32
9 61
62 9
29 7
31 40
6 25
96 47
79 81
38 11
74 69
57 21
94 95
22 15
44 66
67 71
86 20
17 35
77 53
56 50
4 43
48 45
67 81
55 42
38 44
62 75
99 7
26 19
65 23
79 5
17 31
57 30
91 26
56 2
98 88
57 75
30 38
66 40
9 43
2 88
61 51
30 54
9 79
53 80
13 13
63 58
69 8
7 24
37 68
51 20
88 35
79 57
68 75
20 64
88 40
39 88
78 44
9 42
72 12
31 93
61 27
52 43
32 21
86 93
47 22
46 84
80 87
32 33
56 49
25 16
18 56
88 82
63 41
87 82
6 24
49 31
97 72
31 57
91 74
80 80
58 50
76 58
96 38
1 48
51 18
28 97
48 75
7 95
57 95
6 94
62 68
73 77
4 73
28 28
87 11
12 19
12 12
50 63
31 43
55 80
37 82
17 58
42 77
63 59
56 6
68 86
29 91
15 33
9 83
86 64
91 93
18 84
5 11
23 14
61 25
8 44
62 48
35 2
57 99
54 21
91 20
80 4
38 87
80 70
8 20
25 36
87 74
84 12
45 26
78 63
50 14
62 97
24 51
74 23
67 81
39 54
3 91
64 71
95 9
54 91
6 84
2 33
68 74
87 4
84 21
18 94
96 94
80 62
77 89
40 93
94 12
55 71
77 68
6 9
46 74
69 59
85 68
2 33
19 5
67 66
97 99
72 49
21 73
99 87
32 31
2 3
4 3
21 22
77 28
12 36
11 51
16 61
88 14
89 52
61 39
41 9
41 4
3 23
6 99
95 82
92 39
72 25
48 80
59 1
68 53
89 38
83 39
98 24
85 38
93 78
26 71
19 43
64 50
52 96
62 34
64 72
72 39
46 79
27 48
42 73
4 71
74 72
8 68
24 6
25 95
95 93
69 58
43 63
47 56
46 46
40 53
61 94
73 9
7 1
93 67
20 78
73 78
2 21
81 1
1 74
42 10
69 35
60 46
11 88
16 47
10 34
91 10
83 36
93 8
49 64
91 21
63 99
22 1
59 82
75 51
8 97
34 87
63 84
8 81
36 94
73 81
28 34
44 4
47 59
33 51
63 47
38 8
96 24
21 61
86 2
14 44
42 92
3 90
37 20
46 24
34 29
66 45
60 24
98 98
87 84
3 69
58 84
55 80
15 77
13 56
86 29
38 48
43 65
97 84
62 4
66 33
16 59
35 54
87 55
13 98
40 63
76 95
54 71
7 97
72 58
93 93
90 25
87 73
91 96
41 30
97 4
34 8
100 96
81 75
64 55
55 2
51 88
3 13
69 2
14 71
12 17
32 55
69 95
11 97
17 19
62 79
61 73
43 83
86 13
78 88
31 29
58 47
7 28
78 31
94 54
94 77
45 5
17 50
27 67
11 55
86 47
82 40
18 72
67 98
11 35
68 63
15 88
60 63
44 94
20 51
48 40
70 7
48 84
51 6
30 3
62 59
89 62
76 43
82 46
22 62
64 4
14 16
34 7
44 65
95 15
48 91
41 85
13 8
42 84
92 93
54 54
79 43
17 91
23 31
62 48
73 33
47 19
97 43
18 15
86 68
75 6
69 57
93 5
24 4
58 12
2 25
26 12
9 4
75 50
64 50
4 70
56 98
94 11
8 18
87 51
80 91
32 86
42 66
100 73
13 34
6 65
17 87
1 23
32 20
95 93
30 77
87 21
16 57
32 27
36 61
96 73
70 45
48 35
85 63
19 35
44 2
87 67
86 24
43 43
91 58
2 95
6 26
96 47
46 34
66 26
93 55
70 15
96 83
98 51
61 13
8 10
72 33
45 7
4 92
59 32
10 56
38 38
69 45
33 3
81 36
70 7
73 4
6 57
42 76
8 1
95 11
14 66
83 7
58 71
27 7
16 41
21 79
79 32
4 61
25 44
99 97
60 93
26 58
31 42
43 70
10 87
66 2
100 15
75 90
30 43
19 32
12 7
20 12
67 99
48 69
1 72
92 12
34 78
67 6
71 79
72 84
20 58
28 45
69 21
72 34
7 88
88 58
88 77
21 53
35 23
49 61
56 94
100 64
75 26
3 24
84 9
27 79
37 100
83 25
67 57
15 65
8 64
85 24
37 31
28 85
67 96
65 81
32 42
24 99
40 95
53 97
3 27
29 14
67 15
64 92
16 19
89 15
50 19
95 52
1 3
69 96
31 50
27 6
14 25
61 69
21 97
94 90
31 40
97 57
37 11
31 9
98 63
16 95
18 34
96 18
32 61
11 15
53 60
66 24
31 16
8 87
64 4
45 19
90 1
32 86
97 14
20 35
100 24
40 12
29 21
61 87
99 22
19 82
75 46
91 38
25 11
91 4
64 88
84 27
78 42
32 8
35 86
93 46
6 77
88 44
55 86
73 89
76 25
57 73
64 22
81 57
89 24
42 59
90 96
33 8
91 52
17 2
56 8
61 82
60 82
22 9
99 22
54 38
32 91
62 5
95 54
82 18
1 77
75 29
80 13
66 71
79 30
8 50
6 56
84 23
23 49
67 29
15 9
14 90
5 31
36 43
17 15
61 13
4 31
6 82
74 84
92 64
28 91
26 9
69 81
24 93
63 1
64 7
48 28
52 23
78 45
33 76
23 35
29 75
60 47
2 100
71 2
2 97
29 29
65 2
27 54
71 6
92 82
3 71
85 12
28 34
85 57
36 58
14 74
2 98
67 96
61 90
62 13
83 77
92 93
83 27
92 56
97 92
91 37
31 38
90 47
4 34
70 7
19 2
90 89
29 63
94 58
6 57
23 71
68 21
81 100
37 16
92 36
53 93
33 41
61 18
89 90
89 51
95 94
66 49
6 39
69 2
39 43
14 55
89 74
4 61
25 94
37 61
58 99
36 22
9 41
93 76
22 79
98 87
1 11
42 47
99 1
70 35
23 59
86 86
53 95
8 58
47 90
13 78
72 27
28 61
10 28
83 21
19 10
15 28
89 37
47 74
59 18
55 27
89 42
78 56
94 5
44 82
24 20
57 30
75 30
93 72
97 81
36 7
39 99
73 62
3 47
63 36
58 35
97 50
4 92
98 88
26 69
83 78
89 91
100 99
32 62
44 21
63 90
92 40
78 32
13 2
80 66
41 89
94 6
60 67
66 89
57 16
7 42
22 77
83 94
8 98
37 58
87 39
15 71
44 67
67 97
33 88
47 12
7 20
3 80
17 27
64 57
58 97
98 43
88 20
7 42
29 25
65 11
97 48
8 64
92 20
77 32
79 67
44 87
17 7
63 5
47 46
25 88
1 85
33 97
36 40
36 63
99 63
1 6
49 47
16 25
63 52
9 53
27 24
69 87
23 82
3 33
52 74
10 7
93 77
56 7
61 76
82 97
100 89
58 57
15 68
94 7
11 91
72 75
12 51
2 65
9 26
100 67
96 89
77 25
4 27
13 84
50 74
24 82
62 86
14 18
36 43
62 32
74 92
66 21
89 58
20 12
100 100
12 51
11 17
93 57
94 76
67 5
89 61
95 84
68 75
19 88
76 72
13 91
32 52
41 5
40 80
5 67
40 15
69 58
78 87
7 34
6 1
69 67
31 84
51 98
1 88
28 78
19 70
1 83
34 14
24 100
15 26
72 46
22 57
29 59
33 91
73 63
32 2
83 33
51 98
52 56
84 71
47 17
55 19
60 44
41 29
51 25
65 7
76 46
77 66
97 3
77 57
64 88
22 52
20 25
85 86
60 9
34 20
86 32
79 16
42 97
34 23
78 98
78 57
52 84
22 76
46 62
14 42
26 42
78 82
22 42
65 73
65 31
8 12
68 29
12 98
99 57
12 18
90 92
6 11
