200 91
2 71
39 92
25 42
24 46
76 1
63 74
51 17
20 44
9 41
97 68
86 9
50 57
8 45
52 34
27 5
40 10
60 23
86 23
9 89
14 59
76 96
85 82
90 41
36 14
54 91
58 29
93 28
5 19
8 66
2 75
34 52
27 65
65 95
56 11
23 37
97 78
66 20
46 55
24 25
38 25
94 93
45 96
15 71
3 33
10 74
54 91
25 20
44 72
32 70
24 10
56 94
46 89
34 95
8 45
98 40
73 94
83 33
27 33
72 74
49 48
53 77
46 69
79 31
96 99
16 45
75 39
100 98
86 38
43 39
49 65
91 75
63 79
46 56
75 34
100 35
95 76
28 64
67 79
77 57
12 5
28 2
9 88
50 89
69 2
62 23
48 34
30 95
61 95
71 93
48 5
83 4
21 93
69 5
59 29
54 58
6 1
100 35
91 48
56 72
88 83
22 83
70 98
2 10
16 100
81 67
62 77
1 19
82 32
60 74
49 82
29 58
31 25
99 64
43 91
13 11
36 68
32 48
86 36
96 49
2 44
75 77
72 34
7 48
50 42
88 63
20 17
11 97
17 36
72 29
76 68
71 93
72 7
5 79
85 89
32 99
10 99
48 74
75 18
86 48
74 46
100 97
68 28
76 23
64 54
98 12
67 76
25 27
22 46
41 48
83 48
86 80
4 37
70 65
76 74
3 17
74 68
5 7
60 89
41 98
59 4
33 42
62 15
9 61
39 97
99 47
22 97
61 65
58 35
1 95
3 1
9 89
28 52
35 22
78 75
29 54
14 78
69 76
25 6
81 62
3 90
10 53
78 75
21 31
54 42
81 17
13 17
72 28
77 46
1 98
41 84
55 94
4 94
22 44
96 63
42 85
31 100
46 59
21 27
57 66
24 25
