10000 23
43 2
77 52
41 29
79 21
56 68
6 99
15 90
22 58
78 61
94 42
75 87
19 33
84 55
6 43
9 25
11 3
48 77
7 11
16 3
1 2
40 28
51 15
7 100
46 63
21 21
5 17
95 22
34 27
75 88
3 83
23 73
99 92
95 87
50 12
81 99
33 49
8 87
52 51
62 20
95 92
43 27
19 99
60 45
30 37
11 36
73 32
48 72
76 75
1 4
61 78
76 72
34 13
100 73
46 22
63 62
47 89
42 59
32 49
28 94
25 94
90 27
94 96
87 21
62 21
70 84
88 77
32 23
68 72
2 76
88 52
85 91
95 40
67 31
25 57
46 49
93 1
27 16
40 48
57 97
67 4
50 29
43 83
24 73
1 38
80 16
39 61
48 83
92 58
31 78
44 73
93 67
75 38
14 28
14 34
20 56
100 79
49 18
64 19
23 17
61 25
17 2
51 65
77 65
68 54
93 12
10 71
90 95
70 13
46 63
38 89
12 67
39 63
53 44
32 2
49 88
2 63
98 93
7 53
42 59
90 12
96 5
13 13
38 52
70 44
92 7
8 91
59 68
40 97
8 52
85 99
4 69
67 12
78 15
30 16
91 70
83 91
50 42
23 91
27 6
97 65
83 91
32 77
94 47
61 100
82 76
42 8
55 20
11 38
50 91
73 39
87 69
4 51
26 94
84 59
38 92
97 22
75 54
4 62
54 10
69 98
73 50
20 11
42 99
5 3
10 86
20 94
71 39
44 3
70 85
91 43
10 60
53 95
37 58
9 89
97 92
69 62
59 31
99 47
37 64
52 11
92 50
1 76
73 43
13 13
72 22
65 21
27 13
95 89
16 4
97 42
93 83
1 89
37 79
86 46
92 83
4 63
34 94
55 45
65 90
86 82
80 50
60 44
87 20
52 1
64 34
29 29
63 33
84 96
32 47
23 84
92 41
18 16
46 13
75 61
96 9
75 44
32 43
43 72
79 22
19 31
36 48
7 42
72 38
89 19
71 80
6 61
71 52
78 64
97 70
63 98
2 10
28 74
80 54
59 88
94 15
26 66
78 12
32 62
54 70
63 100
63 43
30 85
35 45
43 33
33 3
26 84
19 95
79 29
12 45
15 11
56 88
55 48
100 44
73 91
41 89
80 34
44 56
68 10
45 41
34 10
80 1
86 24
99 83
36 45
74 78
11 66
24 60
71 10
30 5
66 27
97 70
23 48
54 57
72 33
71 7
39 10
27 27
40 95
93 55
54 36
16 38
27 93
34 5
95 7
73 82
8 25
2 60
26 65
88 26
29 54
52 20
100 87
71 59
24 35
44 3
63 15
37 62
31 61
80 13
59 65
48 41
82 39
90 6
27 6
18 66
17 4
21 61
14 16
50 51
29 75
44 15
69 2
100 44
28 89
16 26
19 51
90 72
69 21
59 15
81 41
76 28
64 9
5 94
26 81
68 2
20 97
24 54
56 29
85 73
68 32
37 39
95 61
16 24
13 91
2 2
28 25
28 19
21 34
59 79
70 56
6 24
47 20
32 18
63 31
88 73
18 98
100 36
52 98
84 14
40 29
55 75
70 34
86 100
46 76
20 3
89 39
92 58
79 50
24 46
27 44
37 48
13 55
51 87
81 4
11 49
97 66
96 36
47 42
8 37
8 58
15 73
48 7
18 95
99 76
2 81
47 80
87 93
72 69
32 31
82 27
4 39
98 59
43 31
88 36
98 90
70 50
46 87
68 80
45 26
26 23
66 6
39 90
93 45
78 77
89 5
32 17
22 30
41 56
96 73
75 48
16 7
61 82
37 76
20 9
36 14
5 41
73 79
88 24
14 27
84 100
26 55
88 43
12 87
91 34
19 65
79 15
48 22
40 65
64 83
78 28
3 78
81 7
62 25
71 75
88 5
44 47
15 87
37 69
49 93
69 25
91 97
41 45
53 80
79 26
42 63
52 30
44 80
6 32
74 39
40 16
47 10
21 29
89 8
53 68
1 59
96 71
58 54
30 69
53 28
62 40
33 91
78 26
54 16
23 63
5 11
72 35
21 89
90 98
66 97
79 47
71 9
86 6
25 26
7 27
46 25
87 69
20 40
92 86
82 52
60 89
71 93
32 37
18 80
66 61
65 16
34 19
86 19
59 85
19 92
81 76
70 53
84 82
76 60
57 60
2 46
9 36
68 22
99 7
81 48
92 78
40 28
69 41
52 96
9 99
38 61
87 41
30 55
80 23
52 51
80 52
1 38
27 60
96 12
47 54
53 12
30 24
37 21
51 23
40 61
14 30
9 57
66 100
11 13
67 42
42 31
81 18
16 28
16 79
14 48
4 75
69 42
74 20
82 49
22 99
47 30
53 50
18 17
45 67
67 34
38 61
58 40
17 38
33 1
61 82
39 17
48 98
21 21
88 73
70 38
63 14
25 57
75 25
31 97
39 93
59 81
38 89
18 21
79 92
71 55
87 44
96 69
1 33
36 46
31 13
73 67
88 27
17 3
99 46
86 53
6 10
17 58
66 62
46 63
16 91
54 96
45 1
27 50
86 78
38 41
7 50
18 17
50 95
24 97
28 67
49 60
24 72
22 10
69 58
50 86
97 9
11 58
72 48
60 66
47 95
98 57
17 34
6 28
75 49
64 99
92 53
95 21
16 1
20 1
33 56
50 77
17 56
95 50
79 8
59 73
52 65
86 41
99 65
20 88
71 85
20 82
12 25
20 17
62 21
44 6
73 7
100 39
96 31
35 93
33 15
88 98
87 36
12 100
3 81
9 7
61 74
27 85
13 99
74 5
37 55
84 22
44 79
7 86
59 31
50 18
7 98
65 45
20 59
81 80
95 22
13 56
59 8
80 62
70 24
46 64
45 68
96 90
31 82
15 21
51 31
92 51
7 42
49 51
54 91
59 99
95 95
27 2
34 98
62 79
40 52
29 28
78 55
54 2
80 90
88 35
47 58
99 94
45 34
88 100
2 66
76 94
48 22
14 67
87 44
88 54
26 49
39 88
28 25
11 16
55 82
29 70
73 96
18 70
81 91
8 28
50 14
70 46
63 30
29 60
67 8
4 61
62 100
37 53
9 34
57 87
54 13
22 12
40 33
7 17
76 9
24 22
74 68
50 100
15 88
59 64
23 45
63 54
82 28
21 17
25 72
5 97
3 55
49 33
95 13
96 83
94 67
91 27
88 74
51 27
4 79
65 47
71 59
18 6
27 40
3 97
66 3
15 75
31 52
25 44
74 79
47 56
43 81
46 84
51 56
9 93
8 69
78 61
5 49
56 91
60 55
92 65
77 30
95 70
28 44
39 45
34 58
29 87
29 7
36 84
68 66
81 28
4 33
52 58
50 64
81 81
74 15
39 12
1 56
5 51
72 13
46 55
50 29
4 32
95 63
25 31
73 10
48 4
84 29
12 83
10 19
92 82
31 17
89 79
56 23
41 16
9 83
91 57
20 82
5 85
22 86
23 88
18 58
37 46
53 46
59 4
25 56
35 47
78 58
47 11
90 77
80 62
47 82
72 4
63 27
7 11
2 60
8 63
25 50
46 89
22 20
7 51
35 12
83 52
87 68
30 17
48 84
42 62
52 38
26 26
56 40
29 83
79 47
27 39
13 62
13 83
83 100
35 13
49 55
1 82
94 18
94 23
9 32
9 78
11 68
42 30
65 65
88 88
90 51
34 42
87 36
85 48
92 7
93 39
17 49
45 49
40 59
78 24
74 2
13 43
27 9
61 98
32 54
22 68
8 10
50 26
2 46
8 72
10 72
25 91
39 74
87 81
70 1
65 67
69 100
93 82
4 74
18 61
15 56
2 27
55 18
53 97
80 88
23 89
60 36
6 27
44 60
90 28
19 70
96 46
93 71
74 25
44 76
63 7
99 98
71 85
4 63
68 93
72 61
62 50
100 64
41 66
57 6
78 16
27 2
87 1
98 21
92 63
55 20
47 64
57 21
100 77
84 21
19 96
86 87
33 49
57 95
47 29
89 52
89 93
18 42
8 100
32 94
24 1
4 32
26 83
91 25
33 15
95 7
55 32
24 10
52 53
99 60
86 80
6 22
60 52
70 17
45 76
64 28
63 36
87 44
99 1
29 10
31 7
45 85
56 44
83 68
42 92
59 78
65 51
4 13
95 8
72 6
59 97
36 86
93 20
41 85
73 95
95 80
96 71
95 67
43 23
64 54
59 91
38 49
18 27
74 45
36 15
91 37
44 60
43 83
69 26
8 64
70 47
26 9
14 9
51 6
8 15
85 24
83 71
7 98
15 79
40 88
62 64
68 36
55 78
84 7
34 53
87 72
4 32
33 50
19 58
46 3
10 38
4 96
87 98
86 33
13 89
32 21
77 98
81 35
46 68
63 1
10 33
47 89
47 58
68 75
12 25
22 44
18 55
59 80
85 38
1 95
88 91
54 86
29 55
94 14
62 57
40 49
91 92
7 34
77 79
40 70
1 70
26 71
69 19
30 61
71 62
31 40
65 80
10 49
29 95
99 7
25 42
69 14
62 44
56 65
20 67
6 65
59 9
22 18
90 93
87 54
85 80
34 22
54 89
52 49
97 90
2 98
79 89
99 30
36 20
45 3
74 50
45 17
32 69
24 49
67 88
84 65
34 37
41 6
22 89
86 25
18 1
51 85
88 67
54 95
32 69
2 2
1 97
48 68
35 77
3 58
58 2
52 56
6 64
12 4
45 75
22 43
62 9
89 16
63 45
25 16
43 40
10 97
85 33
32 48
55 3
41 36
5 19
62 28
13 8
51 100
1 85
77 81
49 57
5 70
57 41
50 47
79 77
2 87
93 1
55 86
50 60
69 98
43 75
56 50
25 40
76 86
42 79
30 85
2 56
31 70
55 49
90 49
6 32
40 11
17 45
74 70
49 50
98 71
63 46
67 39
74 79
21 95
34 63
59 27
63 74
57 74
7 44
42 21
26 43
13 65
96 88
12 39
7 60
4 92
22 12
46 12
28 73
17 53
43 47
36 95
31 32
89 90
66 99
34 86
8 55
9 64
100 67
23 67
89 28
100 8
28 75
26 71
95 64
9 67
10 56
95 13
49 100
77 98
94 91
23 65
17 25
56 83
41 85
87 67
66 94
5 100
100 16
20 74
26 8
27 30
67 65
53 59
31 20
34 33
17 59
19 6
90 23
14 19
5 19
77 77
46 4
15 92
43 14
85 75
72 48
31 48
61 65
78 37
56 4
53 60
89 47
52 20
56 100
58 33
39 7
88 34
21 22
21 65
43 5
68 83
79 35
1 90
52 57
91 52
20 82
59 15
94 100
57 9
1 88
37 69
39 3
34 93
91 7
1 52
14 26
84 17
76 60
78 90
99 78
97 11
40 52
12 18
48 98
68 38
79 15
28 27
35 54
62 10
8 45
59 25
20 72
46 93
1 96
30 1
58 33
42 53
22 43
30 15
68 73
39 21
91 42
6 29
20 49
2 46
45 23
25 20
87 70
85 64
6 38
65 63
62 98
11 85
49 4
74 72
45 70
53 94
20 17
58 12
51 53
68 93
89 34
59 23
4 69
48 81
78 50
58 99
9 95
50 21
40 80
86 81
29 79
100 1
73 78
80 30
32 75
35 79
92 62
65 2
4 95
58 55
37 67
9 32
41 10
72 64
82 89
22 54
89 87
18 8
61 65
73 11
94 42
10 13
68 100
3 87
54 36
76 13
49 45
9 100
7 68
25 37
53 24
91 33
13 2
15 79
55 7
50 92
29 31
63 5
3 29
37 18
21 30
16 91
64 85
2 42
26 40
94 3
95 4
70 33
5 30
23 88
55 57
46 6
45 73
39 1
58 42
82 36
24 28
76 61
41 86
55 42
5 31
80 78
99 76
47 27
11 74
33 10
41 25
43 14
17 4
67 20
27 66
65 27
22 37
83 50
67 8
23 22
6 71
82 15
35 75
34 67
93 47
50 93
72 42
60 81
69 49
98 8
97 28
31 61
85 43
77 55
98 96
98 44
51 70
84 69
97 47
84 80
51 82
96 29
50 50
41 58
44 18
84 68
14 17
58 74
13 38
100 91
82 95
89 2
1 60
79 91
7 25
21 62
98 78
58 5
8 89
50 45
13 24
98 4
45 46
77 22
43 40
75 67
89 87
14 91
29 83
55 26
69 12
1 45
100 28
82 86
67 61
18 34
56 44
99 86
73 14
40 36
64 49
55 8
26 2
95 34
91 62
24 31
61 34
4 3
96 6
84 58
14 10
32 29
85 60
56 77
3 52
99 93
32 11
83 72
39 99
39 67
59 88
43 75
65 61
69 48
57 11
15 60
66 64
82 57
61 33
18 93
22 42
23 3
37 12
82 82
17 84
13 54
59 94
53 90
73 50
46 51
26 15
66 99
6 55
3 86
72 4
33 85
97 41
75 78
99 68
48 28
4 38
34 28
24 78
34 33
77 64
64 93
60 56
14 52
3 37
69 18
12 2
43 22
43 69
17 73
26 28
13 56
36 84
3 90
12 74
24 69
60 72
23 95
93 4
19 19
46 56
90 26
29 62
65 56
25 44
57 85
63 78
24 61
99 41
93 74
79 6
18 35
81 45
94 7
33 9
93 13
62 92
24 86
9 87
90 96
18 80
47 13
88 21
93 62
6 31
35 19
50 83
85 4
21 73
11 62
50 88
20 61
63 79
65 29
41 11
1 90
26 99
59 10
43 58
81 18
96 8
87 60
46 93
88 55
70 52
92 35
93 42
72 45
78 76
50 28
8 48
72 6
84 51
86 17
43 42
42 83
94 94
13 22
73 100
30 46
30 21
47 10
17 19
10 69
8 61
88 38
89 85
41 97
60 100
3 58
75 57
69 1
76 3
59 12
28 45
9 94
45 36
67 6
18 8
77 14
25 66
50 5
35 6
16 32
26 90
52 27
51 78
77 60
12 3
87 49
39 94
64 92
11 52
49 40
90 91
95 92
51 50
4 24
65 48
70 100
63 14
74 51
49 45
85 9
61 82
4 93
77 68
95 74
55 1
50 20
8 13
16 100
56 22
60 26
28 17
90 93
45 52
100 68
31 49
60 56
36 5
17 65
48 6
60 34
46 13
64 20
49 57
36 92
90 24
1 94
32 71
75 5
27 30
66 22
29 17
82 61
2 28
15 65
78 27
2 7
58 61
41 30
68 86
6 86
9 51
41 44
74 33
72 62
15 49
44 41
34 91
69 80
53 18
49 28
30 82
82 14
79 4
97 48
19 15
69 56
16 73
29 12
79 86
52 38
75 95
68 60
60 31
70 30
24 73
68 70
20 82
99 39
1 23
38 39
2 95
69 48
98 97
10 53
84 53
14 95
12 58
2 99
52 74
4 65
24 82
17 66
53 88
44 96
72 58
64 17
1 24
87 14
76 46
74 49
5 88
80 36
50 71
28 51
37 97
64 20
25 49
61 71
53 13
97 22
93 39
23 12
4 89
48 15
15 33
71 50
68 20
98 68
74 19
80 83
52 9
43 14
33 17
30 90
85 65
72 7
73 90
50 48
28 37
82 11
8 57
21 9
75 43
70 57
76 93
23 84
9 69
62 90
73 59
69 70
74 26
63 93
21 37
15 50
65 3
14 28
97 1
38 69
53 89
72 74
41 94
46 12
50 65
72 84
36 62
20 43
8 47
23 95
92 28
49 34
46 60
8 94
24 17
77 26
9 88
57 42
35 83
90 73
42 100
57 12
54 6
16 97
100 40
28 2
12 53
36 48
14 88
15 58
36 68
27 72
19 33
11 40
65 24
9 61
67 58
69 57
97 30
18 93
89 69
25 49
76 50
87 80
11 25
44 11
76 34
28 94
35 15
41 33
96 56
25 38
47 99
35 33
81 4
8 85
43 43
3 97
71 94
60 77
88 51
44 39
93 95
47 98
81 87
2 70
20 93
38 36
96 4
28 18
21 22
74 41
26 50
64 21
41 43
38 71
36 83
53 15
95 32
16 7
72 91
15 87
29 82
71 65
4 60
92 97
57 7
86 92
92 88
61 68
81 34
46 27
86 61
71 31
82 13
97 8
72 77
98 98
3 81
48 79
29 70
77 76
88 43
84 47
89 58
77 38
32 82
19 32
71 32
13 71
71 4
55 82
54 81
90 67
39 70
92 68
48 80
24 21
31 48
19 88
1 31
95 38
40 95
15 24
74 1
49 48
37 83
59 81
68 15
46 25
55 44
33 4
32 4
41 100
91 60
8 8
85 90
38 47
12 27
92 10
34 16
95 21
20 18
84 22
47 60
21 7
2 93
73 4
82 84
29 12
93 82
53 64
1 32
13 5
8 28
23 22
84 35
51 18
12 51
74 73
56 7
81 46
16 49
66 31
40 22
11 58
18 66
75 48
40 62
67 36
34 95
88 20
52 78
6 12
80 68
79 32
86 7
33 93
13 7
70 78
49 88
44 49
84 7
26 69
93 55
87 99
17 84
97 10
68 72
16 55
1 39
79 89
84 95
86 37
23 36
7 80
83 54
69 73
5 72
42 47
27 33
10 4
99 67
35 25
41 21
67 87
83 28
80 16
6 85
76 39
51 49
63 18
38 90
55 23
48 15
100 75
28 90
39 68
27 37
8 40
74 92
75 26
30 84
18 35
91 23
79 73
75 53
25 11
71 95
4 89
84 47
1 67
33 20
74 61
35 94
71 92
12 40
18 20
60 49
75 82
50 75
36 4
25 78
23 39
24 25
8 98
23 87
90 60
36 10
60 13
68 53
43 46
23 12
43 91
3 74
49 82
76 91
70 53
46 85
44 91
29 6
89 84
19 40
30 64
56 39
83 27
11 74
94 85
98 3
12 96
55 46
26 13
44 2
50 39
51 74
22 12
47 23
44 78
20 44
6 73
4 85
4 21
22 51
26 76
99 80
27 92
51 12
44 26
44 62
78 29
16 62
84 67
46 20
57 21
75 43
55 15
44 39
38 27
10 15
42 100
12 42
28 77
95 57
33 67
81 79
74 4
84 77
57 90
68 81
30 47
92 90
37 73
15 64
100 28
43 89
29 53
83 58
42 79
10 32
11 73
39 7
94 19
100 55
84 51
14 83
81 1
30 39
79 99
31 39
35 6
4 71
41 99
86 44
59 96
48 52
15 47
82 62
73 29
28 60
91 88
76 56
96 66
38 71
55 32
12 48
24 60
63 64
78 36
76 39
40 62
5 39
93 25
4 13
45 77
63 99
32 83
88 47
63 16
92 89
54 86
25 84
28 94
88 76
23 51
24 92
85 43
22 35
24 87
72 68
63 38
46 70
43 26
36 22
30 41
69 72
18 94
87 94
70 37
87 10
98 73
10 20
74 73
48 52
81 26
5 22
62 28
55 98
67 68
93 89
34 73
85 3
54 86
2 43
72 58
69 86
84 26
83 34
34 82
14 45
80 87
22 65
35 52
99 23
32 98
64 74
76 71
55 78
99 70
31 94
3 98
53 81
79 96
13 50
7 27
85 13
59 71
83 69
31 19
21 91
27 47
10 91
92 56
39 9
26 33
79 38
93 16
28 55
7 66
93 28
20 64
67 11
40 93
45 26
99 9
88 31
43 33
12 34
81 31
3 41
5 68
72 36
68 22
31 59
65 78
46 1
63 14
23 10
32 36
31 53
71 6
80 80
66 94
83 21
93 54
28 7
50 3
61 67
54 65
66 76
63 14
98 41
91 79
53 72
60 53
44 1
3 90
13 29
32 70
64 73
25 85
83 40
26 31
32 52
26 13
39 29
15 96
20 58
94 90
71 86
70 1
69 93
74 2
80 34
82 50
57 21
74 95
40 38
48 28
64 94
33 17
50 92
12 98
51 28
83 28
56 10
44 45
1 20
81 39
29 18
68 90
33 51
48 90
47 64
61 44
48 15
24 59
73 52
12 71
38 66
76 26
29 47
6 44
41 65
75 82
31 22
3 15
22 12
37 11
96 29
60 9
31 13
56 6
68 58
18 73
31 2
67 74
43 76
25 66
40 100
37 94
32 26
38 79
9 31
9 87
72 84
29 71
87 80
41 99
25 35
61 36
72 79
79 6
2 96
24 52
62 93
89 49
61 40
79 51
92 68
68 73
14 55
52 4
26 86
46 74
31 97
56 37
60 40
5 14
88 33
63 42
10 37
71 27
49 98
15 1
39 38
23 33
12 58
28 85
21 2
18 50
13 12
33 32
93 21
31 17
15 53
21 81
38 42
13 70
85 62
15 26
18 83
23 85
45 79
53 93
74 15
60 48
37 26
85 23
46 19
44 12
43 6
42 82
61 75
14 89
88 67
91 41
29 36
41 86
21 92
25 69
29 30
11 97
47 89
91 22
65 75
35 42
48 89
85 24
36 72
5 45
34 74
37 86
64 38
18 74
29 37
55 57
85 85
4 55
2 49
98 67
58 43
9 29
27 83
66 2
29 5
84 92
44 68
76 46
17 28
85 67
86 87
90 16
10 16
84 36
99 15
43 44
60 92
49 85
83 22
67 47
55 42
69 95
99 31
96 8
24 25
6 69
80 2
64 89
68 29
9 26
4 46
85 16
43 4
16 7
10 6
18 17
20 43
3 5
76 69
34 28
65 76
60 23
77 83
72 83
23 6
100 75
27 9
92 97
70 60
26 32
73 20
98 46
5 91
66 13
71 18
48 97
23 19
14 39
49 66
5 64
24 73
11 47
25 53
4 72
62 55
86 70
3 67
17 60
18 76
36 94
80 85
62 69
49 64
36 21
62 83
82 57
83 38
56 22
40 41
19 100
9 73
77 8
23 72
10 69
26 42
27 85
58 40
3 34
70 68
69 73
96 78
59 37
58 78
13 90
94 57
57 7
18 75
89 51
89 82
1 35
59 73
64 23
58 49
84 46
79 49
48 23
13 19
61 43
31 10
16 66
30 26
92 88
30 57
82 2
21 3
12 17
76 96
79 12
99 86
19 6
74 46
13 65
70 17
78 44
12 16
50 15
27 8
97 35
5 10
68 48
47 92
3 86
50 27
60 20
15 69
84 63
82 4
62 77
70 23
46 4
71 26
13 82
83 80
8 87
82 75
100 25
53 13
56 49
69 51
21 93
23 1
39 72
12 9
22 72
32 49
5 71
32 63
23 88
34 75
71 51
95 2
3 73
47 33
58 92
8 97
79 44
38 51
27 79
100 78
34 90
68 36
88 45
39 93
6 62
77 33
30 79
8 62
98 14
84 85
96 78
52 57
76 26
9 90
88 71
10 56
13 79
24 95
21 53
83 26
11 32
74 3
43 31
55 71
58 47
5 32
3 6
2 23
48 43
54 72
19 19
52 59
56 42
82 28
74 55
62 7
50 11
95 32
78 44
96 79
50 79
3 30
90 5
4 66
6 79
25 83
57 80
63 38
38 83
52 94
5 11
29 37
83 13
76 89
46 76
60 66
55 85
57 17
69 58
20 86
17 92
69 24
95 87
48 15
87 88
95 68
22 10
22 92
70 32
54 91
75 22
39 59
27 30
59 96
25 90
23 58
72 21
9 93
75 73
61 6
86 7
73 57
1 26
29 34
21 79
1 77
45 7
40 22
100 60
79 54
67 30
87 47
2 14
51 16
22 69
20 47
98 31
86 24
9 96
42 15
71 89
71 54
80 31
28 10
62 70
99 42
75 45
40 76
96 52
73 75
81 50
19 15
84 57
21 77
48 58
63 69
87 30
28 88
59 98
76 75
29 56
26 33
60 51
94 95
46 15
61 86
33 94
59 81
55 18
58 45
75 48
61 97
76 25
91 42
59 91
26 54
25 28
60 48
90 37
31 67
25 85
30 58
24 27
79 93
12 20
80 91
42 15
76 94
45 47
95 7
61 74
22 23
23 21
86 28
7 29
57 64
31 84
98 9
86 41
77 37
38 33
76 71
80 5
39 96
67 86
49 45
80 81
7 68
22 23
50 32
81 49
23 79
39 92
61 82
52 49
5 89
72 80
82 12
78 7
93 49
5 81
4 92
1 3
23 73
61 39
6 65
46 83
4 58
30 82
77 31
55 25
85 10
50 80
93 74
72 81
90 99
83 91
65 51
41 46
81 43
5 39
76 51
23 2
60 97
58 98
8 78
28 32
18 26
67 53
64 28
91 48
35 13
33 14
28 51
11 48
69 82
60 1
100 83
2 88
94 4
30 49
93 17
53 90
50 37
17 77
67 67
73 36
35 100
97 67
73 36
48 19
94 82
98 94
51 40
66 82
41 70
89 16
21 12
54 5
57 66
53 60
6 72
40 10
71 9
49 49
46 26
82 80
3 80
68 69
22 16
88 12
100 35
8 15
37 98
15 6
68 60
48 41
51 84
67 6
4 88
35 56
84 70
14 73
37 71
31 62
55 95
87 43
8 3
61 20
96 62
37 86
95 39
6 44
45 12
1 27
2 4
59 74
90 84
57 7
23 20
26 89
20 67
45 49
79 70
3 98
12 93
90 99
100 60
64 51
67 18
67 46
77 92
51 44
37 27
23 84
4 94
66 93
18 35
78 21
50 56
40 69
100 92
47 3
46 62
96 49
87 37
34 5
42 92
73 59
99 30
77 99
15 83
70 31
88 88
11 3
57 86
100 13
33 52
38 19
33 45
29 51
52 6
78 43
19 39
89 29
35 64
45 20
94 96
29 5
49 83
72 20
25 43
6 26
76 74
20 10
99 11
23 59
63 55
26 34
20 23
18 17
86 88
42 97
100 1
34 28
30 13
72 53
87 8
61 70
2 66
58 69
25 6
52 24
70 47
74 50
60 19
61 91
39 21
20 96
81 44
85 39
28 89
48 17
67 74
36 11
43 46
16 2
59 19
81 31
54 86
59 85
95 51
71 48
73 23
8 75
88 16
50 90
17 87
81 84
71 9
100 9
23 88
83 85
86 57
88 19
27 39
49 31
56 71
31 77
64 55
52 32
95 29
15 87
75 56
89 59
92 51
75 17
75 35
32 58
47 61
20 46
40 93
1 50
34 31
12 94
33 90
97 47
11 54
62 18
50 63
30 73
48 44
14 8
100 48
44 48
88 26
13 32
97 13
45 61
99 66
15 75
83 6
32 100
19 95
80 79
100 8
19 92
78 62
57 43
44 85
74 60
80 55
36 79
41 42
9 86
67 19
69 20
57 54
8 67
9 31
16 55
38 4
85 19
27 64
71 51
37 100
54 72
82 40
32 52
45 67
92 29
73 60
28 10
28 16
41 91
91 69
55 7
93 92
99 90
75 95
54 50
68 31
63 90
38 35
89 81
97 1
79 17
33 58
90 29
7 31
22 14
79 39
17 23
33 84
37 68
53 93
62 97
96 62
49 4
61 78
68 5
79 19
2 25
60 72
32 47
85 84
50 99
98 24
94 43
45 21
98 40
46 53
21 80
78 30
84 71
73 22
54 80
27 66
11 13
2 6
54 33
86 82
66 39
68 38
26 28
26 94
47 78
33 71
24 39
65 10
78 67
93 76
33 92
78 22
64 38
95 14
18 41
73 22
6 23
9 85
1 12
44 61
95 85
17 21
14 49
99 16
56 91
24 57
15 30
63 32
70 7
44 34
93 9
49 50
94 83
4 47
86 33
2 30
80 58
87 36
4 82
23 25
42 90
69 70
34 51
25 1
90 67
71 64
43 3
89 37
12 34
42 55
61 40
37 72
55 80
65 83
55 53
8 11
77 98
92 30
24 6
93 24
10 95
88 72
71 50
94 73
40 24
19 29
49 19
100 18
31 26
78 43
92 29
12 29
25 76
49 58
39 97
5 65
87 50
80 97
86 32
63 19
46 83
40 16
59 45
87 8
8 14
73 40
56 18
28 59
86 60
45 6
98 90
43 34
83 26
37 31
3 9
83 10
80 3
33 56
67 12
74 70
55 79
37 10
14 27
42 53
87 48
27 67
51 26
56 38
30 47
14 15
87 83
10 74
53 51
50 39
31 77
37 5
31 73
49 12
6 37
69 22
4 95
93 98
62 20
53 17
20 37
58 79
24 57
58 2
79 37
74 36
47 63
75 26
46 27
69 19
39 87
93 45
10 7
65 53
39 7
50 25
22 73
18 2
56 49
24 93
43 70
85 72
52 25
18 74
8 50
6 7
88 13
7 56
46 76
78 2
13 49
97 47
24 87
3 57
93 82
4 46
32 24
48 76
84 61
38 6
27 4
52 27
85 38
88 57
69 94
13 49
77 16
96 54
77 84
99 99
84 3
20 65
15 83
94 16
12 76
92 46
91 30
67 6
46 23
31 42
65 64
77 43
89 87
53 52
24 18
58 34
62 26
81 16
77 46
76 39
59 91
1 47
48 35
42 2
50 33
78 39
51 63
47 6
95 1
39 89
1 61
39 5
94 93
100 91
24 86
42 29
100 98
22 2
22 49
61 32
4 17
27 97
74 40
12 25
89 28
13 58
75 13
67 70
6 96
8 5
98 36
93 26
66 3
28 34
38 95
68 100
75 31
88 64
7 29
18 36
54 12
64 62
32 80
68 67
79 54
2 17
45 67
33 69
79 43
23 95
70 36
88 6
16 81
41 87
60 14
69 18
91 29
88 83
80 76
40 75
54 76
35 28
73 38
39 71
24 1
17 22
24 41
18 20
88 96
84 57
100 73
67 75
86 54
99 44
77 100
60 8
1 3
99 67
66 68
84 80
85 54
42 59
5 3
71 70
41 48
17 81
92 79
49 88
3 97
18 52
53 42
2 2
72 67
43 49
93 6
42 16
73 94
97 18
13 46
73 60
68 49
33 17
29 87
30 95
3 69
90 77
2 48
24 47
30 98
18 21
31 99
28 56
96 36
92 10
63 2
47 34
24 68
21 11
54 73
35 26
69 41
48 13
27 100
22 81
4 41
93 56
59 1
78 34
59 48
54 73
12 10
98 20
3 68
28 58
28 46
60 62
1 56
26 74
81 83
56 17
80 61
74 83
95 22
77 48
87 73
96 4
39 72
64 48
39 15
26 73
8 37
57 41
31 25
72 95
85 46
92 18
92 79
24 45
43 16
92 100
78 37
33 36
16 90
15 12
49 15
46 85
43 41
80 93
55 35
30 90
73 99
50 53
48 39
88 22
89 31
96 28
86 42
48 58
100 46
61 40
69 76
86 51
18 54
85 23
71 60
37 8
48 59
6 77
80 99
64 90
32 2
38 23
6 30
60 11
46 42
11 62
33 28
63 53
23 64
81 21
22 70
29 69
16 64
55 60
16 75
42 96
64 21
79 29
18 84
44 89
76 84
43 4
90 62
58 41
91 98
96 50
33 36
90 52
44 70
5 33
73 80
8 87
37 73
48 27
8 43
35 83
11 13
12 68
32 44
7 99
70 11
2 82
87 89
11 71
75 95
7 21
17 12
18 38
64 30
28 85
28 37
76 17
11 2
76 14
31 5
25 67
40 70
34 12
65 3
69 46
76 9
17 86
71 42
52 72
55 17
21 14
97 52
82 11
92 88
86 60
82 81
13 22
1 5
94 90
54 97
12 37
64 19
3 99
62 91
64 64
53 58
87 59
74 68
93 42
61 19
23 100
27 22
7 13
22 65
38 72
33 32
15 63
84 70
93 5
29 66
13 68
67 68
70 92
12 47
40 80
71 36
52 68
40 77
27 79
72 34
36 90
78 8
29 96
43 82
6 60
12 93
25 21
73 37
70 98
57 23
47 70
9 25
67 17
81 6
37 6
63 90
31 49
72 19
68 44
6 95
80 82
93 68
51 35
76 2
71 33
16 46
11 67
61 25
51 39
97 20
79 3
86 58
94 73
62 41
49 20
5 22
80 29
93 99
1 100
77 16
73 12
40 64
69 44
17 14
25 22
28 51
24 78
5 41
86 21
34 62
91 17
38 31
29 15
5 4
91 47
52 2
45 12
52 71
51 73
67 76
36 5
18 52
12 93
72 35
50 55
13 81
93 4
79 49
3 55
63 62
51 42
43 14
6 55
97 4
85 31
93 78
83 93
13 99
35 73
86 46
11 29
89 45
28 83
40 71
63 53
82 78
28 23
85 42
46 20
15 11
41 36
71 26
77 89
5 72
14 27
92 38
63 9
12 19
67 70
51 5
35 52
37 66
45 89
27 59
73 72
78 65
30 45
87 14
19 19
71 53
46 41
52 15
9 37
19 21
25 74
100 13
16 73
38 59
28 93
80 43
9 53
21 18
68 62
61 34
74 52
85 70
82 48
30 29
17 45
80 59
83 11
59 18
100 6
41 45
75 59
85 31
75 76
51 87
12 86
42 49
31 42
76 48
72 91
80 40
6 22
31 92
95 25
62 9
37 5
50 12
65 3
4 69
95 83
47 39
70 33
19 1
69 20
8 57
34 75
14 48
22 18
14 34
12 8
41 51
43 5
59 44
28 23
75 40
48 78
19 89
74 42
43 67
87 89
20 14
94 55
16 34
16 87
39 16
89 75
44 59
96 11
87 47
60 79
19 88
87 78
26 26
85 84
44 27
95 36
97 96
52 59
61 80
68 71
96 72
30 55
55 24
68 35
10 77
96 57
6 81
80 7
56 5
20 17
56 54
62 74
43 26
6 61
100 33
93 61
95 5
83 96
52 25
100 19
83 21
80 64
100 13
77 82
8 38
76 46
78 39
94 33
57 40
70 9
44 89
65 44
87 47
91 39
38 3
50 97
53 61
29 34
22 30
62 13
69 46
87 64
93 6
1 19
71 37
38 43
36 16
46 65
39 71
72 33
71 42
37 93
31 13
65 14
41 78
8 75
74 54
98 87
63 96
92 17
61 40
38 95
4 3
97 55
98 79
34 74
9 95
2 63
83 55
74 13
16 33
15 55
31 10
86 4
35 94
100 79
57 61
37 93
47 94
7 35
59 82
61 90
64 12
29 4
36 92
48 57
96 13
45 6
48 48
42 21
54 61
36 43
32 76
53 24
72 87
13 40
8 6
66 45
81 39
13 80
89 19
3 23
97 97
22 88
59 89
95 75
25 9
77 92
23 61
66 39
40 100
95 35
28 34
61 12
25 6
87 61
44 60
66 59
55 30
82 81
16 87
81 12
5 43
27 92
46 47
26 8
88 92
3 63
12 76
46 61
95 2
34 87
89 29
57 4
9 26
51 97
59 26
18 85
26 91
86 36
3 58
34 65
66 71
93 37
77 70
45 76
6 8
41 55
23 85
87 52
94 95
72 29
37 11
38 55
8 2
53 42
19 66
62 79
91 26
53 16
58 10
72 15
5 29
41 31
4 15
52 49
79 99
19 59
44 92
44 15
33 47
92 14
54 52
82 29
37 78
34 81
53 47
23 49
19 66
20 19
81 22
95 80
16 25
70 28
1 47
66 1
26 64
65 47
55 3
95 91
46 43
22 73
62 42
2 46
55 38
19 98
54 32
78 50
10 50
77 99
63 80
60 1
59 5
23 63
92 1
27 19
69 86
22 19
43 58
19 72
60 23
1 49
80 46
79 30
92 20
9 3
82 78
32 61
17 89
2 8
52 14
8 34
43 16
21 81
54 14
38 16
6 38
70 29
6 63
1 54
88 71
6 76
5 67
17 10
2 7
10 61
86 22
15 69
21 11
7 56
76 27
77 14
64 54
12 36
68 69
43 88
17 58
47 43
73 78
2 85
92 16
3 57
24 50
66 9
4 41
74 73
47 71
37 5
74 48
43 70
15 41
68 42
44 93
17 88
2 45
23 7
45 2
57 49
64 76
79 7
73 80
50 27
9 11
53 94
86 64
78 1
85 33
53 36
3 23
98 49
67 9
17 3
87 3
21 22
26 42
37 12
79 51
75 54
83 49
64 11
62 23
77 60
71 21
87 31
35 62
43 48
4 76
32 44
9 31
61 16
30 13
36 25
65 58
97 28
90 1
79 87
59 91
28 90
90 78
5 35
63 25
77 72
26 23
97 20
57 16
88 9
50 18
34 71
82 92
26 15
73 16
25 96
4 91
27 58
94 83
31 85
60 27
99 40
65 73
46 86
41 90
72 63
71 18
62 82
3 20
80 43
70 20
77 1
27 99
56 44
23 62
18 69
37 45
88 84
66 21
26 44
72 51
93 79
37 9
53 7
88 51
18 75
31 64
83 95
13 42
8 5
91 72
76 23
57 60
35 53
21 32
95 6
57 54
66 4
56 84
10 37
10 73
35 25
69 30
54 77
77 25
20 19
6 67
1 75
58 99
88 58
33 20
43 43
84 11
77 37
71 53
73 86
51 83
34 95
38 87
73 83
76 31
98 60
41 39
32 78
93 11
67 52
23 43
59 51
90 89
91 61
45 53
33 72
94 24
83 93
37 5
100 69
61 32
56 80
73 48
79 65
31 39
40 42
88 3
22 23
56 64
49 85
48 7
83 41
96 89
66 15
94 26
45 62
20 76
78 10
68 47
25 56
69 57
17 41
18 46
43 10
41 80
65 4
47 55
100 44
23 28
90 61
34 69
68 45
31 38
80 36
27 53
16 87
77 8
64 9
70 53
47 95
67 56
43 86
43 87
38 7
66 81
82 8
70 97
43 9
87 53
25 47
57 7
19 3
61 73
45 27
12 59
76 38
54 3
93 80
43 83
44 65
31 63
68 45
82 11
22 87
20 33
91 44
74 94
76 66
45 24
25 42
23 57
54 66
18 61
9 8
26 49
20 90
89 94
68 65
32 58
83 50
54 93
34 90
17 96
89 4
91 99
2 99
28 19
96 58
6 24
92 40
67 40
50 50
33 30
7 66
12 80
39 22
59 2
60 30
50 36
3 3
90 52
94 76
6 42
30 44
98 84
47 88
55 94
45 36
35 59
96 61
94 83
61 50
68 84
15 28
3 65
60 85
11 33
83 96
8 38
4 14
16 99
14 54
36 95
89 84
35 64
54 44
98 96
44 69
100 80
22 47
70 46
39 76
63 98
13 9
65 49
79 70
36 58
100 17
60 95
78 88
5 99
78 30
61 92
35 47
36 18
84 72
30 10
96 37
31 61
29 74
5 37
54 34
19 25
95 84
70 79
58 76
98 25
50 40
68 21
16 65
1 78
73 67
92 38
53 52
59 8
29 91
72 14
6 21
40 36
54 48
83 83
46 49
83 67
88 42
86 11
71 38
50 72
15 61
33 14
34 60
99 20
24 76
64 44
22 85
80 65
55 48
40 50
36 72
18 96
2 35
67 71
98 71
40 75
9 37
44 89
58 67
30 29
83 11
78 72
67 21
45 94
21 79
84 79
45 51
2 44
27 62
8 46
46 78
32 94
56 41
19 33
1 43
65 56
36 97
8 60
19 36
98 23
63 27
85 61
97 55
69 49
10 38
39 64
82 1
64 32
69 43
23 86
70 68
11 6
16 95
66 3
25 30
9 82
32 17
73 93
76 5
12 8
15 29
88 2
27 41
61 90
71 89
75 98
63 25
54 88
35 2
46 24
80 4
91 55
35 38
10 26
30 83
2 23
8 8
39 86
7 31
97 90
80 10
62 70
87 28
95 70
31 2
2 98
79 77
74 77
69 66
73 65
47 11
59 23
93 56
53 81
81 45
42 82
48 29
91 1
82 96
32 33
28 84
15 42
59 32
36 7
14 15
29 67
73 96
72 87
13 47
32 8
28 97
69 98
86 29
18 60
84 28
93 12
56 90
16 53
91 31
44 51
30 78
23 87
78 47
78 62
24 44
1 97
62 66
80 56
24 38
91 26
76 55
52 11
28 89
41 2
42 88
38 32
34 55
24 68
22 11
49 53
78 31
8 76
87 96
50 70
87 77
32 32
33 78
31 94
14 59
70 54
23 98
11 3
76 34
15 32
5 79
15 90
27 35
50 12
94 64
16 59
66 21
90 55
40 3
19 25
7 18
61 39
57 17
95 83
9 2
24 80
2 17
59 1
92 69
62 84
49 53
40 11
65 80
8 99
31 33
100 76
2 17
18 57
18 80
83 78
98 68
58 33
80 81
80 49
65 42
68 63
54 27
52 11
75 1
74 60
17 20
47 72
38 49
38 78
66 61
85 39
50 51
82 59
88 18
25 45
87 82
25 92
15 67
55 50
62 5
57 72
56 39
95 10
8 48
31 87
39 18
48 19
88 86
18 56
35 3
48 12
7 32
73 32
71 71
54 1
67 68
31 65
10 17
52 44
85 59
32 80
9 90
88 14
74 52
6 98
95 43
45 44
55 36
72 77
72 14
5 5
50 70
22 64
68 88
81 77
87 1
11 82
95 18
5 91
60 50
55 19
26 98
45 78
79 72
60 72
13 24
15 81
20 100
42 92
24 25
30 95
10 79
69 86
70 53
28 18
62 26
24 43
12 72
41 11
78 75
81 64
29 1
85 91
93 69
55 49
90 34
91 43
73 71
77 68
100 56
7 55
50 36
14 87
72 73
93 84
12 91
89 59
61 48
100 3
2 65
1 98
81 90
38 78
99 43
62 75
86 14
90 11
21 56
44 36
69 52
55 10
15 14
15 55
57 97
92 77
84 50
52 2
83 73
2 56
77 81
69 32
55 20
4 91
93 56
87 18
33 43
7 46
90 70
14 59
60 46
84 65
49 45
97 49
79 96
90 77
36 50
14 95
74 19
16 97
82 38
75 66
8 39
56 82
7 6
92 19
48 77
50 10
81 14
92 32
34 44
1 56
95 89
72 38
89 29
74 84
13 85
62 77
32 72
17 36
21 48
84 23
1 78
68 63
82 5
41 24
81 96
58 13
29 51
97 27
33 85
79 16
6 7
15 36
35 88
84 58
16 23
47 94
65 44
87 38
34 39
62 81
33 18
93 90
89 89
68 72
83 24
5 85
83 1
70 26
71 26
25 44
4 12
94 69
59 52
97 84
77 19
13 95
78 78
62 67
10 11
13 57
12 77
55 38
84 1
21 38
12 58
32 78
88 50
43 40
12 100
94 39
22 37
58 57
70 4
86 21
24 87
41 7
58 69
17 52
26 89
46 30
8 83
19 20
15 10
19 53
37 97
44 56
63 51
89 68
49 55
93 9
97 97
97 91
28 29
54 87
58 53
77 7
50 10
71 33
52 93
40 66
61 73
14 77
20 13
70 35
80 52
40 14
40 89
78 32
61 70
66 18
85 15
84 27
96 45
39 98
75 52
40 79
64 68
11 35
18 85
20 35
4 53
57 47
36 99
59 40
2 89
29 58
17 94
20 66
75 32
58 5
27 20
4 67
44 48
4 74
23 26
17 67
10 30
5 74
97 62
91 20
30 50
22 44
71 38
74 50
15 31
27 2
6 88
54 58
60 47
69 96
88 33
76 8
1 100
62 99
25 32
33 77
47 26
88 11
21 13
72 13
3 98
59 76
72 46
74 62
96 14
24 52
20 77
52 63
57 38
100 37
9 74
82 17
21 7
63 35
51 17
98 87
41 96
42 40
74 6
88 52
86 55
58 46
88 89
40 49
82 45
34 57
92 79
24 24
21 78
100 87
91 41
86 82
84 39
63 95
99 21
100 97
94 62
5 25
83 54
29 38
14 18
32 72
69 40
88 27
56 98
49 62
70 81
61 34
91 24
74 32
38 41
93 82
42 70
36 60
60 16
20 27
41 45
87 34
59 48
63 91
80 85
5 22
3 93
74 45
43 77
7 70
52 14
41 21
77 69
90 34
47 99
71 89
95 55
81 45
85 97
97 5
53 51
62 66
30 41
8 64
32 52
47 61
78 12
6 14
2 65
22 98
79 69
52 41
98 74
40 22
30 11
12 54
52 96
43 1
21 1
28 42
97 17
45 38
50 24
37 76
75 86
52 23
10 48
74 3
68 61
49 68
31 41
79 50
24 41
33 72
99 91
99 75
67 33
79 24
91 60
57 89
59 88
15 76
9 5
74 98
37 69
99 30
55 34
87 29
70 83
84 22
61 97
36 79
81 1
31 63
60 5
15 11
2 66
70 8
50 19
30 34
97 33
75 63
29 47
55 52
6 7
56 88
27 81
36 61
68 17
30 97
83 46
85 19
66 48
58 89
9 89
29 28
24 22
53 91
19 22
83 70
25 97
52 96
98 24
99 31
65 70
50 17
16 57
29 62
51 6
57 41
94 5
5 64
65 16
44 24
83 82
28 6
27 83
46 98
43 52
40 46
78 29
51 76
15 11
20 68
38 47
87 22
4 59
28 94
27 96
64 41
17 100
31 44
4 80
19 78
86 9
7 10
100 78
11 6
64 11
24 3
60 77
7 34
34 36
52 48
27 24
60 40
23 21
42 24
57 18
20 54
33 70
11 20
67 1
91 33
71 4
20 40
90 63
93 54
41 90
47 81
69 69
88 68
38 69
26 73
84 85
93 41
74 52
81 23
46 94
27 5
11 97
38 31
50 9
29 19
1 35
54 55
43 3
56 14
52 46
79 39
74 33
79 80
71 31
36 10
51 72
99 4
46 44
5 97
38 12
30 56
63 2
6 58
48 47
77 23
14 43
73 68
98 93
85 6
17 56
66 80
52 98
67 62
47 26
30 8
71 9
9 75
64 10
86 57
57 86
6 62
38 11
17 58
10 98
35 39
63 73
98 85
92 23
60 14
30 7
78 64
75 38
84 73
62 62
52 71
51 14
38 32
47 79
20 70
21 3
11 13
51 4
48 45
54 23
85 97
30 12
30 16
68 45
40 54
42 37
95 51
48 89
39 2
57 8
25 95
55 89
65 57
40 48
38 19
68 27
65 16
64 46
97 60
20 94
66 20
97 52
44 83
62 96
24 100
84 23
89 60
86 17
72 77
82 54
20 77
20 71
65 74
41 1
19 90
89 91
81 90
58 84
88 50
54 47
98 59
64 89
51 99
92 84
12 64
79 2
92 36
17 31
56 3
18 25
4 5
6 27
27 79
66 42
81 89
80 72
2 37
9 40
10 82
43 71
49 62
97 70
96 31
93 33
97 33
5 35
8 17
43 21
53 83
26 69
87 3
78 64
83 18
64 61
9 81
19 33
87 4
100 80
46 27
40 1
79 95
5 1
10 71
80 9
97 25
32 76
92 73
34 61
51 52
62 68
55 34
23 91
24 53
38 52
97 14
17 90
100 8
93 55
25 18
93 71
65 23
68 73
21 25
93 51
48 26
20 69
93 78
75 85
43 23
98 6
4 67
34 44
28 72
61 14
37 82
89 69
86 23
67 97
63 52
13 8
34 93
81 1
36 55
40 37
32 53
5 48
52 86
2 77
57 97
13 68
100 3
45 55
11 55
16 88
54 70
5 65
58 43
57 1
35 40
52 98
91 17
67 42
26 12
77 88
90 61
12 51
23 35
77 9
25 96
83 37
20 64
26 1
11 44
41 57
54 31
2 9
34 8
83 94
5 69
6 96
53 56
86 84
78 54
36 77
55 40
94 47
5 38
91 42
100 40
97 62
59 5
45 69
82 89
67 42
36 57
8 53
26 43
10 20
52 79
82 45
73 73
85 5
85 74
43 52
26 33
11 43
30 92
55 93
18 83
82 59
58 81
49 89
58 79
69 4
2 34
45 39
100 46
70 41
3 18
92 24
70 77
13 11
14 38
69 46
62 67
100 38
64 13
95 97
37 46
26 39
1 91
31 65
19 69
19 11
25 94
1 91
10 95
75 14
8 6
35 59
15 72
67 12
61 40
46 42
33 10
90 14
39 85
44 5
67 46
90 19
56 62
69 50
100 51
19 1
42 90
88 5
47 10
72 18
73 45
61 63
93 85
77 58
87 79
24 5
5 97
75 52
82 96
39 41
11 97
75 52
84 17
86 39
9 98
21 100
88 14
69 24
66 6
13 7
27 36
13 12
85 76
71 97
44 75
71 48
80 29
74 9
63 66
44 56
44 4
74 95
16 13
52 44
68 86
74 45
6 100
43 78
88 39
26 45
83 61
6 62
19 23
82 26
82 7
65 47
42 3
17 89
82 77
2 9
99 12
73 76
74 67
35 89
55 99
46 59
63 61
4 18
8 12
57 35
4 97
23 81
89 94
56 33
81 52
38 17
43 97
65 100
13 40
81 19
77 8
68 20
74 82
20 94
14 83
80 33
52 52
91 94
96 80
77 15
4 29
61 75
22 58
41 57
18 29
4 87
18 81
87 64
85 61
21 35
47 67
15 56
92 48
37 67
44 21
91 89
96 91
34 18
95 4
14 38
70 60
5 24
28 47
62 85
37 26
38 72
17 6
5 28
93 1
62 80
9 56
76 51
58 47
40 7
89 80
67 73
22 45
35 38
81 18
36 43
72 64
19 4
16 36
58 41
61 1
87 28
89 74
14 27
91 64
3 58
19 72
59 53
22 4
1 22
73 26
35 14
50 62
4 99
89 71
74 43
85 69
5 67
82 8
18 28
85 20
82 78
3 21
67 76
26 16
18 27
52 94
32 6
27 74
8 55
42 21
49 86
61 6
1 54
57 53
13 63
85 11
12 10
47 28
10 93
35 65
35 65
56 100
85 63
29 30
36 69
36 70
82 95
98 84
41 65
40 14
27 58
82 98
57 74
45 34
66 33
33 70
88 34
55 56
68 38
38 63
21 61
24 10
77 40
8 31
19 72
76 100
49 3
62 48
78 63
26 8
21 80
98 84
73 1
84 80
65 8
66 87
83 85
2 93
61 74
28 92
53 73
80 87
66 85
75 47
43 84
38 67
14 59
65 45
24 6
99 67
11 26
32 13
50 72
72 42
45 78
47 73
48 51
53 86
27 33
75 76
72 10
76 2
25 54
100 76
62 98
20 74
78 27
76 42
58 81
83 96
7 100
57 18
78 17
53 85
84 7
82 59
42 60
13 45
17 51
45 84
39 21
85 89
42 36
38 24
25 82
43 66
4 16
15 94
4 44
67 50
24 98
28 87
34 29
65 73
59 37
33 76
6 36
38 17
28 38
83 61
45 91
79 32
1 30
21 47
98 86
30 81
32 83
93 93
81 69
62 36
52 7
13 60
49 81
38 49
69 83
89 78
96 88
1 72
77 30
47 44
22 8
69 31
70 37
70 59
82 50
26 50
59 61
54 29
9 52
34 17
42 9
34 11
37 77
44 42
84 77
93 79
48 17
17 41
60 81
93 4
72 88
53 88
85 48
65 18
47 30
51 23
54 80
19 90
62 29
33 86
99 2
27 76
17 60
74 100
20 29
79 36
80 48
11 40
57 23
86 21
50 81
96 67
95 61
84 48
80 80
96 55
86 94
85 78
84 14
95 52
3 80
50 21
6 28
73 40
46 100
74 6
91 83
23 30
59 76
9 20
15 70
22 20
86 100
54 29
6 37
99 82
26 29
49 94
67 37
75 96
66 8
27 69
20 42
75 44
71 3
98 38
95 50
92 63
22 47
23 95
90 82
36 45
3 76
52 96
55 38
29 42
75 88
17 44
77 15
62 31
64 30
36 22
27 4
60 4
42 35
5 82
72 71
85 89
32 65
37 75
21 18
22 9
53 69
53 34
61 40
16 36
15 19
63 92
55 3
93 50
56 93
41 95
17 26
51 28
43 22
58 100
90 55
75 60
27 30
59 41
38 96
23 99
57 72
73 6
21 68
16 61
52 61
73 15
45 82
93 10
26 37
1 85
84 13
57 20
52 64
83 63
54 100
70 38
77 81
28 84
16 55
23 10
3 29
89 19
72 42
16 53
54 96
49 93
3 99
27 26
61 29
79 19
18 64
59 59
27 8
26 20
64 38
36 80
26 42
31 44
9 15
15 18
6 48
71 99
3 58
32 53
68 31
32 18
78 53
66 16
62 61
85 60
71 92
68 87
37 14
65 9
49 12
57 58
20 99
22 33
49 53
53 87
80 63
1 51
96 67
16 80
28 27
40 78
18 54
69 71
82 90
98 24
46 69
5 73
76 88
56 66
59 15
62 12
62 100
86 97
14 20
31 41
82 9
45 99
81 93
48 49
11 88
50 42
18 63
46 80
57 60
34 90
5 35
32 89
52 25
34 93
61 2
25 69
23 13
7 59
20 76
8 6
40 31
88 43
47 49
67 33
93 89
34 21
28 45
79 74
1 95
16 39
68 25
19 22
9 47
90 11
18 43
47 49
86 41
99 87
65 9
99 37
85 50
57 3
30 81
33 68
37 40
11 68
12 21
11 39
63 51
98 37
68 57
65 21
2 59
14 71
41 60
33 92
27 99
13 2
91 53
54 67
42 49
16 26
71 5
19 47
97 39
68 95
65 92
56 55
35 39
70 78
43 88
25 41
27 48
17 46
97 14
40 28
38 52
4 37
46 13
9 72
38 55
19 12
73 46
38 42
16 68
9 52
55 75
13 30
36 83
16 40
1 65
36 96
17 74
43 15
2 31
10 49
74 47
93 13
37 90
26 88
15 32
43 71
83 1
58 91
8 41
14 34
97 93
68 51
49 10
71 37
37 96
78 14
29 34
34 40
91 65
57 76
77 47
57 31
29 99
14 88
95 91
97 70
48 23
8 7
45 62
77 76
24 58
57 71
99 45
51 65
55 55
87 59
26 87
14 71
27 48
65 10
84 17
80 30
36 52
78 47
70 47
11 86
10 80
45 54
82 16
60 97
43 31
68 33
27 21
79 90
81 6
59 80
1 8
96 57
58 40
76 35
63 49
50 52
51 10
69 41
56 76
6 84
99 52
43 83
23 96
72 48
6 100
70 29
64 9
73 74
89 26
8 62
28 69
39 67
44 62
88 85
49 6
49 41
53 43
95 48
94 96
90 71
76 85
87 93
60 3
8 71
36 37
85 51
89 69
11 73
87 29
12 49
78 89
91 18
37 77
23 56
17 57
65 21
42 61
74 62
66 88
98 47
64 15
29 22
28 83
50 30
65 64
19 12
40 19
31 36
73 43
67 97
47 93
91 34
25 68
80 15
69 46
50 98
52 29
72 55
57 66
15 32
44 98
65 81
89 1
20 13
87 18
35 34
15 86
82 34
27 71
16 38
66 72
39 26
8 88
82 93
98 55
38 24
22 8
70 18
37 76
100 85
67 70
81 85
86 39
2 57
32 63
17 90
49 69
34 22
92 94
39 64
41 49
82 40
77 25
98 55
92 83
93 39
3 98
39 6
90 90
49 13
84 1
83 52
19 88
58 26
10 24
87 94
10 81
54 56
17 50
30 60
65 83
85 38
21 35
67 77
9 81
40 17
27 81
14 61
74 47
13 73
97 25
16 53
24 100
2 95
14 45
41 55
20 46
58 48
80 94
37 73
90 77
61 32
26 92
61 65
61 58
41 79
8 83
77 36
14 94
90 42
32 89
27 63
74 97
12 16
43 60
51 2
60 60
52 70
86 55
6 70
73 9
10 74
60 10
60 98
54 87
13 13
36 12
60 37
85 25
34 98
6 46
8 78
25 14
31 26
88 63
8 55
97 10
9 18
52 62
79 80
48 12
10 74
16 67
45 9
89 73
29 23
65 79
49 5
68 37
86 66
14 72
22 98
92 40
84 92
5 59
57 93
71 94
23 81
97 29
62 95
67 71
29 22
94 79
41 56
17 96
71 91
87 71
44 40
59 68
99 41
41 10
63 33
4 28
100 81
57 31
18 20
9 67
8 9
33 17
46 93
24 48
73 81
49 50
89 62
34 11
67 53
56 8
99 21
39 28
43 81
17 36
21 68
54 1
97 35
25 16
50 54
43 93
55 77
45 60
39 30
94 60
41 84
78 30
74 68
6 5
25 86
60 61
24 7
83 77
58 24
66 94
11 3
89 15
16 45
6 19
84 6
42 38
51 92
91 3
14 1
68 85
8 61
21 16
44 74
51 72
64 33
72 4
99 51
71 30
48 44
85 96
35 82
84 74
84 24
90 5
25 21
15 26
26 50
15 51
22 54
20 100
63 45
31 57
34 36
20 10
31 24
16 88
11 34
24 41
93 24
95 37
11 92
34 96
70 10
22 4
34 18
19 57
96 12
33 48
82 9
89 51
57 98
75 76
80 6
62 34
80 91
53 56
74 58
79 83
51 56
43 67
61 77
31 78
74 79
82 77
45 30
92 73
37 35
60 86
12 98
51 44
36 22
74 17
94 4
90 49
57 44
64 22
61 20
61 53
51 16
91 2
86 61
64 18
43 29
48 41
86 69
84 21
75 81
100 32
3 20
88 29
19 99
91 60
44 5
22 17
37 22
87 34
4 33
32 58
22 91
91 50
48 33
31 66
11 43
70 29
46 71
83 51
25 10
30 16
93 87
91 78
23 44
55 31
32 52
81 88
54 25
76 91
46 6
58 44
65 40
77 45
48 60
4 8
7 96
80 99
65 22
38 13
82 39
74 50
9 39
12 48
39 66
26 61
6 98
64 8
90 77
35 17
19 34
56 15
94 91
94 12
2 71
53 59
21 24
87 12
64 57
33 86
33 83
6 84
34 58
18 31
67 63
20 56
22 29
52 24
83 37
99 74
99 45
9 97
48 67
40 24
55 31
77 31
36 9
31 20
52 58
62 9
90 57
24 10
78 11
89 37
3 44
43 60
15 40
71 68
75 53
64 92
48 44
12 84
46 91
64 5
46 36
2 80
43 37
74 44
6 100
56 6
79 97
22 75
61 63
6 100
49 26
69 80
62 11
91 42
50 63
79 87
53 23
45 54
61 56
74 49
3 6
9 97
52 29
76 98
49 98
46 83
53 29
3 28
94 43
12 24
18 36
84 19
78 2
76 68
62 5
31 37
36 51
54 35
58 91
21 95
31 19
35 45
60 34
66 68
33 40
81 58
65 90
80 41
6 16
57 65
39 3
9 24
30 19
25 66
26 4
55 22
62 46
78 97
50 96
58 15
5 85
29 63
26 42
13 83
2 69
84 86
92 90
17 62
84 85
46 81
34 79
17 46
19 3
55 87
68 100
77 78
55 62
39 11
92 85
91 15
41 33
36 30
67 73
55 63
65 26
32 8
81 1
79 24
71 1
64 28
43 30
49 89
95 11
66 82
90 65
9 41
80 5
62 9
61 53
61 36
80 93
34 55
81 25
87 31
12 78
38 28
79 98
38 21
86 8
94 25
36 45
25 10
59 59
70 99
92 41
45 30
85 57
24 99
86 1
44 44
63 28
80 32
68 64
77 47
10 13
64 79
23 38
3 75
17 71
15 98
14 92
63 40
63 68
89 54
83 26
97 24
48 24
97 87
85 41
30 64
66 46
4 31
95 7
70 31
90 55
78 74
59 94
2 48
78 6
89 13
72 59
34 10
16 44
79 33
11 60
40 10
96 100
40 32
44 70
49 94
7 42
70 96
100 18
12 53
87 99
26 97
39 74
79 33
49 44
90 77
61 55
68 12
17 41
95 23
25 63
73 13
5 85
15 61
25 16
43 64
11 80
33 21
13 1
18 74
45 50
77 86
78 66
9 82
61 52
45 57
25 39
24 79
42 57
4 62
91 8
1 41
40 12
30 49
34 4
16 56
92 13
63 6
52 12
23 79
27 71
44 82
33 32
77 21
45 94
91 25
25 31
41 21
35 39
26 46
80 60
37 57
95 23
71 64
11 76
30 23
47 96
84 29
100 44
71 91
15 34
13 63
23 44
40 25
70 66
66 82
61 11
78 12
91 62
48 37
2 51
30 70
97 81
67 59
88 56
69 80
66 46
96 46
43 69
77 85
81 71
71 59
60 18
48 41
34 45
1 2
31 64
81 92
20 98
10 5
10 56
27 12
64 70
92 72
46 23
61 45
44 94
48 54
57 64
35 30
59 33
98 8
47 30
78 53
66 67
50 81
49 50
4 72
26 6
8 40
6 49
53 74
10 3
3 35
61 40
93 73
85 94
27 87
55 42
11 48
93 60
24 43
73 55
99 47
29 58
36 48
37 77
87 70
15 62
72 77
31 29
86 53
30 41
74 83
65 7
9 58
33 47
8 50
60 91
11 36
58 90
94 92
1 20
8 33
13 85
63 38
10 21
94 84
44 83
43 52
90 32
54 56
91 29
95 84
60 87
61 86
62 67
70 25
89 24
42 79
35 1
84 24
94 82
81 7
78 67
50 64
45 95
50 41
37 53
24 65
84 22
53 19
10 69
32 99
3 19
100 18
58 72
25 11
72 21
14 84
2 39
79 18
85 16
60 21
9 59
12 30
67 67
5 99
32 21
53 64
80 94
15 31
10 55
61 60
8 41
53 31
6 29
17 4
60 35
64 58
25 75
69 82
28 30
17 46
95 34
30 90
17 18
15 11
53 100
40 82
36 82
44 45
9 72
49 52
86 99
69 95
81 43
61 81
85 48
81 78
10 8
81 85
31 86
39 28
95 98
12 86
86 70
66 30
83 12
44 98
49 32
25 37
86 51
34 72
92 17
38 41
39 46
89 34
58 33
13 35
20 36
92 94
44 19
77 85
6 59
71 32
87 41
64 7
25 99
48 99
90 97
41 7
28 80
41 44
36 64
77 26
77 50
42 65
62 22
48 53
89 76
98 35
37 38
31 84
36 57
90 10
23 36
89 61
54 18
91 14
60 99
48 23
94 37
100 42
23 10
71 81
69 32
71 65
26 46
30 80
24 75
49 95
47 10
60 31
7 19
35 91
80 26
94 10
98 57
49 3
27 100
45 86
17 31
11 62
2 46
83 42
58 20
23 22
97 57
3 53
36 43
38 32
47 16
43 44
92 59
10 75
11 35
27 95
57 81
52 4
19 80
1 86
31 4
23 23
77 54
1 20
68 38
10 88
81 9
1 32
30 80
5 4
3 61
29 75
46 3
82 88
52 62
17 62
42 6
65 100
1 99
75 13
77 39
3 7
15 52
69 68
84 79
53 96
18 76
32 93
74 75
40 18
64 27
83 74
16 32
4 68
32 13
35 64
9 98
39 100
30 67
51 4
39 90
19 24
80 36
47 28
85 7
99 18
19 38
59 9
28 83
34 77
84 66
50 64
10 38
43 40
44 84
77 56
16 3
68 7
29 92
14 38
47 86
21 74
79 99
94 59
4 16
64 49
51 31
50 42
45 20
31 33
68 62
53 85
51 41
50 10
77 4
100 28
51 81
63 5
11 91
61 93
47 56
61 6
22 58
75 73
32 22
31 93
84 65
40 47
33 38
58 92
44 82
15 18
54 68
75 13
59 13
8 5
69 77
19 84
28 81
14 12
35 60
74 57
83 61
60 71
58 40
7 64
10 79
58 41
1 96
100 96
48 16
35 93
56 86
14 79
29 14
55 51
24 26
54 74
39 14
82 66
65 36
24 14
75 53
85 29
77 16
60 26
70 53
87 49
87 54
51 62
73 74
77 4
40 49
75 43
57 85
95 55
25 45
23 75
49 43
3 20
68 39
7 11
74 36
62 38
81 76
83 78
50 6
84 81
81 23
61 81
42 49
19 85
46 70
25 10
13 7
56 85
73 37
25 25
20 10
68 89
55 42
81 61
8 65
83 57
57 37
98 48
90 56
72 5
89 95
5 47
83 48
20 85
32 34
86 80
43 28
56 38
7 9
78 9
71 81
58 55
31 70
12 60
8 84
7 62
22 9
34 40
27 97
58 82
44 9
25 88
76 4
35 61
87 17
18 23
70 76
13 74
30 68
14 82
45 38
15 27
2 76
41 2
64 36
51 15
8 41
88 21
71 59
13 51
46 7
90 34
12 70
83 8
26 6
64 100
2 32
30 31
89 78
61 30
100 28
82 87
94 88
23 45
7 13
55 61
79 55
19 51
48 57
53 19
88 21
22 3
83 27
78 58
84 33
85 8
20 76
97 54
96 18
12 12
84 29
21 39
56 86
25 1
92 26
45 95
72 37
82 92
86 92
34 20
48 85
76 97
41 90
43 96
10 87
95 93
81 37
100 73
36 49
58 61
50 63
37 4
6 46
32 89
82 29
85 48
97 29
56 60
25 100
49 57
100 98
28 10
100 100
3 15
6 11
95 82
63 6
11 90
20 31
83 52
88 11
4 19
87 78
25 71
35 38
69 54
14 45
23 53
48 56
51 24
62 65
88 29
65 18
33 78
13 90
45 62
95 32
78 28
81 74
18 2
82 83
58 27
65 93
92 27
22 75
82 71
85 49
3 25
7 65
8 58
50 71
60 34
46 23
71 76
44 63
23 34
83 68
15 12
15 77
26 18
43 87
33 11
69 52
5 71
16 23
77 99
82 22
91 65
31 10
64 94
68 61
32 39
99 82
39 15
42 61
22 25
77 85
79 76
99 29
62 61
2 44
1 53
11 20
20 86
64 77
78 7
85 88
41 10
10 29
53 14
50 44
9 10
20 21
33 82
75 55
92 49
54 47
11 77
45 89
44 34
72 7
79 96
85 100
52 83
82 31
81 81
20 39
77 92
10 87
78 34
45 55
31 92
19 85
26 40
91 73
36 8
15 96
31 85
90 25
15 69
51 40
36 31
45 99
21 37
53 81
34 47
8 98
55 61
46 87
47 1
76 93
54 40
85 85
94 74
77 36
63 83
51 36
92 81
50 62
93 99
47 48
54 14
51 94
71 93
47 2
22 83
8 95
32 73
23 15
84 14
82 89
46 2
46 8
45 5
13 22
29 2
25 24
54 27
79 46
54 41
84 77
25 43
29 63
92 46
8 9
90 89
46 78
80 55
27 98
18 17
20 21
77 61
77 79
99 40
8 92
98 42
45 34
42 25
66 51
35 94
32 36
21 40
64 25
23 66
58 98
28 8
61 20
80 40
28 22
81 53
57 3
91 95
16 100
88 9
15 27
28 91
10 86
81 80
4 11
19 66
16 37
88 80
71 49
92 77
87 33
55 34
57 62
71 31
88 71
94 11
2 45
58 77
21 55
45 96
52 73
19 71
93 99
33 66
59 20
39 89
6 37
12 44
97 56
97 91
55 5
2 37
12 48
1 93
72 53
63 84
77 56
96 1
57 42
17 48
99 83
76 77
98 11
16 18
63 82
1 25
13 81
28 77
50 3
31 95
28 45
68 71
99 44
15 48
52 13
3 46
99 63
27 92
75 23
43 89
79 45
83 90
14 39
88 45
18 42
21 65
5 94
24 85
100 85
25 33
9 87
98 26
83 79
1 56
25 50
57 83
39 88
54 33
46 12
20 19
54 86
92 7
18 11
78 39
36 54
55 59
93 45
29 85
29 8
1 86
96 16
25 18
57 28
15 54
35 57
58 68
26 84
87 92
87 9
15 90
11 2
20 16
66 96
72 20
76 18
57 58
78 21
80 6
82 25
54 9
78 41
46 79
32 47
39 4
43 80
55 77
60 51
70 6
75 49
99 85
20 89
41 72
59 49
50 11
54 99
52 65
71 35
7 55
22 26
4 21
90 86
46 63
74 70
84 14
21 37
42 56
53 90
16 93
42 73
46 12
69 47
67 35
32 65
81 37
68 46
61 5
28 28
29 66
20 87
41 31
69 72
86 1
52 35
86 13
51 74
14 19
18 17
81 79
12 72
81 57
5 87
17 62
68 68
60 18
53 59
35 37
68 21
3 36
54 98
69 75
75 66
58 59
30 42
68 47
54 39
30 20
4 66
22 100
91 94
92 67
99 5
15 71
51 100
42 72
62 65
48 74
29 94
11 80
67 38
19 53
45 71
81 23
77 82
58 39
2 65
35 29
100 15
74 21
63 53
57 39
23 62
23 23
60 15
35 16
95 14
3 24
17 37
97 11
3 18
1 54
12 36
34 57
84 23
82 13
100 41
28 30
4 84
94 39
15 73
72 94
22 65
22 86
91 35
62 89
63 9
78 79
77 15
95 84
54 54
43 94
62 37
96 10
77 12
33 90
3 89
42 5
34 48
46 57
86 100
52 16
8 51
52 78
91 59
5 2
72 28
46 72
34 8
84 83
13 50
24 81
27 23
37 42
33 6
32 86
78 1
8 54
61 58
9 12
46 94
44 27
91 20
82 94
6 32
19 78
28 45
29 82
43 8
15 51
69 60
49 7
24 27
3 49
17 79
82 91
90 88
51 33
15 15
52 58
23 18
25 7
42 27
72 54
90 70
99 50
57 47
63 17
35 30
75 15
17 59
77 30
77 85
28 64
17 26
14 61
68 19
75 100
16 92
81 97
60 73
72 80
60 4
73 34
53 52
52 52
44 16
27 24
14 11
63 88
14 16
79 63
68 25
80 51
58 61
33 79
81 4
13 70
89 10
47 37
44 13
43 73
5 50
91 70
6 53
87 35
23 25
22 28
100 12
44 46
37 79
7 88
55 54
24 25
23 77
66 61
74 73
4 4
15 64
89 19
84 95
95 93
7 74
71 22
41 46
95 66
20 85
29 62
46 25
80 29
49 24
74 24
95 10
56 57
27 80
1 33
2 37
68 99
83 26
24 52
40 98
16 35
11 88
45 14
17 11
9 28
45 12
47 80
32 49
88 4
7 97
66 75
58 67
42 37
43 89
6 63
76 93
24 90
89 23
90 83
19 15
47 57
1 89
27 77
87 40
89 5
89 14
7 46
43 11
11 77
77 44
55 7
33 41
81 31
81 87
57 52
94 41
45 10
83 54
16 5
41 97
23 31
5 17
46 26
78 63
87 16
13 72
28 81
1 85
99 11
35 72
46 39
32 100
68 6
95 94
57 66
53 68
84 39
54 96
47 60
3 87
83 51
88 58
4 92
3 57
16 32
29 12
78 41
26 19
56 98
94 29
38 95
29 100
4 82
10 16
45 85
43 93
9 2
31 21
45 11
89 32
42 72
86 25
100 96
11 63
16 70
22 93
92 74
95 16
33 81
81 99
25 82
92 35
99 25
92 68
93 22
53 6
75 2
14 49
10 62
46 16
66 37
75 59
50 22
25 39
83 40
73 57
37 12
90 90
40 25
13 44
12 65
40 74
66 48
9 90
27 27
85 81
93 1
95 35
49 52
67 44
44 66
67 50
89 2
43 46
32 36
71 93
96 74
41 34
77 41
22 87
15 63
87 50
64 85
68 25
96 71
10 11
30 43
43 50
7 57
43 31
34 80
68 72
90 59
65 58
2 83
70 23
79 47
65 69
8 68
20 43
50 77
99 59
45 58
100 92
49 88
15 72
15 79
21 99
74 36
11 96
66 27
64 76
81 92
65 73
65 62
61 38
66 38
37 15
37 95
9 26
40 53
47 34
5 11
99 82
26 25
54 66
53 33
64 2
22 12
60 59
18 23
75 5
5 70
37 53
59 83
34 46
29 49
7 85
52 9
5 48
77 49
96 4
70 48
23 94
26 99
75 25
88 9
1 27
44 53
49 87
24 7
61 35
45 10
38 75
25 51
81 12
66 10
13 57
97 14
1 100
72 92
34 7
60 67
7 77
27 89
38 70
35 26
19 95
52 40
57 37
4 85
18 29
54 82
6 6
96 50
9 99
72 39
16 99
50 53
78 1
19 33
16 34
32 18
100 29
94 15
37 99
35 26
34 64
24 91
29 34
66 38
56 40
78 29
29 89
84 23
48 66
42 29
73 25
30 52
5 47
67 96
39 72
30 8
69 79
51 26
59 23
19 73
93 94
35 7
32 32
73 100
6 21
43 4
75 61
46 29
22 38
81 53
12 67
41 69
98 53
46 65
48 60
75 78
48 85
60 17
100 23
6 81
79 76
33 19
97 27
34 28
100 56
47 83
83 57
44 26
21 50
60 38
39 61
91 73
10 25
78 28
71 99
10 40
83 82
42 6
89 50
23 45
10 39
72 87
29 9
88 34
93 44
66 71
91 69
66 2
12 13
32 57
24 78
31 10
72 57
73 20
69 83
72 61
51 73
98 63
84 2
24 63
77 12
98 25
66 58
81 12
20 10
86 22
48 30
18 50
78 18
22 65
6 38
29 78
41 50
54 62
40 93
79 48
93 59
45 44
54 53
12 64
19 17
6 53
78 96
76 64
10 28
33 34
46 81
90 15
23 26
2 37
55 22
9 57
69 54
43 15
78 44
68 87
94 8
66 37
76 87
87 98
59 90
71 39
68 92
46 46
28 23
73 57
80 65
91 85
60 41
85 36
89 43
83 6
72 83
9 16
93 6
59 4
74 59
49 11
7 11
35 58
1 3
37 23
46 98
76 26
2 71
4 13
7 62
66 65
57 1
80 97
60 57
82 91
45 71
90 5
91 40
89 15
99 16
1 79
9 8
100 83
60 41
97 84
25 71
58 72
46 81
71 83
72 36
41 51
87 51
14 92
2 53
58 37
84 61
65 11
32 96
7 61
39 46
16 11
16 79
10 22
4 66
4 23
95 5
35 82
86 77
57 42
91 11
43 90
4 69
55 65
17 22
47 18
61 49
56 74
1 53
90 11
94 84
17 44
33 9
73 30
86 15
47 7
49 38
17 95
47 19
36 34
80 56
6 66
99 19
68 83
95 61
33 47
89 64
62 22
27 81
29 95
8 68
3 70
88 91
26 48
3 18
43 96
96 56
10 30
25 43
94 73
66 51
3 88
49 55
89 68
67 93
75 60
98 90
49 15
25 51
78 58
8 37
31 24
99 84
28 3
21 18
99 60
1 30
34 18
79 25
42 35
82 24
41 8
100 46
43 91
92 15
78 49
58 16
81 33
95 27
73 1
35 67
23 50
48 5
24 73
26 9
88 5
47 6
77 2
22 11
74 14
59 41
95 73
81 30
69 95
84 9
52 11
77 52
83 35
19 46
78 96
78 81
63 5
94 84
20 87
84 10
95 20
16 33
22 96
42 69
3 66
48 47
66 46
11 84
83 12
82 33
74 54
16 26
22 34
88 3
15 84
78 45
83 17
43 49
21 16
39 32
43 31
7 42
50 72
48 92
40 96
19 21
55 61
85 15
11 8
25 84
83 24
17 96
59 65
79 86
88 60
6 66
10 10
25 38
59 52
77 98
65 44
66 51
36 87
88 30
33 23
8 100
42 3
69 38
22 43
93 55
85 90
58 51
68 41
80 41
38 66
18 57
47 95
15 35
42 64
26 70
88 55
5 97
59 25
86 75
55 79
78 9
38 64
61 67
45 83
39 91
40 87
54 69
24 23
23 52
34 23
38 42
99 41
68 34
94 13
89 84
91 39
49 64
94 19
89 95
83 89
11 44
58 80
72 33
14 51
38 8
82 71
88 82
67 81
24 1
39 37
21 84
70 89
62 81
25 20
85 23
40 32
57 5
67 71
99 19
41 27
95 78
92 53
3 52
4 72
12 74
23 84
11 70
11 21
75 20
97 47
40 3
18 30
22 20
67 94
80 60
66 34
41 30
78 100
74 71
60 28
22 95
71 80
83 74
35 82
58 94
24 97
48 6
87 3
30 46
80 78
71 81
78 78
56 8
7 96
55 20
100 91
57 56
11 79
86 17
30 9
99 91
77 83
29 34
19 89
50 3
14 16
40 62
61 77
25 75
43 97
60 52
1 59
72 5
24 13
5 83
31 99
16 39
18 97
16 44
58 99
8 83
11 79
30 36
93 17
1 59
81 32
89 38
53 67
70 21
92 46
64 10
66 26
33 12
75 20
5 58
37 83
37 89
60 77
52 61
53 36
2 57
53 48
29 49
19 79
79 22
73 95
83 84
17 48
95 66
70 73
58 6
81 75
68 53
32 69
100 88
37 22
54 43
97 79
51 60
64 42
57 90
65 43
86 26
30 89
26 51
8 4
100 75
95 83
22 64
71 25
29 41
26 96
8 11
37 35
100 69
6 70
87 92
39 69
53 67
91 85
86 77
46 71
35 78
83 22
42 73
10 14
4 28
85 32
6 15
93 44
21 9
60 16
13 76
72 71
80 35
92 23
64 59
20 94
65 66
38 8
63 41
74 46
52 60
82 86
5 50
78 93
61 72
37 63
97 86
13 23
26 38
16 14
80 48
58 94
22 87
48 23
82 75
30 99
6 7
16 64
72 56
93 46
34 43
20 44
8 60
7 100
86 39
39 87
32 27
83 74
15 70
85 70
6 91
6 35
19 78
73 87
63 22
16 37
78 64
41 37
3 47
26 56
93 65
95 77
43 85
56 66
94 69
27 5
94 91
50 98
40 42
38 66
44 56
90 7
83 92
2 67
81 74
47 97
32 6
28 73
42 24
90 67
44 59
4 23
100 42
64 61
39 43
24 60
83 27
46 83
46 75
40 42
8 40
30 67
13 40
12 64
75 29
83 13
34 6
89 59
15 97
26 24
29 68
56 73
61 10
63 43
41 57
82 64
72 76
14 83
87 85
86 96
60 95
95 52
10 79
22 66
86 100
32 72
49 5
88 56
41 57
59 2
35 83
14 49
92 63
83 49
99 40
43 50
50 91
28 12
91 51
51 50
38 64
72 74
87 44
17 77
33 86
34 5
70 17
60 81
66 10
99 26
30 79
12 36
16 52
74 76
84 32
96 8
8 19
27 70
87 15
27 19
93 70
2 47
68 96
7 43
16 40
72 33
37 75
25 77
36 10
48 12
5 22
81 5
30 99
47 81
50 16
96 79
75 64
62 36
93 25
47 18
58 72
44 20
28 71
3 78
8 69
63 79
20 21
32 85
15 22
13 2
73 6
28 67
51 16
90 36
27 45
27 20
60 84
75 91
91 72
11 21
26 2
22 40
2 59
53 85
49 42
5 86
74 98
60 80
77 28
24 54
52 11
5 91
95 66
82 20
63 39
47 10
28 58
10 4
52 69
16 6
35 84
85 23
90 59
33 56
60 61
30 78
39 16
53 50
6 62
17 19
90 38
60 54
28 45
6 87
95 29
68 79
34 9
47 89
89 82
93 46
13 79
89 86
9 5
54 56
1 15
26 17
39 17
40 100
36 22
90 50
62 95
46 6
42 49
32 40
7 99
47 64
30 6
45 66
29 68
45 68
70 55
58 4
91 78
89 75
49 50
70 38
30 69
29 61
28 84
8 82
27 40
65 4
32 64
62 61
93 68
72 53
13 65
97 8
56 37
69 73
5 2
70 98
23 9
42 54
30 8
98 47
12 57
19 46
95 69
45 22
65 91
4 23
40 76
40 4
23 2
83 50
98 99
82 57
37 89
47 26
84 47
23 51
15 77
31 47
2 49
83 47
6 40
47 68
49 69
37 43
86 88
81 8
17 10
63 98
52 60
14 70
17 94
58 22
25 93
3 99
81 6
88 25
19 63
84 76
2 44
65 26
67 7
12 13
20 70
24 69
80 51
71 18
18 34
83 40
50 35
26 72
64 75
47 73
85 6
84 89
88 18
10 98
51 4
53 96
13 67
28 46
86 11
54 11
65 68
78 58
97 50
92 77
27 3
4 1
73 57
71 5
25 42
38 43
54 68
2 71
3 48
26 28
38 49
38 36
15 70
44 97
74 38
95 42
30 75
80 57
34 31
29 100
20 89
71 41
63 73
70 87
56 88
92 18
53 93
7 70
93 36
25 52
93 75
87 85
48 97
11 100
9 49
31 89
98 96
96 98
82 21
24 75
24 27
66 72
59 37
8 80
11 71
44 13
5 46
16 12
88 13
82 14
77 97
93 34
31 32
83 84
70 29
1 66
100 73
58 6
75 17
36 59
27 47
21 15
61 39
58 21
72 73
25 84
89 76
58 52
34 90
79 59
83 93
81 37
31 7
92 72
54 27
47 20
60 98
35 43
70 77
9 78
29 62
86 1
40 78
49 35
73 36
39 45
57 88
40 58
5 64
77 13
60 45
18 7
17 49
90 77
49 97
9 61
45 6
38 66
3 99
8 93
10 100
33 44
85 53
53 47
7 43
54 35
53 34
94 11
27 84
12 44
4 13
88 16
2 52
58 21
93 93
6 61
84 98
96 97
27 13
1 7
40 69
51 9
19 27
24 69
7 53
76 93
32 37
16 84
63 99
21 66
41 83
11 63
69 63
4 37
11 100
40 98
18 66
10 27
19 11
25 51
62 23
90 98
88 12
7 29
30 86
18 24
43 74
41 2
3 77
37 21
99 63
5 40
22 15
66 2
97 19
47 65
97 9
42 66
56 52
11 77
55 85
90 55
10 62
42 87
38 97
49 42
48 11
25 44
96 99
16 92
77 45
21 37
43 53
13 23
42 40
23 67
76 22
63 20
21 33
77 27
80 13
46 15
38 97
19 34
99 26
14 24
43 30
77 100
11 50
48 95
12 19
49 61
27 79
85 9
93 33
75 57
7 4
53 99
97 64
56 69
49 86
70 53
46 17
69 86
21 77
27 12
92 13
78 94
19 4
99 27
45 62
47 55
18 44
28 40
68 64
52 92
24 94
21 22
49 83
56 19
28 7
26 3
72 78
87 14
40 17
62 54
62 40
59 28
11 28
58 9
25 71
9 9
40 81
30 15
13 73
73 82
18 60
13 59
45 24
37 46
13 48
94 71
50 4
43 25
89 85
79 41
70 5
48 56
63 99
55 94
89 36
47 51
98 9
84 39
31 46
80 67
2 68
3 52
95 19
83 56
11 76
14 16
57 37
79 29
1 19
10 25
53 36
67 3
35 9
4 7
26 38
60 32
64 68
54 59
82 26
84 95
76 20
72 86
31 40
31 94
10 32
45 78
9 92
37 99
45 91
33 65
25 8
53 64
100 6
86 2
7 69
46 16
6 82
64 62
91 93
53 5
96 85
33 83
5 32
13 9
17 5
8 7
21 51
73 20
14 89
53 2
62 75
77 17
82 57
92 44
60 19
33 23
56 68
94 28
51 66
88 78
23 7
87 28
90 86
53 16
1 8
43 75
47 39
78 22
6 44
28 85
82 80
78 94
78 61
3 75
13 7
57 78
64 78
77 16
86 29
77 62
68 48
51 96
90 51
32 89
5 32
19 59
14 14
69 77
12 43
94 47
54 91
55 26
52 45
29 79
43 15
6 31
38 47
13 68
59 34
75 46
39 12
21 15
75 41
36 72
46 33
96 45
84 96
43 35
62 94
1 24
97 90
50 36
95 8
1 64
42 53
52 33
88 58
28 70
13 37
68 70
96 38
12 65
15 61
60 30
14 92
91 39
39 58
19 20
10 96
40 58
31 67
14 46
18 100
56 99
35 55
60 10
13 18
56 89
60 18
77 30
30 34
91 40
23 64
74 54
11 62
95 65
26 64
33 59
76 15
47 24
71 30
96 64
3 56
65 19
77 37
11 39
23 82
45 72
22 28
81 56
66 63
40 73
2 28
28 37
16 83
83 65
9 32
55 95
57 20
77 68
64 60
71 17
24 43
82 2
48 54
57 63
70 6
43 82
95 1
6 66
22 56
48 29
48 19
61 31
90 5
60 27
43 21
23 17
63 59
38 30
2 42
29 26
57 10
97 8
21 45
51 69
17 98
22 3
13 87
80 27
77 16
10 7
1 57
66 24
56 43
36 97
21 1
39 53
68 84
8 12
75 68
43 82
28 95
41 68
15 69
95 93
79 90
36 17
58 7
30 89
52 37
72 16
13 22
87 88
6 5
42 25
22 51
11 78
79 83
62 92
23 74
46 66
22 68
74 84
21 59
71 60
100 84
86 5
90 82
34 99
17 49
30 83
38 93
92 92
36 37
36 67
31 64
4 16
64 38
94 57
82 63
66 71
40 63
100 38
60 14
29 41
69 3
27 64
38 10
84 70
19 94
59 65
42 59
39 57
97 85
85 17
6 31
25 74
90 83
44 43
52 54
53 32
23 31
2 4
73 74
16 72
52 13
27 66
36 52
52 99
97 89
47 31
49 88
62 49
48 1
18 6
1 42
97 83
33 70
18 18
33 41
44 85
96 36
97 10
73 59
17 79
41 47
39 32
72 68
52 30
9 58
93 16
71 6
28 25
53 63
38 80
81 14
52 13
53 78
15 24
43 58
90 29
71 49
75 40
77 7
54 13
99 31
6 46
82 87
68 34
86 29
6 73
38 23
1 60
79 46
6 77
82 71
5 5
37 4
47 10
55 34
88 72
36 20
14 95
89 97
35 45
98 62
4 9
32 71
60 68
28 86
20 84
6 22
81 50
43 68
64 72
63 73
68 28
54 89
36 68
34 99
35 42
57 39
58 26
62 49
40 92
46 24
50 49
4 76
67 43
15 4
28 82
38 66
43 39
39 80
13 32
13 98
86 1
53 46
5 28
34 11
11 55
1 1
77 73
54 52
39 4
98 56
49 14
36 75
41 60
62 57
31 47
17 2
40 40
46 60
41 74
8 2
69 17
48 72
13 26
81 68
2 99
74 28
2 87
94 34
27 72
25 5
71 76
75 56
29 86
9 89
94 74
7 28
18 33
79 84
93 38
8 75
63 28
44 6
1 26
100 42
82 94
63 10
14 8
46 53
55 44
99 50
69 45
28 49
85 39
89 55
8 43
56 5
17 28
74 60
44 26
12 30
17 70
4 100
53 21
59 68
81 52
88 1
99 84
23 98
33 3
31 3
59 38
2 64
10 25
68 94
76 23
48 67
33 39
79 65
97 48
69 28
56 88
32 56
87 65
70 41
23 23
29 30
94 36
15 4
60 97
98 65
20 99
86 9
62 60
37 5
28 11
87 57
51 41
32 11
49 21
54 89
20 6
14 57
15 18
91 85
5 44
94 40
94 90
99 17
40 51
1 71
17 42
18 35
80 71
85 50
72 23
28 81
63 54
97 28
13 55
67 78
24 66
79 88
75 88
52 23
86 35
50 49
66 8
70 70
21 56
97 61
7 24
20 15
56 10
3 45
83 33
86 19
12 67
13 84
25 8
76 84
12 86
23 74
16 65
76 85
8 63
32 84
47 50
13 86
2 41
63 19
47 19
32 53
10 90
64 25
82 36
23 80
82 10
4 16
67 85
92 91
10 21
45 23
35 6
42 38
32 67
6 25
3 70
6 12
7 64
39 83
100 1
68 69
42 40
4 57
51 76
1 77
88 3
39 46
28 93
93 86
74 19
73 13
2 95
50 68
24 93
12 1
24 5
2 6
18 31
51 9
27 34
37 30
19 89
7 30
14 71
44 66
29 45
37 21
30 81
70 69
90 52
71 100
15 75
55 89
8 19
7 60
95 80
75 39
92 14
63 38
30 1
62 34
96 67
50 1
92 94
66 30
62 2
99 64
36 81
99 18
100 5
27 43
56 25
89 26
52 37
35 80
58 60
28 46
7 18
93 63
2 53
38 13
60 56
20 23
37 57
81 95
76 66
75 67
37 26
64 5
31 20
54 46
75 88
41 79
42 76
50 12
43 35
81 49
92 66
42 89
80 16
30 58
28 31
56 45
79 43
66 11
54 7
74 77
72 23
45 69
51 99
11 72
78 59
35 96
81 44
75 95
40 14
19 25
8 69
45 90
23 19
38 93
51 61
95 6
91 86
70 34
43 94
84 82
26 5
100 36
89 11
37 60
1 35
68 12
42 15
30 64
58 79
90 78
9 24
86 34
51 37
89 77
61 67
12 62
84 73
10 74
58 37
5 14
84 5
14 83
45 98
96 22
16 41
97 45
88 9
3 37
37 22
51 95
93 87
49 29
4 90
36 65
45 89
88 24
70 37
8 81
80 26
18 43
3 83
48 7
60 21
20 43
11 30
99 55
54 39
25 84
37 1
5 86
40 20
73 21
82 51
76 84
23 68
11 98
27 68
89 3
1 87
85 33
10 89
18 77
99 37
53 83
50 9
36 12
27 42
11 79
39 18
57 81
4 9
77 68
21 88
90 89
87 76
9 100
63 41
16 89
78 29
78 51
82 49
22 72
36 20
6 28
27 49
41 73
5 58
94 49
19 27
46 51
61 70
11 73
8 18
70 22
22 54
14 24
70 52
75 87
45 12
78 11
100 63
22 41
84 72
59 81
52 31
49 84
85 6
19 51
70 37
91 14
27 30
63 7
98 86
89 49
61 62
16 8
82 60
77 98
43 52
57 21
91 23
88 3
44 46
84 47
75 85
66 16
61 30
64 27
69 94
56 76
45 80
15 88
58 47
14 94
65 52
86 12
29 57
77 72
55 67
20 29
82 79
13 28
20 49
8 88
58 69
9 25
31 21
30 3
77 82
15 55
65 4
80 18
51 92
29 69
61 63
50 75
58 22
83 6
62 24
4 95
76 26
60 98
13 71
99 83
93 6
37 78
6 20
76 29
45 96
31 71
3 8
61 84
67 99
48 10
68 14
61 9
18 82
13 27
83 66
67 60
87 59
33 51
76 17
24 39
100 4
90 29
41 95
97 38
70 20
2 98
9 53
29 40
80 56
95 23
17 21
4 98
88 85
17 96
93 66
63 22
4 65
52 82
81 88
96 90
59 84
1 69
81 64
96 35
16 52
86 16
37 30
3 50
15 35
97 21
60 87
9 77
47 90
93 48
57 14
33 71
99 19
76 16
79 93
49 38
82 17
15 16
64 57
88 81
69 67
14 100
34 48
72 50
18 23
82 8
45 56
93 92
95 51
32 34
24 100
24 63
39 64
64 62
11 51
64 17
70 8
71 32
98 46
42 100
7 63
75 49
92 32
75 78
15 27
34 18
21 40
57 95
39 29
91 39
22 52
58 48
97 86
89 45
38 64
85 58
32 10
25 53
65 49
42 25
55 32
29 44
25 56
12 99
20 78
49 25
35 66
23 58
39 5
38 38
98 75
29 65
24 96
23 84
98 67
43 23
10 25
91 37
29 19
82 55
99 5
48 8
81 29
82 66
87 85
16 53
90 27
82 27
72 35
73 54
79 44
80 26
97 23
88 83
82 47
52 9
62 67
84 65
28 77
47 96
71 70
99 5
72 95
21 1
13 69
78 50
93 72
31 54
66 96
1 33
89 46
79 55
87 3
50 34
88 98
70 40
2 90
83 87
32 36
32 27
90 69
55 9
72 58
73 25
54 29
51 14
16 39
51 99
75 10
77 5
53 22
66 37
33 90
22 66
17 99
60 65
32 77
94 27
44 79
30 79
33 74
75 91
81 23
1 56
97 89
32 73
18 51
66 88
47 43
55 23
39 48
37 41
50 84
9 29
17 91
92 87
89 59
24 58
21 16
2 66
22 82
66 47
43 29
5 85
20 91
7 68
100 100
25 59
35 48
92 80
76 97
63 2
11 42
88 9
47 90
100 15
77 29
37 85
6 41
94 46
