10000 63
82 57
67 35
93 62
81 23
43 92
36 40
55 83
65 40
58 32
87 26
44 3
66 34
27 41
55 87
51 19
79 61
41 72
38 80
91 43
92 7
40 83
66 4
60 49
20 8
38 89
42 42
40 6
93 37
49 42
16 77
73 83
97 72
85 92
63 79
94 89
24 67
22 17
9 18
35 15
23 93
29 60
28 93
49 40
52 17
25 8
4 3
18 48
97 19
42 29
65 28
46 10
6 12
96 61
39 85
73 49
62 72
43 48
93 48
20 96
24 47
48 7
78 96
89 35
27 53
81 78
77 76
14 34
12 2
1 79
9 35
12 34
94 20
91 90
88 22
96 66
60 7
19 67
89 87
46 33
35 29
100 13
55 43
58 50
40 65
84 42
20 74
67 69
63 23
70 86
61 44
10 55
9 67
79 90
68 59
74 66
90 15
97 13
21 66
32 74
2 47
59 22
78 6
95 68
58 40
57 8
4 48
85 36
32 21
28 78
38 43
2 44
12 98
63 13
94 34
23 82
56 26
37 70
47 58
66 37
100 13
73 35
81 44
90 32
89 13
1 87
68 99
94 59
44 99
70 84
66 21
52 55
73 87
27 60
42 9
62 70
90 62
35 64
28 99
55 30
62 97
76 83
32 22
62 66
85 96
74 57
81 28
80 25
57 63
26 33
41 41
62 58
60 4
42 59
2 21
4 87
40 45
31 85
66 61
86 100
50 26
96 5
58 17
65 77
28 53
47 84
51 58
28 76
68 1
23 56
96 32
99 43
15 77
4 35
36 7
14 82
38 46
95 71
18 76
8 27
35 72
32 8
50 39
67 48
53 78
33 24
2 82
27 32
70 51
93 67
32 62
95 88
96 1
57 9
52 5
46 38
59 100
54 30
65 98
75 1
78 33
56 72
22 27
32 28
76 43
42 87
55 92
71 18
17 2
11 9
21 17
82 38
21 73
5 91
96 3
92 71
66 97
92 86
23 53
92 46
49 7
91 50
30 2
31 78
1 30
27 16
85 44
38 83
79 71
2 95
27 39
76 75
23 96
97 39
41 27
59 41
49 26
30 48
36 15
56 41
84 86
50 96
63 22
10 19
28 84
81 93
61 73
28 43
72 34
4 88
24 67
47 73
40 97
32 6
32 44
30 8
47 4
80 83
81 26
47 11
27 87
30 89
59 21
6 40
74 62
89 50
50 97
51 87
36 63
56 88
85 77
3 91
27 72
12 19
68 34
46 48
61 54
54 83
84 18
70 59
39 89
100 35
25 59
59 33
78 36
54 7
30 90
33 73
36 10
76 56
9 19
61 97
72 54
77 27
71 74
100 96
34 33
67 63
72 56
91 1
28 58
1 60
10 72
53 40
59 18
4 68
19 34
66 3
25 48
22 88
66 49
24 72
42 25
13 19
51 37
87 31
29 8
94 12
16 2
60 33
60 21
65 38
38 11
13 37
89 73
35 30
79 70
35 93
62 32
65 76
69 22
19 74
57 94
68 6
84 24
8 49
80 76
4 98
34 16
34 54
83 52
53 98
11 23
53 12
19 73
71 83
77 25
23 14
75 80
53 40
83 5
64 5
13 50
43 39
96 71
93 16
59 30
25 70
85 34
87 82
23 71
5 71
63 24
13 91
11 1
73 72
75 62
1 78
90 69
53 34
24 26
49 35
69 37
23 81
53 21
51 1
94 25
68 98
79 19
11 8
64 44
50 14
84 76
54 89
36 87
16 83
26 100
58 73
15 14
95 97
14 42
5 39
58 67
84 99
75 21
98 23
5 58
76 97
95 11
95 36
95 56
19 8
86 83
53 40
48 52
3 18
41 36
74 30
80 26
16 68
77 62
7 26
94 2
96 13
73 37
7 86
54 64
22 36
70 31
8 34
80 14
29 37
38 29
27 49
78 71
17 19
55 81
23 24
43 99
79 90
39 20
38 75
7 91
26 67
3 91
9 4
24 49
36 51
82 36
10 43
71 40
83 94
80 18
29 50
97 89
69 27
47 84
68 83
99 65
1 39
33 24
31 73
37 91
83 17
34 42
1 51
86 39
51 67
15 76
34 56
68 60
48 13
85 21
34 99
22 90
91 69
38 39
22 21
84 43
13 25
66 61
94 21
16 18
96 59
77 28
61 67
44 35
13 63
52 22
35 47
62 82
96 55
12 85
98 60
37 47
41 73
19 21
3 5
80 48
83 63
81 69
3 17
60 82
89 10
74 46
37 18
55 48
68 78
23 64
26 60
92 79
97 57
92 14
88 4
88 70
42 100
52 88
71 50
97 83
2 57
84 33
29 88
87 71
20 96
100 17
40 88
40 24
90 68
52 92
16 65
100 29
33 31
66 97
7 56
67 66
4 9
100 11
10 17
13 20
34 43
1 100
64 68
100 67
23 84
100 36
1 42
92 2
22 66
94 8
39 30
84 94
31 56
19 73
53 19
22 4
18 6
10 41
27 65
93 35
82 12
69 52
24 30
39 18
68 29
4 53
81 26
40 91
85 8
43 19
80 79
31 7
12 63
38 47
30 15
23 39
50 72
76 55
19 29
41 100
38 96
93 4
67 28
81 47
15 17
2 75
53 35
65 6
68 41
56 69
21 59
73 97
72 88
20 97
77 37
78 60
12 86
72 53
94 13
91 70
2 95
31 97
94 66
95 33
35 87
90 96
15 76
79 2
36 9
25 29
33 6
65 53
25 69
71 89
96 57
4 25
48 39
85 24
7 98
91 82
9 28
9 79
85 59
73 15
22 13
76 59
49 66
36 54
8 29
12 39
89 87
53 83
50 9
19 56
73 61
60 5
98 8
35 65
25 14
26 92
17 6
15 59
2 14
82 67
78 72
19 9
10 40
9 100
14 9
49 61
55 42
29 63
9 28
63 43
73 83
95 39
94 94
96 10
9 100
5 48
49 22
6 9
46 86
5 19
15 36
75 10
16 8
38 10
85 50
72 26
78 100
59 74
29 29
21 54
76 56
41 32
59 39
84 60
36 100
48 65
19 93
61 18
63 64
11 55
40 70
71 87
49 59
64 69
77 59
98 87
3 99
21 38
63 9
47 36
67 2
50 42
74 28
75 70
63 100
72 36
16 97
47 90
76 69
14 13
70 3
17 41
73 31
61 65
9 39
33 55
35 85
49 52
30 64
40 18
65 11
37 23
20 25
92 10
31 84
34 75
23 62
94 19
63 99
77 76
54 5
1 17
31 48
88 58
67 13
88 42
15 29
86 2
1 86
94 19
50 77
47 60
41 50
86 13
16 12
38 59
72 30
3 47
10 11
29 30
3 51
98 72
66 6
42 92
76 7
23 88
22 75
20 22
97 92
27 19
64 93
57 44
20 67
21 96
84 92
74 17
33 4
21 74
30 30
72 68
43 55
8 89
6 26
23 92
21 70
80 100
14 89
73 90
74 62
71 100
24 30
76 12
59 50
63 3
67 56
1 41
64 97
50 32
74 12
54 83
20 17
82 31
67 26
33 98
32 10
2 36
85 76
6 46
2 81
36 54
54 74
31 23
32 62
82 63
85 87
14 87
86 76
98 54
91 16
60 58
48 22
56 86
67 89
65 41
18 19
9 42
69 98
6 21
96 84
16 37
60 78
66 31
34 31
24 76
18 9
70 18
35 63
91 24
78 93
4 43
96 19
58 23
56 55
18 69
54 9
69 50
69 98
39 58
55 1
14 10
62 42
63 43
64 91
65 50
17 96
61 66
88 83
2 15
18 42
18 84
16 86
25 15
60 9
53 12
74 32
77 33
3 96
86 12
65 91
62 16
96 91
93 85
4 9
10 99
28 70
75 50
43 17
17 39
57 5
19 41
81 88
40 52
1 64
65 86
6 84
10 6
17 41
68 40
24 35
62 10
40 82
1 35
67 28
63 39
63 69
64 1
19 63
62 83
55 16
70 91
28 58
9 100
13 58
56 4
90 44
68 97
33 93
63 76
62 67
9 71
3 32
77 28
88 32
86 2
68 51
70 3
30 77
14 37
35 32
87 88
66 7
42 47
45 60
41 40
20 63
53 47
55 23
56 73
46 61
21 41
87 40
29 35
27 91
89 7
100 34
51 97
62 42
87 9
68 10
5 55
30 50
26 9
3 36
57 25
68 31
94 34
18 85
41 76
54 18
7 18
78 28
65 29
82 32
99 74
30 2
84 19
5 46
22 78
60 96
16 50
11 31
99 99
67 29
88 7
51 95
99 83
58 55
78 6
31 32
8 13
73 82
43 5
49 75
54 18
12 85
11 26
3 34
30 21
24 97
98 78
35 23
2 66
42 54
82 100
87 44
56 91
60 22
62 9
55 26
96 21
1 58
15 23
23 81
32 79
87 78
69 67
16 89
9 88
59 24
5 33
27 26
32 46
27 16
48 49
72 27
28 53
19 41
31 86
67 45
14 63
23 83
80 44
6 74
41 10
18 58
18 61
68 96
52 36
61 75
14 82
7 99
8 50
82 32
23 39
60 36
37 14
80 11
43 49
24 40
66 4
3 91
57 25
31 66
58 90
81 4
91 62
79 79
68 23
53 91
54 92
2 65
98 98
85 32
57 11
22 23
30 1
89 99
43 85
90 4
30 8
83 86
98 12
89 82
77 21
61 12
73 75
3 58
45 6
64 85
37 9
50 60
93 81
71 59
57 35
57 25
92 98
31 93
69 44
55 59
4 45
23 24
50 75
79 86
15 68
29 4
94 37
56 92
24 1
97 35
65 97
53 86
18 35
99 56
26 60
96 1
9 84
86 1
65 48
53 18
27 57
73 19
30 64
53 11
40 100
99 61
55 70
57 72
67 72
76 56
21 87
5 40
56 39
49 6
29 79
54 56
57 42
72 83
69 17
41 27
14 100
47 69
9 66
97 89
24 38
7 22
35 71
58 41
31 96
75 5
61 75
91 2
5 44
18 24
56 63
26 94
6 85
27 88
76 54
23 90
31 5
21 64
94 59
58 53
41 10
26 80
84 8
61 30
29 38
93 44
55 18
21 24
82 31
79 31
87 56
29 59
7 85
15 47
48 49
96 43
87 100
11 73
56 9
68 65
83 26
11 22
55 24
15 34
98 3
62 54
94 70
3 6
21 19
26 46
11 66
25 96
39 19
14 73
46 84
61 25
94 50
90 10
72 71
71 32
24 77
94 95
65 68
81 47
70 77
92 66
70 17
90 31
80 78
71 74
5 12
57 35
41 44
29 7
64 37
94 94
14 55
77 21
18 60
22 49
37 18
34 75
19 98
95 53
47 9
81 77
99 68
35 88
80 46
60 32
34 19
38 39
100 34
58 26
95 54
65 52
35 70
46 32
9 65
17 18
3 22
70 11
28 17
25 52
66 76
22 65
27 33
4 2
21 51
68 1
61 26
92 18
35 34
30 7
86 46
38 26
81 86
48 73
70 41
33 86
91 84
50 37
84 38
87 66
49 68
59 47
91 51
47 5
29 7
10 59
65 54
57 94
71 70
81 87
33 96
97 85
7 13
75 2
45 85
38 60
37 49
63 27
24 61
56 18
95 3
36 93
12 1
19 79
98 11
20 82
75 6
57 46
76 53
50 79
86 25
29 6
53 6
84 55
31 11
44 24
15 64
78 30
17 8
48 53
45 98
65 44
78 93
30 35
64 12
59 68
93 44
30 23
31 22
1 58
28 79
22 47
79 41
73 26
50 99
42 61
12 7
62 75
100 41
92 17
14 45
61 34
66 62
8 90
16 40
17 42
35 97
78 84
85 33
66 35
29 98
58 14
68 10
40 64
90 42
52 66
33 32
24 80
80 13
87 42
95 70
32 20
30 65
44 30
18 66
54 20
22 59
70 46
75 52
80 9
13 13
84 38
53 23
96 36
14 75
17 79
25 22
67 37
68 88
39 8
20 51
31 20
60 67
97 59
61 74
65 100
79 44
85 43
17 31
91 84
26 55
71 30
28 20
93 31
13 92
94 57
99 12
32 30
59 75
34 90
85 85
49 41
10 67
49 89
17 79
81 46
8 62
9 26
24 62
81 93
85 27
4 67
85 92
5 27
23 94
64 96
92 68
57 22
75 13
70 85
65 41
74 37
94 81
83 74
8 51
100 55
88 72
28 70
57 42
28 45
49 99
11 56
68 100
49 21
37 23
20 69
60 73
3 90
70 47
79 15
9 30
69 47
36 77
11 61
92 76
45 47
90 97
13 75
97 17
61 14
51 78
26 44
20 6
67 100
26 59
84 11
72 61
1 63
31 59
18 67
49 85
35 13
5 34
8 31
86 16
78 91
55 15
21 30
62 98
92 70
96 18
75 91
98 66
35 91
27 71
42 63
91 6
56 45
81 96
93 100
1 86
27 20
52 33
98 64
56 19
82 100
94 60
10 3
30 55
61 24
72 40
87 94
11 68
31 43
51 37
35 87
28 4
38 95
93 26
98 40
77 48
44 58
15 94
82 14
46 94
98 39
70 93
98 96
24 54
94 85
90 92
24 22
35 83
53 59
46 58
53 4
37 98
85 82
36 17
96 7
45 66
14 94
49 21
77 92
8 21
37 96
5 30
70 85
27 64
78 13
100 33
62 73
80 31
40 95
80 37
16 81
65 93
9 3
5 55
18 73
56 50
25 87
48 60
14 52
43 24
24 38
100 56
33 77
60 42
57 40
32 27
1 54
52 49
69 92
1 3
42 87
87 44
82 21
90 52
45 80
49 14
35 16
60 18
53 60
82 53
33 58
84 6
12 62
66 100
88 83
65 8
10 85
65 94
33 46
77 98
9 40
38 95
59 11
63 87
13 74
90 9
22 76
35 8
90 86
36 34
90 32
59 41
52 54
72 53
25 96
79 76
43 95
59 1
76 45
97 66
60 30
86 73
73 61
39 18
94 90
19 83
3 65
73 20
45 77
24 83
75 39
19 74
68 24
54 33
32 29
74 15
7 1
63 46
45 58
23 65
5 99
28 45
85 62
78 92
46 17
50 52
77 93
66 20
56 93
47 42
51 51
22 4
70 33
44 37
53 41
80 40
83 28
28 60
20 95
77 56
37 14
18 5
29 59
71 66
6 57
30 86
18 73
70 71
82 64
87 82
19 13
70 49
29 21
84 18
90 43
70 78
52 58
88 45
40 38
15 49
16 97
8 72
43 3
71 65
79 46
23 61
20 97
57 12
75 85
77 12
10 96
54 61
26 82
26 90
91 23
31 76
46 5
54 75
68 63
41 22
2 62
75 44
35 68
96 77
7 71
63 89
70 28
73 54
55 73
39 37
24 71
99 69
95 68
59 6
97 47
59 84
91 1
70 77
75 92
72 92
88 94
56 31
23 26
62 96
83 85
83 66
77 37
46 32
59 10
96 27
26 77
79 89
37 40
64 56
92 30
74 56
83 72
41 70
83 76
35 17
65 58
68 80
97 92
51 65
100 74
40 39
42 85
83 9
63 42
19 96
46 44
56 17
98 45
17 92
94 41
25 55
81 65
82 56
36 15
79 30
4 58
98 33
2 63
33 37
59 24
84 13
98 64
67 48
81 83
25 51
98 92
80 39
36 36
83 18
33 63
65 71
17 43
75 35
83 4
20 94
63 59
91 92
36 8
25 75
27 67
53 16
11 23
38 2
29 86
51 28
88 83
56 13
32 21
14 73
94 21
84 96
35 10
64 94
8 93
82 50
82 67
68 24
86 15
4 17
100 43
81 82
69 48
95 34
31 11
65 68
30 52
31 95
44 13
98 58
5 30
45 52
24 91
65 45
93 48
92 25
21 3
47 35
44 39
4 12
43 65
64 15
99 52
6 38
24 92
77 62
4 60
81 8
74 6
46 60
41 45
85 22
20 59
18 44
3 89
12 80
73 67
6 46
19 13
11 25
67 41
73 6
77 16
59 33
54 43
34 77
68 84
26 12
5 59
94 16
73 26
52 47
61 21
84 12
16 2
87 1
36 36
79 88
98 60
5 78
33 24
97 69
43 75
21 78
78 11
36 50
10 25
79 90
74 30
43 70
23 50
62 11
4 94
27 85
18 60
44 9
98 31
71 20
26 54
44 53
79 48
54 45
11 94
76 82
49 88
50 53
75 68
54 20
40 91
71 91
84 6
54 30
91 61
2 2
35 93
40 77
53 30
62 80
49 46
27 29
92 1
31 96
28 75
20 81
37 78
7 63
40 67
55 26
73 16
39 69
77 21
94 28
11 19
87 35
54 48
28 85
78 66
40 68
2 33
64 45
55 50
72 98
5 25
83 95
93 33
75 25
3 76
39 73
78 21
49 68
94 49
65 59
89 33
68 74
74 89
47 47
21 83
41 23
65 91
74 80
6 28
63 47
74 75
90 62
60 41
59 98
34 46
33 49
2 44
16 36
50 21
15 36
14 75
13 44
63 67
51 10
73 86
93 24
21 67
39 51
41 21
75 54
51 35
15 17
97 89
94 2
44 79
83 55
14 67
77 22
92 38
80 91
30 63
55 67
48 17
81 77
12 2
35 99
19 1
49 34
71 48
70 27
95 14
69 52
91 12
51 75
88 11
38 43
58 73
32 85
8 76
34 49
43 67
91 21
62 87
80 49
69 92
48 24
65 36
92 13
17 72
36 48
52 65
17 33
21 76
55 92
35 73
43 54
51 11
85 47
67 90
52 32
89 14
26 74
86 11
82 78
64 45
68 22
91 30
13 39
11 89
22 36
43 26
96 34
75 13
97 62
77 51
31 27
73 19
47 92
81 18
74 54
57 56
63 19
94 46
40 61
21 88
18 11
91 72
23 36
92 24
43 23
68 2
86 93
8 19
58 94
53 38
29 7
54 59
26 7
5 44
88 67
43 52
57 25
34 88
54 22
11 15
90 65
26 15
21 77
50 56
91 68
71 18
89 92
81 77
49 85
43 30
77 10
81 16
1 57
94 65
68 91
47 15
67 95
51 61
42 62
91 46
86 17
84 94
56 3
54 56
58 99
52 59
68 85
43 3
77 38
31 33
80 38
59 80
29 35
97 57
54 41
98 68
71 40
27 32
38 75
63 3
34 58
66 63
82 1
42 82
43 31
7 76
13 78
45 35
28 28
51 82
57 31
54 21
22 53
45 72
40 22
84 86
29 11
52 20
46 16
60 32
92 55
94 36
82 24
38 88
22 51
84 32
7 48
64 76
26 40
54 53
68 20
36 59
6 49
36 18
42 53
52 27
11 49
52 56
61 78
13 100
65 12
51 89
46 53
50 96
7 92
86 73
76 97
46 86
84 11
63 18
14 38
91 86
63 45
83 13
28 91
75 67
53 68
92 35
46 32
93 57
57 33
89 25
66 74
2 20
81 26
80 58
88 74
46 60
60 29
8 3
19 12
43 55
82 52
37 76
38 38
76 20
73 30
70 8
32 28
35 79
30 94
68 35
24 4
50 17
2 90
73 42
64 25
36 41
84 1
73 24
17 85
3 78
99 53
16 86
42 94
9 14
7 40
10 82
68 32
40 25
98 10
78 97
50 77
28 29
52 95
95 9
44 80
11 90
26 7
91 55
31 19
5 9
1 35
30 24
15 10
91 88
10 51
59 95
86 45
60 73
68 65
21 73
99 68
97 90
67 85
49 50
23 67
72 26
13 34
88 39
53 13
91 11
33 34
16 22
79 41
70 78
52 19
75 65
97 2
49 53
60 26
100 35
10 7
3 99
37 50
48 93
5 46
56 83
52 52
96 35
46 100
59 48
48 83
48 74
6 5
50 20
54 83
78 59
83 56
30 75
80 35
77 9
23 95
78 99
1 93
34 2
96 38
42 59
99 99
51 84
27 21
67 5
18 54
61 4
83 63
71 82
48 48
30 19
56 42
4 77
81 4
58 19
59 28
68 9
18 64
91 95
85 75
38 45
69 75
5 75
17 100
38 3
99 20
37 96
100 48
2 17
87 3
83 25
21 45
74 89
12 61
5 54
20 78
52 65
22 93
4 39
17 61
47 91
80 62
7 3
79 44
41 45
15 3
79 4
78 47
34 25
98 77
20 93
20 44
30 73
64 42
84 100
74 63
83 24
22 68
10 60
65 89
83 48
12 45
80 7
25 100
79 32
79 24
85 100
92 67
66 48
52 53
39 32
13 35
79 51
17 28
53 84
41 75
100 70
10 48
46 16
52 8
7 14
24 96
61 38
75 46
77 7
17 42
91 18
24 55
86 78
27 50
60 81
29 10
33 56
23 50
2 22
71 95
55 34
34 4
56 43
77 54
71 80
46 23
53 57
52 59
25 98
43 12
86 29
36 36
7 28
25 72
11 49
55 84
69 56
40 83
17 8
57 25
31 87
77 65
93 71
44 95
64 92
77 69
43 89
59 16
73 25
34 62
34 41
92 9
35 72
82 20
74 53
94 72
65 86
53 99
63 92
42 68
7 55
77 38
7 61
80 40
68 48
52 2
96 82
11 30
82 53
46 47
98 70
48 93
6 7
8 7
51 20
82 36
44 37
2 33
26 68
61 78
98 46
70 79
71 27
81 97
13 7
100 91
73 60
92 60
51 97
92 83
47 76
76 61
44 34
27 99
94 87
56 80
15 74
23 14
84 96
77 58
65 73
20 48
65 40
99 53
77 8
64 35
57 38
97 95
18 39
84 14
56 56
47 5
85 24
93 44
66 60
62 25
23 57
21 44
7 25
6 22
85 10
97 61
49 82
91 60
21 74
15 81
19 49
15 39
72 73
24 33
89 65
97 36
13 70
71 26
32 93
1 11
59 1
73 44
70 61
60 11
21 28
17 12
78 41
39 94
44 58
26 30
6 79
77 96
96 52
31 21
25 95
39 5
95 38
92 30
34 32
92 21
16 14
39 8
56 39
18 71
58 90
60 11
38 56
67 46
20 54
90 72
95 16
36 94
94 16
73 94
11 82
58 51
7 20
88 87
85 35
83 22
76 66
54 49
22 43
46 42
37 12
39 96
57 1
84 68
14 53
5 67
87 83
86 3
48 14
95 69
61 15
78 1
82 78
70 74
11 59
65 79
79 4
42 41
54 40
100 2
44 99
86 99
19 37
28 38
76 94
20 21
46 90
20 62
87 77
5 3
58 73
10 24
69 27
70 61
20 65
66 39
36 38
10 85
87 23
90 28
92 17
23 15
77 95
23 12
60 12
76 90
4 40
65 47
9 56
26 96
44 10
12 80
58 12
55 41
12 82
83 55
19 100
67 95
74 16
47 70
3 29
46 33
46 93
3 61
4 54
61 22
39 7
39 1
41 29
20 88
62 74
46 45
83 52
13 98
94 20
92 57
89 76
43 74
11 6
94 56
79 37
63 22
34 81
100 96
21 18
64 69
84 96
7 22
19 7
69 75
15 8
23 43
52 93
40 94
54 71
31 24
69 93
26 24
2 29
23 54
21 64
69 52
29 52
94 36
65 77
15 40
84 93
70 99
87 37
66 37
25 15
21 77
2 49
21 7
16 77
12 55
72 29
38 50
69 90
90 55
25 54
23 12
93 45
66 2
13 43
95 20
6 96
100 68
55 25
18 77
17 67
99 54
99 67
38 1
51 60
8 36
50 83
92 15
15 1
77 93
76 88
81 79
42 67
59 22
46 48
50 90
94 84
12 86
23 83
22 64
72 50
11 97
55 60
88 19
13 61
37 34
53 69
84 63
48 12
84 47
4 32
27 82
30 3
28 50
63 45
29 95
47 80
20 50
26 73
73 93
76 35
31 45
87 46
32 70
55 74
82 53
2 7
71 90
45 61
42 99
20 9
28 74
43 36
28 37
88 91
82 16
45 98
37 40
38 30
27 41
42 67
60 55
5 29
32 4
88 36
71 55
26 32
59 4
93 3
40 50
14 91
98 13
93 54
21 8
37 70
69 77
93 80
24 74
82 3
54 87
11 68
37 100
7 43
89 96
76 67
13 34
71 61
100 68
25 41
20 34
26 3
26 23
36 46
10 2
88 78
13 53
41 81
35 13
31 83
12 80
4 71
65 51
73 11
87 71
36 26
88 6
28 63
60 24
50 12
49 25
52 93
34 48
26 4
87 15
76 82
13 69
70 50
44 70
1 81
84 89
43 36
100 57
22 75
16 38
78 2
77 11
36 7
17 31
72 60
84 35
1 19
79 53
25 36
4 54
84 19
15 71
55 86
63 76
10 55
44 76
50 96
58 26
23 8
81 13
39 96
96 81
42 1
55 50
66 85
10 74
98 25
3 75
70 62
44 68
41 14
93 5
64 7
43 50
38 89
87 76
47 76
49 93
41 93
47 69
23 6
90 11
51 85
44 31
5 61
45 9
44 40
34 63
45 17
97 39
66 47
7 24
57 83
80 16
2 8
53 29
44 99
86 95
69 9
21 30
34 83
8 90
38 91
76 1
63 63
7 16
90 14
6 53
47 78
47 61
71 32
38 77
50 3
54 33
97 87
41 15
63 54
1 8
6 56
13 93
25 77
15 57
84 83
32 9
45 30
51 57
73 18
7 62
40 43
53 45
27 55
36 62
8 56
79 69
49 49
5 96
17 33
65 52
84 30
21 71
1 36
83 62
93 74
4 98
36 46
2 14
64 56
14 52
69 54
98 58
56 81
93 2
84 43
93 95
55 92
68 56
78 53
53 5
65 39
2 15
78 36
81 96
62 30
8 36
25 1
75 56
54 49
100 76
44 60
21 5
25 35
11 56
40 34
31 73
11 31
50 22
29 75
20 34
72 12
83 57
12 91
41 4
32 32
28 31
8 16
32 33
18 45
46 12
22 9
52 55
61 71
12 39
61 2
3 6
69 91
32 97
76 23
30 93
52 85
50 42
15 87
68 15
4 70
81 59
29 25
1 22
58 80
44 26
53 48
45 78
23 27
76 33
78 68
74 49
8 52
60 27
96 87
20 29
60 43
82 31
97 25
95 94
68 82
40 31
75 75
36 53
48 2
28 5
33 89
24 5
6 64
19 50
44 9
40 51
59 83
5 49
98 45
99 47
64 98
97 62
76 28
28 3
45 76
44 12
23 57
91 71
25 13
71 32
38 44
69 92
81 11
85 27
15 28
19 89
4 99
94 59
98 13
77 95
57 89
57 73
36 43
89 64
84 97
25 66
98 75
18 72
35 5
14 59
23 69
8 11
33 60
89 76
1 56
49 82
23 31
73 33
15 20
23 61
68 6
36 89
29 70
62 96
42 67
99 64
50 67
10 67
11 69
81 84
51 20
96 32
1 23
98 33
41 29
11 4
48 99
31 37
6 56
65 96
52 71
98 61
27 81
55 72
75 81
36 60
76 71
29 10
85 59
57 58
88 93
92 7
64 74
60 39
96 25
76 31
59 69
69 88
54 24
27 47
89 40
68 16
51 81
5 75
27 63
80 31
20 45
50 86
64 34
63 48
99 68
35 35
89 52
12 28
99 75
72 15
76 75
27 73
70 89
58 42
32 7
90 1
15 39
27 5
57 67
16 65
51 16
65 11
42 38
32 67
16 96
33 83
18 36
8 35
58 25
17 52
56 16
83 56
48 21
27 42
5 57
37 50
62 41
45 49
43 61
1 79
43 31
21 68
94 75
29 99
56 14
15 70
46 79
56 4
11 90
72 87
99 78
80 73
16 49
21 60
30 45
45 58
71 59
52 20
51 33
58 76
12 53
19 18
44 42
79 16
23 35
88 37
48 3
32 38
1 88
38 93
6 47
19 27
67 46
2 14
23 23
51 18
38 82
11 100
17 98
54 100
33 56
1 42
59 22
90 86
88 28
38 39
4 15
14 30
38 57
44 14
62 51
12 13
8 60
10 82
79 99
44 85
49 88
11 93
35 51
53 20
9 52
41 65
29 21
4 40
58 22
58 37
51 49
18 44
92 55
12 9
48 59
69 32
82 83
3 55
86 100
55 6
92 98
56 11
7 85
81 39
5 16
34 52
37 13
33 30
47 77
68 29
1 32
18 88
22 36
5 94
88 93
79 29
84 1
96 35
64 8
27 64
6 34
77 82
44 34
56 90
96 89
66 65
52 71
31 84
84 68
36 60
43 13
53 79
96 4
63 7
46 20
81 70
54 36
58 95
26 60
87 47
97 29
89 89
77 62
22 65
2 14
89 51
71 8
68 31
10 49
67 95
50 63
69 93
9 13
48 92
49 93
89 76
73 42
7 56
94 17
16 54
68 56
91 51
35 4
20 61
72 33
5 38
54 76
21 39
37 75
48 51
52 34
38 19
87 19
97 4
29 71
20 65
40 74
48 67
30 97
7 43
83 98
62 78
33 53
50 41
10 99
37 57
31 56
89 84
15 57
43 57
58 31
79 28
11 35
23 1
48 99
61 11
6 57
79 7
26 89
77 93
83 74
22 66
28 65
12 16
43 32
47 92
26 96
88 75
76 91
83 80
3 4
32 81
35 63
68 1
52 81
27 2
81 38
48 95
55 13
53 93
53 24
44 3
16 36
27 67
54 72
33 94
25 44
73 91
45 80
99 16
6 17
26 80
85 95
38 56
91 15
28 45
49 54
8 63
36 98
76 62
18 8
53 89
65 68
37 87
4 88
48 97
74 16
7 78
61 53
42 99
90 51
63 49
24 15
8 37
82 35
89 44
1 68
12 64
17 6
65 74
24 47
23 76
5 13
54 58
12 7
7 57
43 60
68 12
89 22
24 45
25 23
95 83
14 72
78 68
67 69
27 95
17 16
52 61
44 20
26 41
86 65
6 26
45 63
92 53
41 64
46 75
25 40
2 24
12 40
94 12
43 83
14 99
67 49
13 65
29 94
23 85
36 99
49 38
97 79
29 20
48 26
52 51
91 97
79 46
7 38
71 94
53 59
50 98
37 61
25 40
42 47
88 19
68 42
12 22
64 87
41 70
10 88
21 93
22 39
43 49
29 46
60 71
98 68
86 17
36 2
58 44
28 94
33 78
9 76
84 60
77 95
39 46
57 83
49 26
43 73
15 92
33 48
9 34
76 38
5 98
90 16
93 79
78 7
14 19
11 57
12 58
71 82
17 30
39 52
56 29
85 32
95 30
59 75
54 88
44 62
26 89
55 83
31 4
41 64
82 5
39 49
59 38
48 7
39 18
84 7
53 57
8 20
52 25
29 32
36 88
99 94
78 81
14 33
18 27
84 98
6 17
12 53
26 80
13 72
77 28
57 85
30 68
57 76
48 67
53 79
36 41
34 1
60 83
100 5
33 55
51 30
35 11
6 42
22 11
19 53
59 29
65 80
1 56
3 41
27 93
6 32
61 69
41 12
5 28
76 100
40 35
47 45
59 32
98 31
60 98
17 85
88 6
85 59
49 52
28 28
89 37
17 40
19 13
49 89
15 43
19 6
43 74
23 1
46 98
56 13
33 37
16 1
51 51
80 44
95 20
61 55
83 50
83 62
25 51
8 80
32 19
13 17
16 31
55 75
82 79
75 65
34 7
44 44
43 48
64 95
27 7
31 64
59 88
47 82
54 46
3 44
63 61
38 59
15 31
60 17
94 13
47 95
72 69
14 70
54 58
24 2
15 66
91 95
26 56
27 50
17 12
18 20
35 1
74 36
78 44
58 23
82 5
36 83
1 47
37 3
5 62
22 85
51 46
77 12
20 39
58 53
18 68
84 90
99 66
32 56
95 38
45 28
11 47
46 43
99 39
97 84
24 3
58 21
75 20
17 51
57 42
69 84
99 45
22 96
78 55
68 81
15 71
45 90
71 63
22 67
59 52
83 76
57 4
65 60
33 74
82 77
88 30
72 3
79 91
76 31
44 82
12 99
75 17
87 7
30 79
87 90
72 71
63 74
94 65
48 85
24 23
3 43
47 52
26 78
76 94
96 50
58 1
100 10
98 63
18 24
65 70
45 57
44 46
86 85
43 99
70 14
62 25
26 84
22 53
100 32
76 10
13 28
29 7
34 53
52 11
46 54
21 59
4 21
38 11
75 85
38 26
2 73
49 81
6 77
68 25
76 62
99 8
60 42
69 71
90 86
56 80
83 68
35 33
23 89
10 58
71 42
92 66
52 2
75 27
1 34
66 1
8 9
14 80
97 84
46 97
95 98
40 68
66 9
8 83
46 30
80 1
51 42
52 6
4 17
33 43
6 51
25 6
55 30
90 17
88 20
6 39
67 47
93 6
36 21
74 40
92 46
23 40
93 7
88 89
39 71
92 24
96 19
57 9
70 11
58 46
15 29
72 19
100 40
55 41
51 68
39 73
85 69
49 60
50 76
33 78
4 34
62 73
46 75
100 56
33 55
19 34
97 80
26 51
54 74
74 53
58 48
8 20
38 25
94 100
96 28
52 36
5 42
86 52
72 4
87 12
80 44
32 32
29 96
40 42
39 17
29 64
71 34
10 53
39 21
56 33
27 20
66 79
60 30
50 6
63 6
41 86
55 83
66 16
14 86
89 17
2 66
78 10
64 61
94 42
63 64
79 88
18 11
90 40
33 30
96 29
49 29
15 80
12 73
29 77
37 57
3 64
49 77
34 45
88 94
24 96
9 58
81 13
54 1
50 9
62 48
57 49
21 98
41 89
50 91
17 6
69 17
100 71
88 46
37 21
64 78
69 55
23 62
89 59
97 7
23 77
62 52
76 72
24 11
1 20
90 97
95 60
67 41
77 78
78 89
19 56
100 51
63 71
88 7
63 54
55 86
88 96
70 54
31 28
52 30
73 36
19 42
72 92
95 53
70 33
16 11
84 24
89 39
85 29
60 37
73 85
77 95
75 40
86 98
77 48
87 24
27 23
99 48
71 68
89 48
71 67
25 14
53 51
46 23
58 97
36 51
76 55
100 61
43 75
13 47
7 46
89 24
69 70
20 55
44 48
80 36
10 21
53 25
42 87
3 79
67 37
24 73
43 44
86 68
91 16
60 83
91 100
50 81
72 46
48 46
89 48
35 93
2 16
13 55
94 75
36 88
34 47
59 33
2 60
20 54
41 41
7 66
56 33
16 77
84 74
42 49
72 70
93 76
100 37
70 8
86 14
46 45
96 72
64 20
8 83
15 45
59 32
33 49
24 90
72 17
35 81
12 85
54 79
22 94
92 58
25 92
46 70
9 34
85 27
1 37
17 32
36 20
78 61
41 90
36 18
83 8
3 46
29 29
100 20
54 9
84 88
81 8
9 30
43 63
74 27
95 93
48 11
5 84
55 79
48 100
76 13
26 7
27 100
41 93
47 54
47 99
67 50
56 46
92 83
37 99
59 15
26 30
62 45
66 57
89 61
2 53
78 96
42 82
50 28
33 8
51 7
67 11
33 64
33 37
23 71
90 6
100 55
82 26
75 37
22 94
52 77
86 32
97 12
37 86
37 90
14 41
41 16
65 88
60 25
71 35
57 26
59 32
19 50
79 3
67 28
4 69
49 39
51 34
72 37
14 27
38 99
72 32
15 91
55 42
66 100
82 11
28 47
5 83
19 100
44 45
73 43
31 100
52 91
47 68
1 33
25 32
1 76
15 23
17 10
86 43
43 59
53 37
35 27
16 85
28 73
80 83
18 71
30 43
19 99
22 43
48 94
37 36
35 6
81 66
79 3
94 46
6 36
73 60
70 100
81 74
75 92
6 10
12 67
89 90
92 12
37 91
40 58
86 17
60 87
6 64
20 74
18 54
74 56
95 76
85 9
11 28
41 58
12 11
58 85
12 79
51 33
64 57
17 96
43 11
67 47
28 48
14 58
53 35
90 50
98 44
91 50
11 20
75 25
68 9
85 70
33 64
22 18
65 31
70 68
94 7
32 38
30 12
66 45
15 69
60 38
14 4
65 41
58 100
39 88
94 97
37 40
41 60
61 21
49 23
81 49
22 62
17 83
23 2
42 60
46 17
54 93
85 26
98 46
43 52
41 32
14 77
80 49
21 63
93 12
33 52
3 13
73 23
44 25
90 74
26 78
59 48
16 39
74 39
25 41
69 75
58 94
81 13
53 44
4 60
78 31
73 65
11 80
81 49
18 20
56 30
38 44
80 68
50 81
49 91
97 39
73 36
82 31
19 62
64 30
13 34
72 56
28 65
59 1
70 28
50 81
47 60
97 89
86 36
26 83
67 78
44 10
56 100
8 16
84 97
15 40
60 43
21 27
39 31
7 57
72 85
75 57
14 82
77 91
79 46
59 28
77 45
1 95
96 32
76 100
54 24
5 95
59 60
34 88
89 36
25 42
10 92
5 36
75 25
42 43
54 39
20 81
11 4
27 93
56 10
88 89
84 32
88 92
89 56
62 33
36 3
3 97
51 75
28 56
24 59
45 50
18 5
99 59
17 80
42 3
96 12
20 14
9 80
87 83
35 31
97 96
71 17
5 42
97 12
77 75
14 83
61 38
94 69
7 58
15 24
81 59
71 22
100 57
100 18
87 24
23 93
56 27
2 54
50 20
15 67
12 18
16 29
39 24
79 3
59 50
78 43
28 81
49 80
26 97
56 29
1 78
4 36
14 9
40 82
44 87
42 87
58 30
77 45
22 81
33 31
12 21
84 29
77 52
43 2
78 99
83 25
47 82
16 13
84 35
39 19
100 73
23 8
46 58
28 98
12 9
45 85
70 6
37 16
98 12
35 34
23 72
46 31
28 61
43 47
74 24
9 19
5 20
80 77
48 54
90 50
53 18
86 27
98 1
62 23
57 48
38 37
46 43
21 46
54 84
93 56
53 32
79 22
17 22
70 7
28 6
6 93
25 53
39 61
19 35
59 68
68 50
69 55
94 13
10 56
57 82
45 18
35 91
29 75
52 26
80 36
90 60
27 85
47 98
99 23
24 86
32 9
44 76
29 3
81 73
24 61
42 70
98 37
91 65
21 23
93 50
17 25
33 75
87 28
45 5
50 82
61 84
26 37
63 83
21 39
84 48
14 36
79 81
65 37
23 33
60 29
99 36
47 11
94 90
17 84
24 69
80 26
4 16
66 95
78 35
39 64
92 39
65 81
10 69
17 74
20 54
49 32
1 26
41 52
59 92
82 64
92 53
57 49
33 14
30 2
32 70
31 100
69 34
3 32
78 2
93 80
15 46
83 47
95 85
44 29
60 8
25 6
83 66
91 19
37 75
48 47
17 32
37 52
31 84
2 84
43 23
69 95
28 88
40 20
85 5
46 59
94 89
78 24
99 36
81 87
56 28
71 90
90 66
37 93
66 8
35 39
2 81
44 14
21 39
96 13
87 94
9 54
90 99
10 60
81 58
98 63
17 38
30 14
67 31
36 13
18 71
93 91
9 90
24 2
42 33
76 8
46 75
94 58
7 50
60 58
71 94
87 12
14 44
54 56
1 71
29 89
35 84
72 1
44 21
99 75
26 8
73 57
51 74
16 17
69 29
63 8
25 16
38 60
19 20
88 77
81 18
40 95
99 84
16 36
11 4
87 71
92 40
32 39
50 12
52 100
65 49
16 58
91 16
49 29
57 88
9 66
13 5
60 91
68 9
76 57
75 71
11 76
74 84
87 15
81 27
57 52
79 99
92 94
68 2
71 89
92 93
32 78
97 80
29 50
25 10
100 87
89 48
39 97
7 1
62 1
38 16
33 30
61 95
94 3
92 15
97 99
4 92
9 61
15 95
94 34
59 29
49 45
48 75
29 42
66 26
74 99
49 36
66 80
83 92
55 94
52 44
17 54
42 19
53 53
58 61
43 35
5 37
72 37
17 8
18 93
47 43
67 85
24 55
59 43
69 33
52 16
90 69
2 64
65 60
64 6
19 6
54 37
78 29
24 65
1 20
29 5
44 99
76 56
100 87
3 70
26 4
24 31
34 81
82 31
22 61
100 22
17 14
84 62
1 33
82 25
36 26
2 41
58 91
3 76
80 96
48 78
4 18
69 56
29 56
70 26
34 81
7 16
80 64
15 96
35 84
59 51
64 7
2 85
21 85
13 3
69 53
62 30
30 38
49 59
78 96
14 87
14 63
53 96
95 10
11 7
50 53
47 34
17 44
49 32
48 64
68 48
62 81
3 28
1 67
67 94
23 17
47 76
44 52
52 37
56 96
82 48
66 93
25 85
88 78
67 12
49 49
63 90
91 62
70 99
80 90
69 93
16 9
53 48
45 36
88 4
8 68
50 91
22 38
43 60
24 67
38 41
82 55
60 97
38 62
17 51
18 64
17 18
23 20
17 79
27 19
89 15
6 100
92 55
83 42
72 17
41 73
42 12
80 42
36 14
10 18
52 84
37 64
15 53
57 86
83 88
44 13
8 78
15 9
97 58
42 15
47 26
85 25
4 65
83 5
49 48
7 33
49 18
37 49
67 62
96 34
2 58
55 82
83 95
83 80
28 99
5 4
36 3
76 62
83 95
9 88
90 67
35 72
7 44
15 16
5 23
37 58
76 84
95 100
22 26
12 16
43 71
89 97
55 8
57 11
75 42
65 79
99 14
24 28
49 6
34 51
75 22
51 15
40 83
87 59
13 32
68 68
17 35
81 34
59 47
46 97
9 100
40 83
23 72
4 17
98 53
37 9
87 28
55 28
71 73
9 75
28 29
90 38
18 71
37 78
73 68
50 12
94 72
4 90
56 24
60 23
41 80
30 41
97 25
40 59
95 46
20 92
42 2
12 46
92 84
88 93
11 94
60 100
35 92
49 28
97 35
8 69
23 55
82 67
97 40
7 13
68 59
100 75
57 54
68 46
41 29
92 85
24 9
76 96
48 6
37 63
55 19
53 83
18 81
32 42
72 55
100 58
97 21
85 48
69 7
41 75
64 28
37 73
62 42
62 84
84 7
16 56
63 10
29 11
7 83
31 19
79 81
47 4
39 58
20 14
58 96
52 26
92 78
80 49
61 36
6 13
44 99
20 56
30 62
44 5
83 99
26 85
44 20
24 81
32 46
100 71
78 13
87 88
77 87
15 44
74 28
81 41
92 50
29 26
18 23
40 25
56 95
34 12
7 49
75 64
87 56
12 90
23 48
76 13
74 12
49 48
86 99
30 20
88 94
53 15
14 60
13 55
78 92
23 86
55 33
56 76
92 4
41 56
6 83
81 46
19 94
2 75
61 42
43 83
6 66
86 19
52 10
47 25
16 53
56 57
34 100
100 18
3 50
35 73
49 25
73 15
18 29
79 88
35 7
31 25
42 87
71 98
2 3
40 97
36 83
78 75
88 39
27 98
1 9
38 30
54 79
23 22
7 85
68 58
77 84
21 81
75 72
98 31
71 57
40 68
45 99
61 41
12 47
93 36
25 44
17 14
94 91
82 61
27 99
18 99
57 50
63 27
25 74
34 4
60 14
31 58
66 66
64 8
71 87
75 57
49 76
86 90
100 66
89 17
7 49
69 50
48 99
42 29
39 30
28 80
94 37
47 91
92 57
40 44
100 10
73 97
55 61
28 39
91 63
82 89
44 5
49 3
52 28
67 92
23 2
11 90
11 73
36 27
64 73
19 65
32 94
56 58
96 7
60 94
46 75
61 81
41 10
70 75
50 40
3 85
52 88
46 34
61 22
36 79
2 47
72 90
68 87
37 4
77 15
29 26
78 5
91 49
76 59
24 28
19 93
32 5
8 91
71 33
52 87
64 52
46 42
24 25
36 38
63 3
35 13
1 83
98 33
37 50
100 63
42 75
30 43
86 13
46 31
40 5
83 43
76 26
48 75
78 81
9 67
98 2
24 29
41 55
100 68
30 46
82 18
16 33
78 81
1 61
80 86
1 64
70 34
72 3
43 35
9 33
24 22
70 92
81 9
5 50
28 90
92 100
8 93
71 70
47 2
51 60
73 79
21 71
63 90
96 66
52 71
19 51
39 73
43 49
97 30
7 71
60 87
7 92
16 66
31 47
14 68
92 81
40 89
80 80
94 95
94 97
47 4
2 74
66 31
95 100
87 29
3 47
87 67
91 44
10 14
90 65
3 10
83 90
43 43
50 70
1 28
96 27
2 86
64 16
54 88
24 10
46 36
45 67
70 43
86 24
40 50
8 98
16 85
46 31
50 30
91 38
88 61
6 70
61 67
31 99
90 22
20 29
33 54
100 97
67 19
46 50
93 41
73 8
81 43
89 86
94 49
95 47
100 21
78 92
2 89
55 11
8 56
33 15
1 36
23 51
61 7
81 85
19 30
48 55
22 94
70 74
84 69
47 53
73 19
58 90
82 94
96 42
81 6
18 90
93 40
85 60
16 97
73 52
13 79
37 98
56 75
92 30
23 51
24 24
32 65
69 18
55 98
88 50
84 58
77 36
10 45
88 63
24 9
4 94
40 2
76 65
20 62
80 38
95 95
78 34
50 56
95 96
77 33
86 26
6 18
56 98
74 39
31 100
87 9
74 23
14 68
14 58
54 35
20 21
16 3
96 79
55 65
97 100
88 8
97 89
43 96
44 30
15 94
79 90
83 26
30 86
65 52
2 45
96 51
75 18
34 37
97 69
49 26
2 28
30 45
42 69
47 78
25 21
47 21
41 98
6 56
65 66
20 29
86 13
69 40
7 27
31 78
5 86
83 44
11 84
68 84
58 17
24 15
60 70
38 14
1 79
55 88
18 46
41 99
5 58
31 97
65 1
82 21
78 27
15 31
3 12
17 1
86 42
61 76
29 88
62 11
58 6
24 31
48 46
8 60
66 90
77 64
69 38
23 17
70 77
86 7
39 86
62 5
63 79
9 65
72 24
94 34
79 63
21 1
7 36
84 36
78 18
16 3
100 88
97 71
23 53
9 28
57 34
20 95
61 3
91 38
72 91
32 77
60 38
19 16
42 36
65 75
83 93
22 85
93 16
88 68
85 92
87 17
69 70
57 86
40 30
41 36
60 41
91 1
27 30
90 7
54 8
51 97
61 54
59 62
100 61
93 14
45 14
48 46
58 90
31 45
20 36
41 77
64 30
43 4
87 93
4 89
16 42
52 56
13 8
49 11
28 48
46 47
10 5
94 46
37 90
72 82
96 43
77 99
45 7
11 38
54 45
88 9
53 94
18 48
70 64
77 46
10 29
89 55
4 56
26 86
15 72
10 95
82 1
64 72
20 79
61 2
100 65
76 59
77 96
11 67
1 11
92 91
93 2
71 71
66 98
38 4
32 100
71 63
12 37
87 22
44 71
82 43
8 48
73 25
81 33
83 40
63 82
79 5
27 13
14 86
32 59
5 3
9 89
9 17
76 20
37 18
23 24
69 42
49 77
67 65
85 44
79 51
80 65
42 15
46 61
3 89
8 64
84 73
59 100
22 28
92 6
53 57
54 79
6 21
19 55
52 75
60 59
57 33
81 9
22 14
48 29
32 61
91 54
5 33
62 27
63 17
62 1
1 52
98 81
25 37
13 62
7 29
72 11
48 96
12 41
18 49
22 52
80 21
11 9
40 50
99 86
34 83
15 97
81 89
20 92
67 32
31 29
92 58
7 79
41 38
92 68
39 28
6 63
22 88
77 33
36 69
33 10
46 3
45 95
1 87
75 64
91 44
2 75
11 62
12 95
45 81
98 100
25 92
96 23
67 21
82 71
81 74
79 82
34 83
79 48
83 6
76 84
94 73
92 4
20 70
22 92
45 65
93 73
94 86
65 41
41 14
1 7
92 11
53 96
42 94
9 70
83 10
14 17
44 31
28 64
41 87
85 31
35 9
35 68
84 41
7 11
90 54
39 33
30 75
66 11
63 59
92 35
28 83
87 24
16 8
26 100
72 51
5 78
7 58
96 32
86 53
76 84
12 75
79 20
86 35
73 97
58 73
93 36
68 78
43 18
100 57
43 47
4 96
13 45
40 21
9 44
74 80
13 30
69 52
29 32
15 54
70 9
97 75
50 5
3 5
88 34
23 35
25 71
50 7
24 26
6 62
42 62
52 72
7 92
13 18
45 37
97 28
28 55
44 90
60 84
65 34
87 10
3 74
50 7
75 26
79 50
69 84
54 12
34 97
61 13
94 29
99 11
9 32
69 53
70 56
88 61
30 9
93 4
61 59
39 86
96 12
62 13
87 14
99 58
83 33
65 79
56 14
37 37
10 83
40 39
57 61
94 76
46 9
84 92
11 63
46 31
52 54
21 85
65 5
90 79
99 11
12 26
60 87
29 81
13 75
11 45
26 41
4 78
98 38
71 80
9 91
42 64
65 43
23 28
45 78
94 91
54 59
9 1
21 55
94 72
25 96
64 50
98 68
54 49
51 36
72 31
46 89
66 32
35 37
58 18
27 43
3 27
52 53
58 37
38 82
80 72
90 42
73 12
26 98
62 23
90 10
97 37
53 10
36 81
9 78
91 72
38 65
75 7
74 71
33 49
67 42
6 42
72 3
95 15
74 41
61 52
34 38
67 99
51 94
83 9
7 27
46 83
45 92
3 57
4 2
51 43
44 11
13 23
88 53
5 40
48 31
55 6
34 68
25 29
99 91
48 59
29 5
81 5
32 65
32 17
29 5
40 49
74 76
53 29
40 64
10 62
55 77
2 59
42 83
58 96
69 68
69 57
13 43
40 75
35 3
30 23
35 53
34 17
78 21
59 61
91 8
66 54
97 18
58 82
92 100
79 41
64 75
66 22
87 30
81 75
85 86
42 40
46 50
61 15
61 44
19 28
55 67
71 23
51 76
27 96
56 1
68 21
52 39
59 6
36 96
81 16
69 44
38 18
37 46
84 84
93 23
55 99
100 60
11 53
75 39
52 7
76 79
3 72
100 48
10 86
71 86
62 46
71 86
38 63
51 6
21 89
4 57
14 79
75 39
48 8
10 8
62 70
60 87
71 41
13 69
11 25
73 75
27 85
96 49
47 83
80 27
72 65
19 86
54 60
32 7
83 94
82 28
15 18
3 79
31 53
56 80
23 77
28 51
35 39
65 23
70 69
13 74
93 52
14 25
23 12
93 17
57 52
48 75
25 67
7 54
33 5
23 23
18 100
33 76
23 58
82 7
36 58
11 83
59 46
89 43
58 17
60 47
19 35
78 64
44 54
6 53
14 35
34 11
20 89
63 4
66 51
35 29
59 44
11 49
39 84
61 69
80 99
49 38
3 48
81 31
63 67
77 48
10 10
76 97
92 77
92 32
40 9
71 25
24 77
98 16
86 16
7 55
99 97
95 96
46 71
78 4
68 52
33 39
70 39
61 19
63 79
92 51
77 76
67 24
77 5
71 57
13 88
70 72
69 49
58 95
8 39
18 63
65 62
58 7
93 72
90 66
14 85
22 15
69 94
80 86
47 37
21 51
23 51
13 33
69 13
15 16
28 35
25 82
59 26
76 100
97 99
99 53
21 64
33 8
76 34
49 32
50 64
75 26
47 43
41 60
94 58
41 86
52 47
3 84
18 58
66 10
77 69
97 21
88 2
22 24
29 19
36 93
79 77
42 34
89 89
95 17
41 51
65 78
53 61
79 85
74 36
66 51
16 53
11 36
71 86
77 71
13 3
23 35
88 39
59 72
99 74
19 97
31 100
39 37
1 11
77 58
77 62
41 85
79 5
10 87
28 33
20 5
43 32
14 43
64 21
13 37
96 8
28 34
98 65
26 9
98 99
60 80
10 20
59 47
69 37
61 30
52 96
14 52
35 98
19 84
18 73
4 17
41 17
36 57
89 70
46 87
57 3
34 3
54 78
1 53
62 89
61 24
89 42
71 65
25 54
41 51
94 75
33 13
46 88
66 30
88 48
23 22
1 28
74 58
13 100
84 65
37 24
22 34
30 55
23 50
39 39
75 48
12 81
77 2
72 44
52 52
83 15
100 33
74 60
46 94
41 11
19 86
13 76
6 3
24 92
66 43
83 45
87 97
49 15
60 87
58 24
34 23
31 60
90 4
65 84
69 76
28 46
44 54
63 51
20 89
70 76
26 29
62 72
3 13
12 50
61 28
37 98
98 84
43 47
69 30
53 95
88 98
89 7
17 20
61 52
27 30
30 89
86 73
52 89
66 17
19 21
56 1
66 92
87 82
97 86
45 58
3 58
45 71
30 11
87 51
29 62
39 21
92 36
31 8
37 7
67 89
62 13
66 48
52 69
87 71
2 14
8 11
43 17
73 80
100 39
10 19
83 26
17 92
76 78
3 24
97 53
35 40
61 36
69 63
47 72
11 92
70 38
53 47
18 37
86 22
5 8
20 80
74 83
56 15
26 72
13 85
90 47
5 86
34 47
35 86
99 9
54 65
77 61
88 84
20 62
7 90
13 15
46 51
57 7
36 47
40 21
76 96
10 98
3 85
68 7
69 81
15 55
52 27
74 75
2 88
65 62
34 83
82 78
100 7
50 60
72 76
75 95
37 70
32 75
85 52
6 1
14 62
31 85
81 33
20 24
96 96
20 81
82 97
17 56
24 57
83 3
1 8
25 23
99 98
70 19
60 11
92 65
7 4
32 96
21 82
47 67
71 5
100 84
1 51
90 30
48 23
40 39
98 56
80 64
100 42
66 36
2 47
53 95
36 35
84 48
33 93
94 9
44 14
91 39
50 39
32 14
30 42
70 74
75 89
24 89
68 63
72 73
82 47
42 79
15 50
36 52
36 73
40 96
93 33
50 91
59 6
3 46
59 20
36 38
16 39
4 24
65 80
27 78
14 51
29 53
43 81
14 49
58 53
15 41
95 82
40 30
99 93
42 75
6 39
43 52
50 47
99 91
53 1
51 45
65 25
18 55
9 45
59 97
39 95
63 17
32 3
28 45
28 52
52 8
54 50
41 62
40 75
31 51
75 19
86 49
39 100
65 21
89 31
6 50
90 53
33 9
79 19
16 32
39 82
13 54
74 44
67 71
40 85
80 1
45 88
96 62
13 76
83 18
24 64
33 91
8 49
24 52
46 94
13 45
6 9
88 15
78 65
95 40
34 61
68 16
38 76
19 47
45 12
78 45
30 77
38 37
4 3
38 26
59 48
55 56
57 60
11 79
90 54
75 21
100 54
85 50
1 80
89 48
60 1
36 26
100 52
35 9
55 66
31 79
32 65
46 87
72 42
46 28
15 8
11 16
68 32
49 24
94 4
4 1
73 59
36 35
42 45
34 19
33 52
31 45
40 11
79 64
79 85
34 47
93 17
83 99
99 68
14 35
56 89
77 60
99 10
43 85
31 24
36 49
59 54
27 42
90 63
34 44
76 40
95 12
78 94
50 100
11 85
30 62
54 67
90 35
33 78
98 32
1 5
14 69
48 9
77 64
80 85
8 42
76 56
30 28
99 62
98 82
74 91
85 49
54 37
28 74
91 97
73 70
16 44
82 67
50 43
77 51
54 24
24 63
71 89
96 48
60 30
12 95
82 18
67 39
21 77
55 79
27 78
4 41
98 69
60 14
28 88
72 78
91 48
19 89
94 20
90 23
88 75
26 17
95 13
78 72
2 56
88 57
58 83
7 53
93 77
74 7
37 63
80 24
15 72
24 26
37 90
100 46
69 23
65 48
23 64
2 97
3 50
57 77
80 53
49 9
100 12
100 46
30 34
9 5
69 24
48 37
95 85
37 90
70 88
34 32
48 86
51 24
14 64
69 8
56 53
40 4
69 73
99 29
96 77
57 24
92 81
8 97
58 87
34 58
23 75
69 9
90 9
7 12
85 59
90 4
36 44
52 39
8 98
57 58
68 74
3 73
85 90
49 5
29 90
96 77
35 12
56 17
43 97
43 87
73 54
37 39
93 6
58 33
57 4
57 46
85 40
7 11
74 25
15 74
71 100
46 27
85 22
22 28
40 79
46 43
65 90
33 98
77 88
69 19
2 82
94 95
85 54
34 63
82 39
83 10
36 4
87 27
79 15
85 87
31 77
73 74
100 92
75 16
72 13
86 44
50 5
22 22
92 26
42 63
15 42
55 57
40 40
68 42
77 33
21 69
67 57
83 73
34 20
93 72
46 76
28 11
71 76
55 74
9 64
80 80
52 22
46 41
100 72
65 4
33 4
21 35
58 49
95 55
40 81
77 16
5 32
73 20
35 49
60 72
24 20
93 72
43 57
49 67
37 19
97 53
89 75
81 25
82 34
22 11
25 73
20 85
93 56
79 99
48 93
26 65
59 74
47 32
16 28
90 27
36 52
68 60
55 5
68 33
75 53
79 9
98 40
65 66
46 81
2 45
44 32
50 76
100 69
96 67
100 86
97 96
56 61
2 90
76 17
10 13
92 49
46 54
28 22
48 93
29 40
24 66
69 39
86 85
100 52
42 24
95 55
9 47
82 15
62 100
85 91
31 56
76 96
2 43
5 71
31 25
22 93
100 15
54 59
81 37
27 3
74 67
20 32
27 18
69 29
32 66
74 8
20 38
26 94
93 35
66 88
89 70
21 37
67 92
33 14
19 57
65 82
96 20
39 96
23 19
16 3
5 53
2 84
86 45
70 21
41 55
41 14
65 12
64 84
22 62
1 71
81 70
71 71
77 73
100 12
16 37
42 79
95 92
57 17
66 45
33 12
2 20
72 93
90 80
64 65
28 44
7 98
2 40
69 43
53 14
6 45
29 93
98 10
50 87
23 48
38 18
36 40
62 46
19 15
53 68
60 98
100 70
5 19
44 17
41 16
91 22
63 81
39 96
57 32
16 18
63 57
61 49
27 22
87 4
13 60
70 53
46 95
46 91
77 23
3 61
28 38
73 47
31 56
33 13
26 67
15 31
19 100
54 59
87 71
23 23
56 94
99 58
35 68
15 85
83 2
47 18
29 20
18 8
19 78
27 81
88 3
77 62
93 42
29 73
28 88
74 12
17 92
71 4
90 6
64 4
61 98
31 2
14 100
64 96
37 57
66 53
1 63
4 7
75 20
18 66
22 79
45 39
50 60
79 92
48 84
80 94
54 14
87 75
18 1
2 96
66 27
20 21
45 59
57 84
14 54
14 44
82 79
63 65
54 2
57 78
14 42
9 21
42 63
63 30
52 26
54 74
20 81
2 5
32 42
17 3
25 29
46 51
9 48
15 55
18 9
37 44
29 98
82 50
39 23
2 65
3 47
70 75
29 1
32 14
1 62
49 74
100 60
16 54
14 30
66 63
100 8
15 58
91 79
70 99
79 100
68 11
84 50
47 38
76 23
30 15
87 96
73 38
85 4
81 7
61 63
100 26
15 97
88 82
100 56
66 45
23 86
77 8
13 50
23 67
4 90
53 89
41 43
29 47
83 34
8 19
88 86
84 63
100 67
75 44
40 65
22 32
56 9
7 87
61 65
32 3
14 93
5 99
56 27
34 81
75 4
55 65
29 64
5 40
8 37
19 25
17 19
6 83
24 50
92 34
68 73
7 74
86 27
56 31
99 24
54 20
93 24
37 83
52 36
51 74
60 16
69 67
72 86
97 32
16 45
100 13
42 93
15 72
67 58
32 2
66 81
11 57
25 7
100 34
44 7
32 89
93 41
11 26
8 62
72 19
27 72
26 48
47 84
82 42
22 10
62 73
30 30
97 25
78 93
12 57
63 22
34 70
70 11
44 22
70 9
6 7
13 95
50 46
85 8
45 6
59 69
56 37
49 80
100 43
61 15
82 48
1 100
93 18
21 16
73 59
97 80
94 63
22 93
80 35
54 42
89 43
24 37
43 42
28 60
82 5
40 10
37 40
25 55
15 53
96 36
42 11
47 13
61 96
30 92
15 79
2 67
64 50
87 31
74 66
47 61
35 11
34 41
85 74
10 21
39 25
60 2
63 19
20 79
51 81
15 63
40 45
94 30
34 63
11 79
53 97
99 16
10 82
61 27
23 6
8 93
4 56
97 29
27 20
66 25
59 80
52 14
50 58
31 97
27 38
16 7
55 52
54 38
85 86
38 100
56 81
38 38
6 32
59 23
50 87
98 47
92 22
28 12
24 39
80 14
86 90
8 89
49 76
21 60
73 9
50 65
61 36
41 73
45 13
63 96
44 69
39 47
48 95
55 75
14 97
96 49
98 83
97 58
19 88
40 16
66 71
57 44
23 67
92 88
21 67
68 27
15 66
42 24
25 26
11 19
66 64
1 71
9 18
49 8
12 94
60 34
29 81
55 62
20 43
99 57
32 65
55 2
38 39
44 67
33 70
55 14
3 3
2 80
27 82
3 40
65 19
6 91
42 61
11 82
41 84
27 98
67 71
16 6
97 36
4 22
33 70
31 49
31 74
21 24
56 22
32 50
25 40
71 7
34 93
72 82
60 65
41 10
87 47
75 28
41 72
25 35
93 37
89 71
45 55
73 28
60 42
70 42
95 24
98 36
1 7
99 57
83 1
69 86
49 42
2 60
92 6
88 20
73 73
96 62
66 10
79 47
24 51
68 67
48 73
20 16
71 21
46 25
89 10
48 82
77 93
12 84
57 48
46 83
43 67
62 5
71 56
63 66
34 60
33 74
58 41
72 69
4 9
17 32
63 68
52 65
90 81
99 52
20 78
38 21
81 58
36 47
63 44
9 69
37 6
96 33
64 65
66 60
88 57
96 83
65 63
33 46
74 60
2 9
71 38
6 91
77 94
60 50
90 76
8 25
19 74
13 95
59 9
76 50
71 30
68 68
47 17
11 100
25 12
10 99
17 96
70 9
47 85
71 97
3 44
19 3
71 38
94 33
78 48
81 46
47 92
6 73
77 94
18 19
74 80
19 77
10 77
78 12
50 53
20 38
90 74
45 93
21 48
86 26
9 72
46 5
4 80
61 14
50 27
48 44
89 46
18 53
28 29
58 36
47 70
10 14
65 90
41 34
73 53
52 83
15 18
11 43
73 20
44 33
79 56
39 70
96 33
22 58
62 45
39 4
60 28
78 41
63 46
12 62
6 24
41 2
34 31
34 44
5 63
62 10
23 78
23 6
93 80
90 27
32 2
37 89
93 32
64 89
64 13
62 84
82 68
38 39
62 24
97 12
48 61
27 74
16 69
82 52
13 49
35 37
54 11
45 66
19 98
24 17
68 15
85 99
10 44
47 39
10 98
54 73
21 63
87 61
63 61
71 14
42 22
11 79
66 6
54 26
55 98
43 87
67 67
77 14
1 58
82 52
49 58
61 81
27 14
94 69
69 91
12 10
8 35
20 52
86 12
2 65
92 72
56 58
98 75
88 33
87 8
8 97
23 97
64 5
72 94
21 99
72 76
6 86
44 100
24 82
12 23
73 15
74 40
69 5
92 17
18 9
85 74
1 25
70 75
87 6
5 10
11 27
23 50
22 35
61 1
28 2
64 22
94 37
19 16
90 84
73 99
73 12
62 32
4 73
45 77
11 25
13 6
67 16
91 27
1 5
19 31
36 88
45 51
71 56
72 95
88 27
93 35
69 95
45 74
10 75
81 50
50 27
76 44
61 71
72 58
83 91
91 19
31 48
76 94
14 82
85 70
33 95
44 58
56 32
84 52
2 13
80 21
96 31
34 14
96 48
11 75
16 60
40 8
42 87
4 20
62 45
64 75
34 37
24 88
21 26
89 42
25 36
70 16
88 22
19 12
37 45
51 27
3 36
74 74
24 42
62 32
32 30
58 61
48 39
71 19
92 1
59 4
82 80
100 93
20 80
42 97
19 35
79 13
79 58
29 18
31 96
56 45
35 25
99 55
12 16
16 96
47 82
55 81
30 49
26 92
95 96
79 57
41 89
84 43
40 11
28 60
20 83
64 80
68 12
68 6
73 75
3 42
63 87
60 55
37 10
18 98
49 14
26 94
46 71
10 76
98 90
79 71
21 37
56 97
27 88
54 65
3 15
100 19
57 98
100 32
12 81
93 69
96 64
77 29
4 28
75 35
78 66
86 13
24 66
62 56
1 67
53 85
57 90
40 58
95 73
6 93
67 20
58 57
52 38
24 46
18 81
81 86
64 76
89 3
100 40
31 76
16 79
10 50
89 99
65 96
83 23
60 84
82 40
2 23
50 35
57 58
21 86
84 9
78 88
94 82
50 20
12 49
50 84
28 78
19 8
35 77
15 67
49 21
71 11
77 63
60 26
19 1
99 14
91 84
65 26
79 22
99 95
18 2
85 90
78 5
25 90
96 44
64 10
67 63
96 67
22 91
4 100
20 45
91 85
35 14
38 2
3 37
59 45
59 59
85 60
29 7
73 75
12 82
54 54
54 28
91 45
62 48
43 95
100 27
17 54
61 73
24 21
29 6
30 87
95 51
76 76
42 93
23 87
9 11
35 94
25 50
92 62
56 73
51 78
3 5
32 1
74 5
67 23
52 4
17 24
18 58
72 95
63 56
9 78
19 34
14 87
78 9
36 59
44 97
67 1
38 62
43 95
53 72
98 25
56 55
64 38
11 17
85 7
46 83
76 16
20 37
57 54
76 74
37 40
5 8
97 51
36 71
81 6
40 85
43 25
65 21
77 84
80 79
30 42
42 81
76 70
15 8
8 93
58 77
83 72
53 39
53 49
63 84
75 62
94 97
51 11
95 57
23 95
45 54
81 11
31 46
58 87
75 25
83 82
5 73
18 78
77 50
52 4
10 29
36 71
4 93
100 80
11 12
11 10
86 52
74 24
49 65
81 74
39 58
72 57
87 15
42 78
34 86
68 1
92 75
7 23
28 77
50 19
81 25
12 57
13 7
72 53
70 44
92 23
41 20
61 62
4 38
9 83
37 3
77 61
35 42
26 47
59 90
70 4
43 32
79 44
11 75
10 30
79 97
15 23
99 89
9 94
55 71
67 46
20 50
58 19
2 85
91 43
92 5
44 80
4 60
10 3
37 33
82 99
20 27
85 36
70 7
94 29
100 11
40 45
48 48
90 45
3 48
23 78
29 93
50 8
17 96
84 89
56 82
88 54
59 39
56 52
74 92
57 50
96 17
69 65
64 65
69 99
14 74
47 19
51 70
61 86
100 38
7 61
1 74
69 19
60 41
5 78
35 61
32 36
35 70
50 84
1 58
37 5
51 22
89 72
77 56
26 34
11 16
83 33
28 50
35 17
98 50
94 59
90 12
72 75
1 43
30 59
27 73
99 63
70 52
36 14
61 93
71 34
26 89
38 99
82 73
70 18
87 66
59 66
80 11
14 1
65 11
53 33
68 60
75 47
54 97
75 12
82 36
7 10
22 32
55 25
93 70
9 80
2 90
25 51
86 56
62 36
23 18
14 77
4 100
33 96
100 33
76 68
56 75
10 3
61 2
56 49
45 48
4 18
42 6
39 33
88 53
100 11
44 26
23 22
8 14
94 30
31 74
45 53
55 26
16 56
56 97
5 92
45 94
61 61
60 30
75 84
19 25
78 60
22 74
79 38
65 48
22 76
29 53
99 57
38 57
99 36
91 77
26 35
94 67
63 5
53 15
56 82
56 80
54 13
78 18
19 57
55 11
6 7
52 33
21 63
30 1
79 92
38 3
80 97
20 58
33 19
70 77
80 84
100 24
76 54
42 45
6 79
46 33
76 56
58 97
28 32
84 44
16 60
81 12
13 96
14 91
87 60
60 100
25 78
42 8
8 32
82 80
57 42
97 22
15 19
15 64
2 5
19 14
75 49
59 24
28 29
55 48
47 14
27 90
48 63
87 22
63 63
80 98
11 22
25 91
95 40
94 16
57 26
41 50
74 91
82 32
100 84
14 87
7 66
18 42
89 100
4 21
22 73
9 29
83 65
12 69
35 99
19 13
79 19
94 31
71 100
45 61
12 45
66 77
25 35
73 9
65 46
29 85
20 53
66 87
38 2
89 34
12 72
99 80
67 41
75 40
59 16
20 80
32 26
61 46
96 45
8 67
45 70
9 28
7 49
10 38
42 97
30 98
32 51
8 36
91 67
43 86
92 80
41 57
23 11
21 96
16 11
68 22
71 34
70 16
51 53
71 11
71 79
9 85
86 90
26 79
1 36
63 64
81 32
11 80
67 85
57 47
55 93
70 23
93 91
3 1
94 92
4 54
30 52
43 5
66 57
36 74
17 99
23 100
56 34
53 17
7 72
34 85
45 65
72 64
3 71
49 2
61 44
53 44
64 67
67 25
11 49
38 54
7 52
43 81
74 23
100 24
14 64
51 8
68 57
17 31
20 31
38 22
73 60
53 88
71 77
38 87
50 87
48 17
27 67
85 93
52 47
39 1
13 63
7 3
84 73
67 76
37 32
46 75
37 96
7 59
31 29
74 92
10 59
33 46
54 31
75 88
37 86
1 13
57 98
52 41
88 60
7 17
9 79
78 18
18 65
14 36
45 50
83 87
31 16
92 80
98 24
98 3
42 8
69 7
33 8
36 13
52 5
40 24
58 44
95 40
41 40
97 9
88 71
32 11
54 96
63 64
23 61
2 39
63 95
51 23
90 6
96 38
97 37
56 3
79 4
89 77
26 9
90 42
40 25
88 36
8 75
47 36
37 61
51 40
22 4
91 100
97 38
77 72
48 12
11 45
98 38
69 69
10 57
59 87
91 3
2 73
63 93
84 30
41 73
27 11
55 27
8 4
11 24
30 73
58 68
1 72
26 75
82 67
81 66
82 59
17 93
40 18
11 69
37 7
11 14
73 5
58 60
5 90
65 65
93 9
73 44
19 21
35 62
21 6
68 32
8 20
52 67
27 53
51 31
83 37
72 66
26 13
70 27
57 7
99 87
60 48
75 25
74 7
39 91
62 82
47 64
62 44
64 17
89 84
69 53
37 62
15 67
33 67
8 71
84 94
54 26
78 31
12 3
76 93
82 82
51 87
94 50
43 97
26 47
72 13
50 23
31 42
24 20
56 16
55 99
17 2
16 55
26 24
1 66
17 75
41 13
76 47
98 12
71 96
97 60
16 74
50 43
65 9
17 85
80 76
95 33
85 7
85 16
53 19
36 100
30 45
27 80
99 94
13 45
78 40
62 2
72 2
87 81
53 92
79 62
67 31
68 54
80 57
82 26
49 95
70 31
40 30
42 17
66 16
39 38
16 57
79 46
50 95
54 89
77 20
34 97
42 70
93 35
65 84
55 67
90 10
90 4
32 81
12 100
18 95
28 60
20 13
66 85
60 49
69 83
14 60
9 26
22 22
25 29
12 89
84 96
8 95
37 20
52 12
55 71
50 5
85 70
60 45
61 73
86 77
20 5
44 43
84 10
88 46
6 90
65 81
18 27
18 60
53 56
28 21
24 12
1 92
69 43
37 100
92 73
8 30
97 4
30 71
92 74
22 9
14 37
4 70
28 5
94 88
40 83
50 33
74 32
56 28
23 46
6 45
29 55
78 38
22 68
7 55
54 34
23 44
34 35
15 74
72 74
51 75
67 66
90 71
12 61
60 95
58 14
23 72
73 19
41 78
97 63
97 82
61 46
4 52
60 29
77 71
23 1
63 14
86 62
38 20
87 47
92 42
5 27
53 6
73 52
52 36
66 77
25 2
30 37
49 6
2 94
40 7
85 43
44 25
57 38
99 44
66 75
91 9
17 48
25 4
62 5
44 42
89 40
8 39
92 76
11 47
48 15
79 89
93 12
78 28
76 38
77 14
16 17
38 18
48 1
79 19
98 20
82 100
94 80
41 46
35 86
26 86
71 23
62 83
70 61
40 41
38 15
77 85
35 30
3 5
92 36
41 39
36 72
83 15
11 22
54 20
31 83
32 1
19 91
52 58
32 33
79 50
15 13
13 41
56 98
15 20
54 48
22 100
32 64
24 48
22 74
79 26
12 72
84 31
87 95
54 12
100 46
46 21
83 38
74 45
46 32
50 32
13 11
75 29
79 81
74 59
9 96
4 41
36 50
64 75
65 15
80 49
1 71
88 61
8 78
13 93
71 16
11 33
100 62
69 37
4 36
66 48
47 14
62 94
51 83
89 22
11 38
23 19
16 65
59 96
42 89
62 58
65 66
37 92
19 26
55 65
83 96
94 89
98 25
89 24
25 84
50 73
20 12
34 91
60 36
20 88
57 21
42 45
57 20
50 38
64 66
93 69
44 71
67 1
74 33
14 83
21 80
76 51
74 49
64 78
46 24
92 64
39 48
66 97
39 62
49 98
74 96
17 76
33 49
4 36
64 24
50 6
13 97
88 22
98 41
25 17
69 88
99 57
54 82
68 75
86 72
4 13
83 86
23 63
81 84
13 24
72 28
75 24
100 93
1 31
42 26
96 41
92 60
17 100
80 100
2 69
74 58
61 60
29 98
19 43
15 25
63 89
67 48
2 82
88 77
26 60
50 13
5 89
82 36
73 61
62 20
4 30
93 89
100 57
51 76
39 11
29 31
39 71
49 96
78 91
91 57
89 3
44 61
73 86
45 73
83 97
13 53
46 19
64 85
23 87
15 51
61 66
19 59
88 46
99 2
51 12
21 19
71 44
72 95
51 40
16 21
21 83
27 49
14 41
5 70
47 3
70 21
34 56
77 87
94 14
60 14
50 44
13 88
69 55
10 50
78 65
40 48
38 71
100 46
13 48
20 73
44 70
67 89
25 36
59 7
11 15
16 46
79 89
97 65
61 1
82 18
31 57
12 55
64 33
14 90
19 45
52 44
70 26
41 56
27 32
7 72
62 12
10 40
4 85
14 29
3 21
87 96
40 40
78 3
97 34
29 55
46 89
15 30
35 68
15 90
15 55
80 83
28 84
92 30
44 5
40 1
73 38
62 45
15 12
16 37
23 81
37 7
58 56
5 11
45 30
28 97
95 3
90 45
14 10
75 11
60 86
48 25
2 76
57 38
17 10
64 99
5 8
32 33
34 7
8 65
95 50
88 8
50 25
51 42
99 53
89 77
25 57
86 2
93 80
80 1
97 80
20 43
31 68
72 81
89 87
44 2
55 60
1 29
53 76
33 70
45 11
96 39
51 43
68 18
80 79
76 56
47 90
84 18
85 19
66 99
31 92
21 80
98 23
89 30
82 52
95 41
21 67
1 56
79 37
93 31
8 48
67 98
91 67
11 37
76 28
98 11
49 38
4 46
20 47
94 61
35 23
80 41
47 93
80 79
22 29
38 7
57 9
47 76
62 40
92 73
42 15
80 4
67 33
26 71
33 63
38 90
6 61
82 16
67 81
48 76
42 54
8 83
79 23
71 55
77 9
65 51
92 76
48 39
41 30
65 92
89 75
52 31
85 12
91 96
35 79
4 45
57 28
66 71
49 31
64 29
37 14
43 88
43 17
16 13
59 27
51 5
54 69
5 79
82 23
54 36
9 97
22 31
7 7
65 13
41 50
75 5
95 65
98 37
38 9
70 25
8 50
97 74
93 87
55 68
25 68
16 10
2 28
57 7
14 98
63 1
19 14
28 16
18 98
79 32
20 59
30 20
47 70
47 3
11 83
76 24
80 27
81 16
58 16
2 95
94 56
28 18
81 71
3 74
33 37
10 50
57 88
44 57
84 47
84 54
6 94
82 94
38 24
37 73
65 61
9 100
50 73
1 37
82 19
8 47
77 86
5 18
28 59
88 76
29 3
11 47
64 97
62 7
87 22
96 6
62 78
80 66
63 88
88 60
12 54
18 40
15 71
52 65
65 1
71 42
16 81
44 40
3 75
7 21
85 90
86 69
56 35
48 24
78 17
32 54
8 89
79 95
82 2
94 48
47 81
21 97
22 57
50 30
49 31
50 33
3 11
43 93
99 68
39 47
91 21
3 73
25 40
4 57
90 80
21 50
14 52
66 53
17 57
69 65
21 88
5 16
21 59
88 40
95 36
27 75
46 59
31 68
62 45
74 21
90 32
81 66
35 41
94 68
77 29
15 95
60 80
1 24
11 20
45 46
72 3
94 90
82 75
74 85
12 79
12 87
61 58
37 83
3 94
33 92
50 59
97 21
52 30
34 19
61 50
49 2
84 41
89 24
27 47
11 67
54 76
30 78
100 3
6 96
55 79
6 52
85 58
97 18
9 87
25 25
10 59
39 30
49 70
100 10
46 37
45 52
2 73
59 83
12 84
73 74
51 18
58 54
76 62
92 41
32 62
9 36
75 55
7 63
67 80
54 53
9 13
64 64
47 19
71 36
76 51
57 2
55 76
82 1
95 42
45 6
14 69
55 7
22 28
84 32
64 39
2 80
70 70
38 19
26 100
6 100
14 66
52 91
98 45
11 39
19 36
23 42
29 30
76 39
93 95
6 15
29 60
2 91
65 15
31 18
38 57
25 44
5 66
67 70
77 5
70 70
5 61
75 28
82 76
11 63
8 53
29 2
51 12
88 69
38 78
12 90
93 74
93 91
40 81
18 21
94 62
89 6
46 30
31 49
45 14
21 7
33 36
100 26
81 7
7 59
2 69
21 64
10 48
78 96
98 10
78 25
50 36
95 43
26 36
84 22
62 94
49 9
50 59
48 63
77 50
83 87
95 41
69 28
19 97
59 18
38 99
34 100
60 15
22 81
77 84
64 47
46 53
2 51
76 18
85 1
81 14
61 57
40 19
20 87
79 50
14 65
75 96
71 24
92 66
75 37
28 84
47 58
40 62
46 75
28 20
68 41
3 8
86 37
1 1
5 17
4 94
69 29
62 97
46 36
61 96
90 51
31 2
70 33
65 84
34 16
2 49
37 70
21 64
82 50
30 5
52 68
20 5
84 4
59 46
22 18
52 16
20 71
96 11
84 18
8 2
61 63
59 82
84 99
24 81
52 35
57 64
72 34
46 50
61 15
93 18
13 87
69 38
7 12
29 72
34 58
91 73
25 81
76 25
63 19
3 56
89 23
1 81
79 10
5 76
94 99
97 77
11 77
73 46
97 17
13 50
77 2
78 40
69 27
94 49
76 52
29 65
56 7
92 72
65 75
99 73
11 98
27 11
43 89
36 3
61 83
55 47
84 16
8 2
97 32
8 82
67 58
98 70
63 15
84 50
52 23
36 44
1 77
28 10
46 71
36 2
40 56
69 4
44 2
26 57
41 11
74 89
1 4
3 18
61 30
77 29
7 55
36 67
13 11
2 56
12 23
49 75
55 7
12 10
91 44
78 89
35 66
9 90
83 72
96 56
13 93
74 56
21 28
70 59
96 61
62 49
50 43
16 67
77 79
33 14
80 54
54 16
52 27
10 73
100 46
28 12
28 81
17 87
42 97
67 36
79 19
7 50
14 56
11 19
87 87
23 99
56 40
86 10
52 72
56 30
67 33
75 100
81 12
64 96
98 91
34 17
37 58
56 90
12 66
58 63
25 88
48 73
71 68
46 99
29 49
73 42
87 7
27 85
33 51
18 72
64 81
17 82
23 62
32 89
72 42
79 13
71 86
38 2
8 84
9 42
6 69
30 41
26 89
37 56
67 83
19 6
2 4
37 16
17 22
62 63
80 55
44 59
43 41
48 79
66 57
59 45
65 83
23 24
1 85
56 27
11 46
2 36
100 24
93 45
80 2
15 94
25 78
98 41
26 49
2 83
19 35
54 59
74 58
86 1
99 26
26 62
23 96
83 68
41 38
47 34
31 9
16 63
76 68
70 69
75 87
28 62
82 15
96 94
50 57
35 32
10 35
70 80
51 81
33 4
47 41
81 88
12 52
97 97
44 10
43 12
65 70
44 92
44 58
49 59
86 71
16 78
44 98
25 21
89 84
9 71
71 62
26 26
87 34
66 51
79 5
79 83
8 71
57 26
63 8
31 39
11 95
66 73
15 90
36 45
92 6
70 41
28 84
40 22
20 30
4 55
34 69
55 93
81 96
34 75
6 21
2 23
35 5
75 71
65 89
45 16
3 55
69 38
79 72
73 42
96 60
37 86
17 93
56 6
90 50
63 94
66 14
9 24
41 58
53 100
67 2
45 27
66 83
20 56
87 45
52 26
59 52
43 69
10 37
88 11
93 74
57 72
13 78
40 23
41 23
33 4
18 75
47 100
13 6
46 37
9 89
42 91
24 37
71 60
12 49
9 53
84 91
65 48
92 50
54 4
14 27
73 89
74 12
7 31
17 76
20 22
61 86
76 68
6 30
53 81
47 2
11 14
86 13
36 2
64 69
42 41
41 95
70 6
28 95
3 90
4 72
49 23
12 100
72 75
80 30
23 12
38 80
75 78
55 84
25 1
30 28
34 99
96 4
98 85
39 22
27 29
10 22
21 63
10 90
38 5
26 46
33 20
46 86
51 34
73 100
67 14
90 60
82 63
15 16
44 53
52 88
15 56
99 65
37 84
72 35
23 19
72 27
47 35
2 29
48 94
76 73
25 92
62 47
85 72
19 48
47 72
35 43
93 41
34 14
44 93
29 92
51 39
80 87
72 42
67 95
4 43
70 34
97 29
16 87
18 18
74 88
99 9
33 53
25 63
2 79
72 51
61 73
67 48
6 84
20 80
64 96
100 32
65 1
76 5
32 99
48 55
45 89
47 44
46 56
23 95
17 35
88 53
23 47
87 74
41 3
73 52
85 78
51 43
65 80
77 46
79 20
38 74
16 55
5 74
12 26
68 95
49 59
86 66
83 6
45 84
27 71
46 58
27 22
53 45
63 48
78 33
10 93
38 87
34 7
66 57
71 76
91 7
65 28
95 1
17 94
89 12
98 74
15 18
56 68
91 55
58 45
17 78
5 64
9 44
36 59
33 98
9 73
16 93
42 7
95 3
14 52
17 99
99 4
83 37
60 16
49 35
7 62
90 31
24 76
24 3
50 2
19 88
15 44
58 73
38 58
31 38
5 3
79 10
20 64
16 97
94 17
39 30
46 3
28 4
96 61
66 62
3 71
61 36
98 89
75 86
24 89
28 72
23 48
76 51
54 45
27 81
33 6
100 81
97 74
36 52
61 78
13 90
65 64
6 97
37 25
96 76
42 11
58 46
68 8
49 70
95 71
20 43
5 72
85 88
17 97
63 100
8 2
51 65
43 80
44 73
45 34
45 28
47 23
71 3
36 14
50 25
37 37
90 54
67 24
26 30
16 28
42 22
37 79
22 84
99 70
80 15
57 50
100 100
85 51
49 45
41 98
11 78
37 16
50 57
40 91
59 2
5 61
11 90
6 75
35 37
23 67
78 96
59 1
14 21
88 20
14 9
29 12
81 56
50 42
46 90
57 28
4 75
76 30
21 12
35 1
16 53
89 54
77 72
82 29
94 64
19 41
64 36
24 28
78 63
10 37
30 61
5 29
37 59
32 37
51 48
75 1
26 77
91 94
63 22
81 43
73 56
89 36
99 2
60 56
53 38
3 48
65 24
77 45
70 53
85 63
64 29
90 87
74 8
69 49
89 5
65 25
80 31
20 74
87 35
66 79
2 4
28 6
96 44
34 42
66 5
14 78
17 22
83 73
60 66
33 37
59 90
28 61
50 39
39 23
28 67
27 14
51 43
2 32
91 61
44 4
32 67
68 49
28 69
73 62
83 66
79 18
74 28
61 50
50 62
55 89
30 20
36 15
72 87
96 31
41 63
39 96
17 47
53 57
68 75
48 96
29 73
22 99
69 38
96 4
53 22
83 33
64 78
35 40
7 33
60 94
73 38
65 53
63 29
59 62
25 35
55 12
45 43
43 48
8 63
71 16
63 83
90 84
26 14
60 24
31 96
15 61
89 47
6 80
7 16
11 98
51 38
90 34
49 33
7 50
59 69
37 42
45 43
21 3
43 38
45 1
58 94
73 36
87 50
42 81
79 42
91 49
60 29
46 45
45 61
6 37
86 13
8 64
43 40
73 98
49 93
56 27
12 8
13 69
70 72
14 65
92 88
8 93
7 11
58 4
10 23
82 5
97 97
9 88
35 51
91 65
53 53
13 4
69 72
1 17
92 4
98 41
29 24
94 56
98 44
32 29
31 94
26 2
24 33
40 45
88 94
10 49
36 79
84 78
65 43
14 61
89 52
19 52
55 87
85 32
1 39
17 18
17 52
21 70
13 48
82 68
52 54
48 51
95 2
52 10
54 32
23 18
64 58
57 68
95 27
88 95
18 6
76 80
80 34
70 94
95 77
70 11
63 22
54 49
32 41
43 27
2 25
6 76
83 40
44 77
15 8
9 7
8 95
14 1
82 25
28 2
60 94
74 8
41 58
79 88
16 70
63 100
63 55
93 64
77 44
9 82
3 55
72 15
38 68
84 97
77 8
67 81
31 84
12 46
43 5
27 17
22 93
38 99
16 95
72 87
7 49
96 55
65 7
23 5
92 4
5 51
40 68
28 83
39 65
69 31
81 83
32 8
53 39
16 59
81 45
10 44
87 56
77 94
17 77
24 19
46 90
81 7
53 99
83 88
90 39
42 70
78 55
88 22
25 47
47 89
43 33
83 93
98 78
16 42
70 99
78 65
50 12
20 15
8 4
46 20
78 31
19 13
55 10
75 50
25 84
95 10
15 90
72 44
66 47
69 77
100 7
20 2
87 33
40 8
84 52
85 21
15 79
100 6
17 33
30 91
45 14
37 100
47 88
86 64
73 12
96 62
15 40
86 8
78 20
65 4
80 35
66 51
91 6
62 91
67 68
56 95
98 55
90 3
8 30
45 12
60 94
33 89
10 94
41 77
23 42
11 27
96 38
91 12
97 24
37 50
100 3
26 73
69 58
21 34
64 36
52 98
65 84
54 23
12 94
16 99
24 98
53 53
58 10
58 78
21 93
26 67
74 30
70 25
68 75
55 93
46 38
89 22
56 85
92 79
46 18
9 49
44 43
83 84
67 39
68 63
12 12
62 24
10 84
31 52
99 5
59 78
18 30
76 16
15 60
87 16
51 40
24 43
35 30
82 77
67 72
94 82
99 15
89 27
23 20
77 14
61 14
30 17
16 63
86 84
24 51
68 65
18 27
24 18
76 32
18 24
14 37
80 100
51 99
3 83
98 85
98 61
8 61
86 38
38 56
11 71
33 52
3 23
5 52
84 72
31 86
23 66
100 76
84 97
27 86
70 92
42 19
36 48
51 59
44 33
42 48
69 43
89 31
67 77
9 84
52 35
68 48
93 5
62 90
53 88
97 16
14 53
88 87
70 44
36 25
75 100
48 12
98 78
86 93
75 40
72 19
52 92
14 31
86 55
31 25
74 43
50 98
61 56
15 92
78 28
38 98
2 64
25 86
6 64
10 28
99 34
61 4
24 22
27 82
47 28
30 9
31 35
29 92
73 100
59 17
18 89
6 45
87 75
60 19
55 13
20 89
56 56
91 32
71 43
98 95
53 92
25 95
74 35
29 24
66 60
84 92
34 61
5 32
6 96
28 11
79 41
1 80
44 96
63 31
43 83
91 55
13 95
100 51
73 51
25 83
84 52
54 46
82 3
3 55
82 99
64 52
56 36
12 86
78 64
64 29
27 77
21 60
56 73
31 71
75 47
84 13
42 99
60 68
51 50
41 71
90 54
45 12
34 52
27 22
92 93
20 67
94 36
36 96
45 25
77 37
95 39
59 35
68 78
37 36
78 50
72 99
72 26
87 71
49 75
17 11
8 40
53 14
87 24
75 19
65 78
47 92
99 88
69 54
97 77
40 28
61 56
12 79
49 6
42 65
62 91
17 7
46 79
66 1
95 9
60 13
1 91
47 6
49 67
88 87
8 93
10 26
66 25
76 46
80 82
3 61
90 74
32 99
34 27
80 9
41 44
74 9
72 21
75 97
25 48
42 15
36 60
97 88
10 20
49 86
91 27
79 38
88 8
62 55
7 40
96 78
59 40
82 20
58 62
95 40
16 52
23 60
85 32
35 19
70 2
17 32
39 14
81 11
79 57
13 98
13 8
35 29
3 67
79 30
97 89
41 18
53 33
71 72
81 95
68 33
12 4
16 91
69 27
75 46
62 73
15 48
42 80
100 13
65 19
73 28
26 89
82 71
74 88
89 39
17 10
52 51
50 26
54 10
22 46
4 36
67 100
60 98
54 46
55 30
10 40
34 80
23 95
24 49
19 96
72 52
90 71
2 46
33 1
42 4
54 2
62 23
33 5
26 82
36 17
26 54
12 63
18 79
97 68
95 16
39 52
79 86
54 69
28 45
55 13
16 26
22 14
44 40
25 4
84 22
90 7
92 84
48 71
31 49
77 77
35 29
71 51
35 32
67 44
79 77
79 6
48 9
11 17
38 74
81 77
51 15
29 3
27 20
77 42
42 93
12 60
28 95
96 3
59 80
82 9
9 76
70 44
40 63
7 40
3 51
64 21
46 12
2 26
30 42
44 48
47 45
87 37
54 79
74 14
60 98
85 13
56 62
18 35
41 39
10 66
79 53
23 34
27 84
99 30
89 4
13 39
59 44
82 53
48 65
42 2
50 27
73 7
57 58
25 27
22 78
56 46
79 83
33 79
71 18
87 92
39 55
89 22
86 51
26 57
8 19
17 24
1 76
71 22
30 29
38 31
38 72
94 59
95 5
94 56
91 77
69 20
41 23
60 12
44 22
84 88
19 54
61 42
10 8
58 40
41 36
6 22
3 76
82 12
78 32
30 31
36 97
85 12
9 58
62 22
88 36
53 31
5 76
37 95
85 96
67 71
83 67
7 78
75 51
62 66
46 100
52 25
3 32
65 37
95 9
67 41
83 59
63 43
83 23
93 2
10 67
88 46
41 3
21 45
72 70
72 41
52 70
13 95
24 71
91 70
22 30
47 98
83 73
55 67
29 38
63 65
98 82
58 100
52 35
37 12
23 12
43 96
60 56
98 95
85 69
33 40
1 36
63 60
76 98
30 80
15 59
75 32
1 66
94 70
50 87
41 97
27 87
23 44
70 13
55 7
46 6
13 82
44 90
28 26
32 56
30 93
36 61
79 6
10 41
43 32
2 52
27 100
49 59
28 53
67 30
8 45
49 22
84 25
46 51
71 20
34 74
40 70
17 73
58 100
21 75
99 67
31 84
86 81
81 12
25 9
32 47
45 61
32 25
90 33
76 15
45 14
1 37
64 100
60 26
98 55
60 39
77 56
41 26
62 19
91 29
29 32
22 59
41 82
36 10
37 100
35 51
40 29
78 62
47 38
17 86
50 42
20 66
79 56
51 97
13 32
14 90
31 44
54 5
9 92
38 94
47 15
60 90
98 56
16 55
36 51
57 12
66 86
52 93
51 69
81 45
75 96
15 78
42 52
71 23
54 50
2 42
25 17
70 19
90 12
25 28
88 23
92 10
