10000 66
62 40
38 100
99 44
3 97
35 35
16 80
26 59
47 30
99 75
41 49
5 65
50 46
79 18
24 87
26 10
99 80
90 75
25 25
78 71
84 21
12 40
76 76
71 15
37 58
27 84
21 45
40 8
68 75
11 43
9 93
82 99
23 38
64 49
54 22
57 26
56 6
30 50
57 76
85 6
90 100
67 1
17 11
58 98
81 33
92 31
95 78
91 57
83 19
40 55
77 5
48 93
83 97
26 66
5 59
31 94
27 25
96 17
7 31
9 81
84 46
25 33
46 4
74 96
68 92
56 74
69 66
82 60
4 99
14 39
63 99
95 84
59 68
37 62
27 8
12 96
86 74
88 10
10 80
93 32
8 67
16 73
50 98
62 66
28 63
6 8
24 60
34 51
56 44
40 72
13 39
92 15
71 84
62 34
11 97
26 31
57 84
4 4
96 68
5 54
29 83
27 81
46 99
54 55
10 100
6 46
92 9
88 59
64 72
74 13
16 83
22 41
22 1
36 66
53 76
83 95
74 100
85 54
12 79
90 11
96 11
57 19
27 54
66 73
86 88
54 63
23 97
20 15
1 46
29 1
44 85
99 75
99 94
48 44
100 88
3 94
46 98
83 80
18 57
90 69
89 19
24 14
82 9
83 70
6 12
10 90
34 49
11 59
19 98
71 38
64 38
24 88
81 10
19 7
44 45
58 48
92 46
36 24
40 26
17 4
81 49
70 75
74 9
58 11
42 47
35 36
51 27
33 100
51 91
22 74
30 12
29 80
62 93
90 24
21 99
56 54
51 79
36 21
52 89
3 63
65 71
43 25
4 38
41 35
38 4
92 1
31 93
45 79
41 85
52 64
26 16
42 25
42 16
56 71
45 70
57 14
7 76
11 81
99 24
14 65
42 90
28 100
94 65
47 7
36 63
86 37
73 28
59 70
94 78
85 26
41 99
6 11
75 18
57 57
47 23
80 10
25 48
96 3
69 46
22 9
16 3
64 62
71 87
40 58
21 13
100 80
58 82
19 50
36 95
44 53
24 61
43 36
89 27
69 22
71 92
2 89
90 18
13 84
71 79
33 4
75 29
53 94
63 54
57 64
23 83
87 30
95 13
52 29
68 13
6 31
60 40
94 30
70 16
56 41
2 77
97 2
15 29
84 80
8 53
17 36
63 31
24 73
29 84
78 78
33 64
24 55
11 12
26 20
42 59
32 28
14 21
42 2
58 93
25 23
28 84
48 63
42 41
19 88
28 56
39 31
49 38
18 96
78 40
99 38
98 39
60 100
49 39
38 44
66 67
78 58
75 3
5 48
44 30
74 65
63 95
5 75
39 62
52 70
12 59
31 46
53 74
89 22
67 19
4 62
6 61
91 10
89 76
71 46
1 100
95 24
10 18
17 12
79 83
18 96
28 24
79 50
13 25
66 35
43 78
20 15
29 27
97 78
68 58
27 74
21 1
53 93
76 62
68 48
53 36
84 51
44 4
54 15
59 60
19 6
14 11
5 90
36 50
98 27
79 74
41 45
21 40
84 98
8 79
34 96
4 81
36 51
37 18
72 35
53 68
36 38
73 67
95 77
1 82
38 22
52 99
2 16
62 1
29 44
34 84
36 28
24 21
70 81
69 2
32 58
83 87
25 73
56 28
58 28
92 4
5 9
11 11
96 49
27 95
32 2
41 81
35 90
8 40
29 95
93 83
19 29
35 61
37 99
54 28
17 64
92 68
96 22
63 86
56 3
100 50
61 90
41 99
76 21
92 59
49 79
20 56
34 5
80 30
44 87
18 47
33 38
32 15
23 8
32 8
35 21
86 74
81 35
92 17
87 16
71 19
11 54
51 86
91 36
93 17
4 61
43 22
2 93
6 30
59 53
87 80
50 11
37 77
94 29
36 80
68 22
82 55
95 99
16 82
54 57
24 61
21 63
97 63
92 99
29 58
54 47
39 29
55 29
9 50
7 86
81 86
1 53
76 33
79 30
87 43
52 85
42 93
95 25
41 91
63 63
97 14
73 95
81 69
97 51
84 8
86 2
14 68
67 49
44 23
56 64
1 77
28 5
82 28
37 22
53 11
73 93
40 67
99 9
51 42
67 52
21 83
8 37
2 6
58 89
99 56
5 73
15 11
89 61
84 80
68 68
28 48
7 65
63 14
69 69
30 30
66 87
76 56
95 36
35 59
59 96
33 3
7 25
90 96
97 39
36 95
90 83
28 53
9 35
14 42
17 21
45 31
6 46
33 19
28 28
13 92
64 82
28 97
66 53
70 4
87 38
44 90
58 1
11 43
6 40
51 54
11 77
22 54
5 53
80 13
32 76
73 14
28 15
60 7
20 51
5 4
38 75
49 59
57 37
62 28
94 77
28 56
30 76
78 13
31 41
32 62
85 4
10 64
7 13
9 39
24 63
96 89
49 44
25 98
70 72
18 64
52 47
33 72
23 80
87 50
36 15
43 3
50 32
22 74
99 17
87 1
22 19
54 71
6 65
10 28
15 89
66 51
99 57
22 93
76 90
13 38
50 81
79 65
41 26
63 41
68 67
42 86
31 11
93 57
16 26
21 16
49 14
14 11
92 84
5 82
98 83
98 97
56 82
4 51
36 83
22 93
34 72
20 37
90 8
65 25
48 13
6 51
73 26
44 79
59 41
48 75
65 59
98 86
21 67
53 21
94 61
85 87
16 5
98 58
33 77
99 75
80 35
98 70
96 31
17 31
35 9
54 61
80 52
100 87
95 68
87 88
94 50
8 58
56 24
64 64
34 59
73 98
93 60
87 16
66 97
61 91
83 66
1 1
53 90
24 15
64 80
56 56
63 71
1 86
23 62
96 11
94 8
50 81
56 75
88 22
48 19
25 25
54 73
7 9
54 74
60 84
30 30
100 20
19 22
65 3
41 26
26 41
11 50
51 71
20 59
96 3
96 41
39 62
51 44
90 95
87 59
23 10
88 9
82 13
99 78
98 65
68 18
39 98
29 46
27 14
67 62
17 37
6 54
37 4
69 8
44 87
72 46
31 19
44 78
33 96
82 100
82 22
86 47
4 86
65 46
35 95
91 62
6 38
80 77
88 52
66 95
1 58
53 67
91 34
52 9
25 59
64 21
87 80
87 92
96 36
44 27
32 74
34 9
99 63
93 49
27 39
73 49
55 65
70 68
57 80
89 92
65 44
48 71
84 82
45 14
52 35
8 37
52 86
67 13
30 38
21 19
38 26
68 38
78 30
61 97
28 15
68 68
74 4
69 1
21 87
21 70
90 24
31 74
19 84
69 90
77 98
25 31
24 9
23 36
68 49
14 75
3 23
87 25
32 6
60 89
65 49
81 96
54 6
93 16
53 42
10 94
90 52
78 43
76 6
56 72
72 5
64 64
20 1
16 76
6 26
9 96
100 71
66 87
13 53
62 57
78 45
84 55
35 3
20 5
30 53
60 32
13 60
90 31
3 69
77 90
48 3
5 37
9 18
29 67
15 91
43 37
33 72
88 63
57 93
80 90
18 8
68 73
51 69
25 24
14 99
55 92
48 61
23 29
61 50
44 5
77 56
15 99
42 69
54 92
45 59
77 87
40 84
70 18
48 50
9 85
5 80
94 4
80 68
41 98
6 91
42 42
100 13
63 7
5 17
13 71
17 45
27 3
17 87
15 30
47 79
84 93
74 48
19 3
76 76
96 44
20 95
97 30
40 64
72 68
65 8
60 49
88 100
91 33
16 70
66 21
10 83
53 16
15 7
85 22
51 81
20 41
100 81
54 88
16 53
91 50
93 54
11 81
16 8
41 24
30 87
100 82
100 24
19 68
73 92
43 57
23 64
30 80
95 6
70 50
35 21
69 29
34 71
20 5
84 89
81 94
50 28
70 88
20 24
48 45
37 56
5 28
62 43
61 34
82 59
68 10
21 11
51 57
33 21
23 67
74 34
53 44
49 61
22 11
69 74
70 71
89 42
58 12
56 24
58 73
83 18
9 24
73 15
75 42
42 72
65 24
55 24
58 62
81 39
79 67
97 62
100 44
75 34
5 66
70 22
28 60
8 88
82 33
26 54
26 39
10 33
8 79
18 79
99 48
27 18
43 89
40 85
4 38
69 60
12 68
19 3
39 47
40 63
13 50
33 19
39 54
86 81
56 94
17 57
99 46
42 32
63 66
46 38
1 81
73 99
30 98
75 68
86 53
16 76
35 28
8 41
30 4
38 47
88 33
40 45
19 54
97 97
12 35
15 2
80 36
59 66
82 89
66 63
18 60
6 90
14 40
66 43
41 17
30 34
80 40
18 73
87 48
29 4
26 85
98 66
81 86
4 85
92 1
96 92
20 9
87 24
83 39
75 64
38 51
65 24
98 83
65 83
85 82
83 32
50 5
76 46
81 88
17 2
81 14
67 54
72 66
76 47
77 98
51 13
58 75
35 5
30 37
81 95
59 57
37 54
6 29
71 78
44 10
15 49
33 40
79 2
25 64
7 82
56 48
68 38
5 41
70 87
44 99
59 77
23 56
68 15
3 93
2 14
19 85
95 61
79 95
63 22
30 92
9 61
88 12
15 86
56 38
83 25
30 58
97 91
1 2
77 54
45 69
66 40
42 76
71 77
21 2
91 92
8 20
31 98
39 60
3 16
68 68
24 55
58 92
5 48
20 41
79 43
16 9
86 55
16 51
51 19
82 22
97 76
11 34
5 11
78 46
19 80
7 17
29 14
56 25
97 97
32 23
76 45
5 47
75 95
2 53
84 66
41 2
76 10
68 15
27 58
16 89
98 98
4 38
99 83
42 62
82 12
61 54
47 96
97 16
68 95
18 32
24 85
82 65
83 61
28 89
49 69
37 64
42 6
88 72
28 92
69 25
8 35
52 88
68 56
25 34
97 57
59 72
5 84
68 35
34 46
38 26
36 94
14 5
38 36
89 21
51 65
83 82
91 69
2 87
23 67
3 33
65 95
33 54
19 9
89 9
51 88
79 55
100 68
71 18
87 44
22 68
63 62
32 16
3 83
62 86
97 1
44 41
74 90
38 80
16 81
66 77
48 49
20 88
58 53
34 57
74 54
1 47
87 72
13 64
2 52
54 81
41 71
93 59
71 86
99 48
20 48
67 5
50 93
82 9
56 49
92 66
20 39
66 13
92 94
52 47
85 12
45 24
96 87
96 33
96 53
12 40
3 10
17 100
10 9
93 92
95 88
29 30
17 29
33 91
85 56
44 96
6 54
35 4
44 57
36 23
28 29
95 91
99 33
48 48
95 90
32 21
45 42
65 45
92 18
77 4
47 74
40 84
32 13
30 49
11 71
14 52
19 36
79 65
1 40
32 7
2 98
62 42
52 89
68 68
10 65
34 67
30 15
51 82
17 31
75 72
16 98
68 32
32 69
87 77
64 75
38 75
1 83
74 36
21 43
90 56
17 98
32 24
26 57
96 57
33 74
32 81
82 68
85 99
95 83
11 75
97 38
13 68
63 82
88 26
65 19
59 57
85 12
58 99
54 71
36 4
37 2
72 46
97 88
92 64
40 5
12 46
23 79
33 82
31 14
77 16
65 20
65 12
95 97
23 9
51 62
29 52
12 80
21 36
10 19
69 54
87 59
78 18
29 68
5 20
48 43
1 55
74 47
14 77
42 33
19 66
52 46
53 9
98 67
3 12
72 51
96 57
67 46
30 69
76 85
53 4
21 18
20 94
59 10
74 52
38 10
40 22
92 60
33 39
38 4
94 86
66 26
92 22
34 20
67 10
45 52
41 69
13 5
56 42
76 43
88 61
96 54
48 19
96 90
31 50
63 44
75 73
40 88
75 67
25 22
100 38
15 99
41 30
48 31
26 61
11 58
8 35
34 88
43 28
22 38
96 51
33 71
22 12
20 27
55 47
26 34
70 26
68 4
14 86
15 60
9 90
48 5
69 79
34 69
11 91
19 85
95 6
65 79
41 90
52 77
40 13
33 76
31 49
71 12
45 49
33 46
94 43
36 38
67 56
70 51
100 76
8 23
69 72
100 82
78 96
50 78
63 87
81 57
74 41
71 84
54 34
16 86
20 26
61 74
86 99
63 53
63 65
27 100
65 15
66 78
82 65
1 41
31 41
71 93
8 37
72 85
85 67
51 25
95 40
63 54
53 6
34 30
83 8
98 3
45 5
7 43
54 5
41 58
72 61
14 30
70 88
79 87
12 77
2 84
42 26
83 84
71 61
69 92
41 56
6 17
32 83
37 42
38 41
44 86
93 7
97 6
30 59
57 33
94 71
13 68
30 46
56 44
44 67
31 35
19 60
100 4
57 83
2 57
81 80
8 56
96 49
37 93
96 46
95 43
76 97
86 89
10 30
10 51
59 42
14 29
59 45
15 14
5 96
91 12
37 37
82 48
75 86
28 98
35 94
28 96
49 37
10 7
3 26
34 98
96 30
58 93
48 55
14 58
63 58
56 98
89 81
24 81
35 82
50 30
36 92
81 34
61 4
20 57
36 88
1 74
100 72
42 6
85 62
40 28
26 41
85 79
51 96
80 17
95 5
100 78
69 58
81 60
79 25
74 100
100 68
4 90
11 67
50 69
91 41
48 82
19 21
73 59
21 1
2 27
54 11
59 74
87 62
87 37
46 86
43 63
48 70
90 52
30 47
92 33
40 12
24 72
33 93
58 78
88 67
24 62
99 18
85 69
41 65
87 74
31 45
10 85
3 11
41 48
92 84
23 83
69 23
7 76
61 10
43 6
33 97
100 38
88 40
1 8
86 54
88 13
67 95
62 81
48 52
9 76
58 13
91 18
76 73
60 14
54 41
66 85
21 73
8 58
17 8
62 90
84 42
54 93
16 24
52 11
3 52
44 15
93 65
24 65
8 37
99 100
25 61
45 8
45 80
42 90
12 36
21 99
78 37
91 98
36 97
4 43
13 32
58 18
28 84
43 32
28 52
56 56
19 83
43 4
95 85
40 47
65 67
81 32
67 16
92 19
43 38
93 91
6 89
34 87
84 11
16 65
64 40
27 10
100 27
78 71
90 11
56 18
53 74
62 5
24 61
98 21
75 61
96 22
25 72
54 30
61 30
13 58
86 11
7 86
20 21
91 68
8 68
53 88
62 87
39 92
4 87
82 60
47 87
37 2
45 85
43 27
82 3
79 78
53 3
76 79
17 74
32 47
72 46
16 45
70 2
77 38
22 3
92 75
72 31
66 72
60 15
27 26
82 32
29 70
2 86
100 6
36 85
72 70
35 86
60 61
51 96
66 69
21 69
51 2
96 92
28 91
80 33
100 72
18 37
75 26
32 17
26 5
37 23
89 46
27 35
68 34
66 12
67 50
18 50
24 39
28 63
31 97
35 8
90 28
68 48
49 12
52 74
4 77
35 13
84 86
16 98
5 34
13 78
93 19
86 44
41 28
56 31
60 43
74 99
51 88
19 38
97 57
88 61
42 61
70 91
28 99
23 85
94 66
46 45
98 83
35 33
64 91
63 46
82 17
71 55
54 70
40 49
56 35
7 94
34 30
71 75
19 28
90 96
43 74
55 77
81 70
30 45
83 14
46 94
69 87
65 58
64 16
9 54
77 95
93 100
31 83
72 28
32 38
55 43
85 29
54 21
66 8
26 95
83 12
24 60
12 54
71 50
16 75
66 85
72 9
57 68
95 5
7 48
55 60
1 18
66 78
88 82
39 59
73 52
72 48
39 54
43 55
72 8
17 31
59 100
4 10
40 87
91 39
72 9
56 46
42 39
98 35
79 27
93 98
39 56
80 82
61 26
91 78
71 12
90 94
60 52
49 49
43 67
9 60
46 99
92 90
82 72
7 71
45 33
8 8
66 36
22 40
6 96
59 1
34 16
98 89
55 93
37 35
7 14
40 83
99 85
97 77
94 1
96 32
3 93
11 56
17 22
15 35
2 22
14 43
63 64
87 69
100 60
4 25
68 51
91 82
35 6
41 13
71 64
47 61
47 27
35 100
20 96
31 64
42 74
63 99
38 6
69 54
20 92
45 24
94 79
48 60
23 32
32 61
14 43
15 34
80 51
37 81
37 48
13 97
84 97
74 81
11 4
72 14
70 55
18 41
96 7
91 40
56 55
84 18
19 59
87 24
22 18
39 54
83 27
73 48
37 83
100 46
12 91
85 29
26 92
40 10
18 46
23 32
94 61
39 15
67 95
7 33
60 78
44 26
15 19
81 90
81 79
79 19
90 69
38 12
87 74
80 73
3 60
9 49
15 6
9 66
21 19
59 83
58 74
98 23
60 30
16 47
69 96
57 2
30 18
4 68
75 57
96 61
9 95
34 83
84 37
99 12
98 67
78 17
18 82
98 74
97 48
41 17
43 66
84 38
70 28
99 47
44 5
54 71
11 12
67 86
12 66
89 99
82 16
82 11
39 70
21 61
64 45
56 85
46 7
96 6
56 39
38 77
50 61
86 78
2 71
63 50
18 6
86 61
40 31
73 36
50 18
38 42
41 44
96 33
41 93
5 40
32 47
41 1
57 9
56 71
79 93
41 16
44 38
49 51
13 47
1 82
19 63
33 56
5 21
36 40
25 19
19 2
93 76
71 63
12 94
16 4
29 75
63 2
76 95
92 7
47 38
61 26
98 52
26 99
83 59
44 20
30 36
71 27
23 69
66 70
93 91
98 48
3 12
16 71
43 53
60 78
96 45
5 15
93 11
12 3
6 29
14 55
68 51
48 95
6 92
8 48
76 15
55 70
82 23
90 57
29 56
7 30
50 86
28 49
50 49
26 63
7 29
86 9
85 72
69 18
58 46
42 32
59 90
3 25
16 23
85 12
13 92
19 23
36 97
91 81
76 35
35 55
81 49
82 29
79 80
82 3
61 76
59 33
14 96
6 15
87 94
21 97
73 43
59 81
43 29
15 26
14 49
39 5
84 85
4 11
29 28
42 50
24 82
55 88
51 48
64 86
42 70
66 42
51 81
13 74
22 11
21 99
35 85
57 27
53 24
92 20
47 2
17 58
72 26
58 11
61 56
95 46
81 96
92 31
91 56
33 19
22 80
46 73
81 3
29 97
41 53
8 14
79 99
67 91
94 21
88 48
20 43
52 28
30 45
30 93
3 89
46 76
12 30
98 84
84 4
14 54
84 90
52 19
17 14
64 94
85 95
8 30
23 27
46 82
62 47
69 63
48 89
22 35
34 87
17 11
66 70
37 42
68 86
2 30
76 98
58 16
64 13
49 8
93 35
35 41
89 22
46 95
35 83
63 72
50 83
48 86
63 50
93 54
66 13
14 51
46 70
65 20
47 14
72 31
17 39
98 49
47 29
18 90
54 63
95 4
40 80
75 23
17 71
72 62
46 81
82 74
59 5
52 1
96 49
4 47
45 85
46 94
91 7
24 44
94 73
60 16
44 91
36 10
52 96
20 52
90 85
58 31
84 37
69 36
60 83
47 60
39 15
62 59
20 52
71 18
10 69
79 21
24 1
69 37
1 1
12 23
86 42
37 71
92 77
43 21
5 29
51 7
4 83
51 35
12 9
48 15
92 70
12 77
20 40
3 50
56 5
50 25
79 8
95 67
6 61
31 14
20 59
58 48
77 66
85 39
8 1
5 95
83 32
25 80
28 72
37 72
77 44
19 6
22 93
92 1
90 11
13 79
24 31
94 70
61 66
81 9
89 23
6 91
30 58
85 71
73 90
78 36
2 96
54 52
25 39
70 13
65 36
79 92
97 20
64 56
12 40
66 98
36 1
13 39
76 64
71 63
43 36
45 86
10 99
62 11
43 87
55 20
15 17
12 53
28 83
24 84
35 9
64 1
82 20
31 6
42 65
47 21
7 74
49 14
86 83
82 62
1 66
37 27
95 51
33 39
43 96
51 50
41 5
46 83
67 85
70 13
34 53
44 67
74 28
45 1
25 96
37 9
43 69
1 64
23 87
75 50
51 78
22 86
100 10
92 38
83 62
27 11
38 71
24 97
30 54
11 29
87 67
76 71
50 11
27 37
2 63
63 71
59 45
37 40
100 5
32 58
42 89
82 32
64 2
5 2
44 64
84 97
65 98
10 84
72 19
52 88
73 72
41 75
21 71
85 9
92 43
85 87
92 62
62 51
35 73
46 40
21 26
90 18
96 63
31 48
79 61
95 52
49 69
83 73
80 9
17 94
77 95
10 79
7 57
1 76
78 1
32 3
76 95
58 11
30 94
52 37
56 18
97 41
73 76
62 84
60 72
47 4
59 4
24 62
98 52
38 76
37 58
21 55
61 91
12 85
47 5
22 60
20 85
98 86
35 20
27 49
50 10
47 9
80 95
66 43
59 12
55 36
66 71
60 84
24 18
17 78
5 32
63 64
50 12
64 94
11 86
66 67
27 31
5 14
30 89
89 43
8 41
100 47
89 7
27 34
41 60
11 98
81 13
39 69
60 98
3 38
10 65
5 100
21 35
22 8
15 81
17 28
66 35
53 80
68 70
62 84
68 76
77 23
66 29
29 54
11 77
10 39
30 17
88 24
78 4
84 98
27 79
20 28
79 97
53 72
84 96
73 7
5 23
53 57
59 34
74 92
3 43
83 32
54 19
73 77
91 55
83 19
93 95
34 75
4 17
22 96
39 54
86 4
8 69
87 61
31 81
32 66
20 82
92 93
64 99
54 69
17 40
31 73
37 89
69 94
58 14
5 76
10 12
51 33
98 17
92 44
92 9
38 36
51 60
28 62
41 8
56 95
89 21
13 74
13 58
78 59
23 43
98 45
27 39
51 55
88 63
48 32
75 50
94 43
82 4
38 99
72 59
26 8
56 13
28 28
93 84
35 74
82 17
68 46
6 7
58 39
65 28
24 10
49 81
60 9
76 88
23 56
72 30
64 48
13 32
65 80
91 10
44 37
8 30
10 20
56 2
34 34
83 79
83 65
82 88
74 48
38 71
91 68
38 50
78 99
99 24
35 95
49 43
9 77
95 13
74 1
1 52
93 18
93 98
89 70
70 32
50 82
94 85
66 87
15 91
71 52
46 12
16 43
82 78
95 74
35 20
25 21
13 37
49 7
17 74
42 70
71 10
9 24
79 64
8 84
46 51
30 57
80 97
19 50
95 52
46 2
72 16
14 4
19 9
70 74
90 87
71 55
55 83
10 77
66 68
18 57
11 40
35 88
40 14
80 100
78 67
52 74
90 22
44 13
97 73
94 17
72 8
35 72
53 77
24 80
41 81
51 36
2 66
71 92
22 88
1 11
84 4
14 33
25 55
64 60
1 62
89 41
61 64
69 71
23 62
66 67
64 56
3 65
93 55
30 38
52 86
53 27
76 14
94 70
20 69
28 40
35 17
15 84
10 42
17 90
1 28
88 58
28 13
90 51
99 98
39 69
13 15
28 59
93 79
75 11
51 57
10 65
81 11
64 91
60 41
11 4
71 73
15 87
55 57
33 22
85 34
72 84
40 3
10 5
70 9
14 60
17 65
52 76
39 65
47 2
47 69
59 52
35 85
79 72
19 52
51 34
84 77
27 33
95 55
10 15
71 19
24 98
56 37
79 55
85 89
25 50
95 88
41 21
85 70
89 57
60 81
62 91
70 37
97 43
60 65
79 46
26 84
58 36
22 36
16 99
12 40
12 15
55 81
36 93
82 34
34 96
2 94
62 24
13 26
26 43
29 3
74 18
8 16
55 62
23 11
95 96
76 38
71 52
20 96
99 6
63 53
65 36
48 88
43 63
32 37
39 86
6 27
79 59
52 10
95 21
39 43
100 73
3 32
90 50
7 81
35 100
64 62
61 96
97 22
27 60
87 32
30 94
92 63
45 26
78 41
69 67
99 4
49 89
60 20
85 69
36 36
6 32
26 50
80 14
65 5
35 12
70 39
21 98
61 74
80 31
47 78
6 96
28 13
5 80
56 50
92 37
88 75
42 16
92 33
28 12
44 67
93 27
82 72
86 93
39 18
31 84
78 7
95 4
53 9
30 6
32 66
29 55
98 93
78 18
91 71
90 30
53 69
84 31
18 99
91 45
71 95
99 63
78 99
29 79
100 55
81 89
28 42
23 90
78 92
69 91
23 90
6 6
59 75
32 96
99 2
16 87
36 12
55 7
79 1
73 74
12 95
62 96
93 41
44 87
87 81
82 97
27 81
62 20
15 58
16 12
21 61
53 57
37 56
25 93
77 7
32 20
43 43
67 90
14 31
74 98
79 28
91 13
7 8
90 48
50 71
11 51
26 12
5 57
63 82
90 77
54 20
27 63
27 21
25 6
52 36
28 71
87 74
52 69
15 97
82 90
63 29
9 78
1 25
48 9
3 92
42 65
83 26
52 4
8 54
35 89
90 92
32 82
96 44
27 89
100 24
39 28
23 56
56 56
67 55
88 86
7 55
36 63
59 32
72 27
26 8
66 14
21 76
22 42
16 76
36 36
2 73
81 71
31 9
6 15
2 83
42 92
94 36
90 73
56 44
28 83
15 77
21 9
27 31
67 1
49 39
64 74
57 59
60 67
60 59
9 65
50 60
89 91
98 82
100 8
85 23
58 66
49 91
55 45
84 74
85 78
68 19
34 76
15 96
26 5
67 20
59 40
34 67
17 28
57 31
93 43
43 39
52 10
58 59
36 85
100 18
50 66
84 32
69 67
100 27
28 81
30 26
84 17
43 10
91 23
43 55
79 91
85 77
80 83
70 13
15 21
88 85
9 70
30 88
53 44
68 58
42 17
100 56
30 81
15 53
23 85
100 56
87 15
39 57
36 41
56 36
72 63
55 82
27 63
41 97
5 60
56 8
73 78
37 59
2 14
33 17
44 34
9 36
33 78
25 2
77 39
67 36
19 97
83 83
64 27
73 52
94 1
5 33
7 11
87 20
95 95
64 6
87 35
63 35
15 54
5 89
57 55
25 85
59 50
44 97
42 93
35 30
63 60
72 40
92 64
26 13
33 59
4 67
69 83
25 77
53 50
20 28
6 62
40 29
74 32
80 7
89 2
93 30
94 73
19 55
52 96
78 53
80 74
95 8
5 17
52 52
24 93
100 80
98 83
59 37
51 3
51 41
12 47
55 88
69 17
79 51
5 70
75 56
87 31
60 80
53 90
86 13
71 25
9 68
50 74
30 20
4 74
88 67
98 41
37 15
96 79
1 62
86 78
93 82
41 35
66 3
57 17
43 53
82 90
6 44
54 2
22 93
32 9
68 64
81 46
75 27
18 86
60 6
95 61
93 72
52 83
44 8
31 50
59 84
5 58
81 5
81 37
30 38
48 50
90 68
14 99
15 7
4 17
56 60
60 17
27 18
62 30
77 53
74 69
4 50
10 84
100 11
88 44
84 16
52 34
84 76
82 100
76 5
56 33
99 86
96 27
13 80
80 35
39 85
2 43
58 29
96 93
83 21
16 41
70 74
13 84
17 99
3 98
55 86
53 72
5 28
96 41
20 24
47 85
36 95
41 87
40 47
7 92
69 21
10 76
5 53
52 68
45 42
8 18
48 81
6 39
17 47
60 100
3 75
71 99
56 25
65 11
48 43
29 86
71 67
14 19
28 63
6 11
41 94
76 56
26 66
13 40
22 87
33 17
27 50
65 60
91 7
51 62
13 49
91 18
14 31
39 57
35 77
20 58
81 96
36 65
96 37
78 36
45 63
90 99
91 99
64 59
65 32
84 69
26 83
3 37
39 54
44 53
95 10
55 33
28 61
4 73
60 8
16 89
75 7
18 40
19 58
27 78
55 89
85 95
5 7
20 26
29 48
81 89
97 9
89 100
83 72
72 30
15 63
46 12
95 86
93 53
88 37
84 42
36 78
87 90
29 11
45 23
8 75
44 4
89 73
47 15
93 21
27 51
23 94
76 93
73 13
43 52
86 48
57 81
80 10
89 36
53 78
1 91
50 84
93 95
67 21
90 65
49 39
42 19
65 44
51 77
61 100
19 16
25 18
66 11
53 6
15 75
28 99
36 94
96 79
48 50
44 84
45 6
12 9
21 18
60 29
23 91
98 58
44 9
30 65
65 19
42 4
83 94
23 42
80 80
21 71
80 21
89 11
40 84
24 63
12 100
66 1
94 54
40 96
18 48
93 50
10 14
82 76
91 31
54 81
41 93
63 54
62 40
70 52
84 23
72 5
38 41
48 23
75 44
24 43
19 83
40 94
73 34
81 63
53 65
67 88
63 2
90 67
41 11
91 25
46 68
86 6
31 48
28 65
16 25
58 96
35 15
62 74
82 39
32 93
29 43
41 15
67 24
45 48
32 91
30 48
30 10
68 45
71 81
60 86
94 83
57 63
6 30
38 79
48 47
43 1
45 52
53 98
52 23
81 9
63 78
76 29
14 32
63 25
85 39
98 73
49 49
94 40
7 87
34 39
58 73
67 93
64 48
28 19
55 92
26 61
78 68
28 54
85 87
44 33
45 70
79 90
18 27
4 48
68 42
5 59
95 49
59 96
25 97
40 68
9 62
40 48
1 98
42 22
19 99
96 57
34 34
42 14
71 26
56 99
91 34
6 7
31 81
23 46
80 79
90 71
64 41
35 74
25 10
99 42
60 27
59 64
22 33
47 56
40 52
69 91
92 50
81 46
50 65
9 49
53 51
27 82
61 29
91 87
40 80
88 85
53 4
35 69
45 61
91 41
33 96
10 52
65 43
39 32
46 40
47 40
23 61
84 90
45 46
78 3
75 15
53 51
1 96
98 16
75 73
66 38
93 81
72 60
68 38
4 16
77 10
97 76
42 10
69 55
3 45
88 65
62 15
4 55
20 41
40 26
65 78
13 32
83 6
9 87
42 42
32 98
19 95
16 48
49 8
2 51
52 98
68 23
71 71
1 49
70 49
76 94
76 81
95 70
87 30
49 11
97 86
18 64
91 68
32 32
36 21
23 51
27 26
43 11
13 1
35 17
60 78
51 11
50 46
40 75
96 42
33 100
27 76
55 33
91 18
21 46
8 86
53 57
42 86
11 36
50 15
19 43
9 21
74 97
32 92
33 18
13 22
53 25
85 98
65 52
78 53
72 18
82 22
70 56
83 35
80 63
82 99
39 78
92 70
93 47
58 12
17 57
35 42
32 31
39 26
9 90
58 77
5 57
27 62
64 69
18 88
41 62
65 44
75 7
71 72
78 80
81 100
11 56
64 94
24 61
22 45
46 63
36 48
20 11
37 46
51 13
64 100
91 97
9 26
68 73
87 99
60 40
48 15
86 37
58 60
12 48
25 10
87 53
11 11
8 54
64 82
68 28
26 65
53 51
1 35
16 98
47 37
6 86
65 45
83 6
77 74
2 63
74 30
4 47
77 82
99 44
69 77
14 10
68 63
81 63
61 18
44 23
28 98
77 95
31 5
3 79
58 42
44 64
90 47
60 54
97 15
6 49
50 31
67 99
64 60
98 98
73 54
7 55
22 82
32 53
77 98
14 21
32 28
22 51
84 33
61 55
53 81
93 7
5 9
15 19
64 20
76 27
79 27
70 13
40 77
81 27
40 99
51 58
79 50
8 8
59 85
24 84
30 77
80 33
27 62
98 74
42 34
34 9
35 47
57 98
78 34
5 22
94 38
37 100
18 20
85 31
91 100
77 23
10 83
51 49
54 42
71 96
47 46
83 37
76 26
74 94
67 55
87 47
44 83
41 48
99 86
93 39
16 34
77 10
56 68
63 25
24 97
86 80
71 95
58 64
52 9
89 26
85 52
46 28
93 53
93 20
71 73
96 37
77 4
54 46
81 1
49 50
65 95
16 31
42 25
16 33
4 77
26 90
91 53
11 78
27 96
6 5
27 83
88 52
24 39
93 40
94 56
82 53
38 5
58 35
17 9
62 13
83 5
27 81
80 24
70 56
17 52
49 20
57 17
49 77
88 19
65 53
53 57
16 83
36 71
89 27
14 42
99 6
39 41
51 61
16 75
34 86
12 49
7 93
54 7
80 66
93 73
13 38
27 86
65 66
9 52
52 76
25 69
31 65
60 9
90 19
97 45
10 65
80 42
52 8
92 1
24 36
49 98
94 96
23 62
14 72
66 28
22 82
22 31
47 49
6 65
52 64
96 20
97 63
1 49
88 45
81 86
83 55
55 57
22 43
70 35
1 40
93 66
100 25
69 57
39 6
97 59
85 89
59 76
55 25
7 12
30 87
4 50
96 56
97 95
49 61
83 57
91 9
58 100
45 43
58 98
5 26
83 34
24 68
97 47
54 69
13 39
61 42
97 32
94 51
27 92
31 73
17 41
57 80
24 19
64 67
33 40
55 38
92 28
11 97
98 8
71 67
75 43
45 86
89 73
46 77
44 19
15 77
5 63
54 21
20 13
18 56
26 59
59 19
35 26
51 85
31 83
2 30
25 14
60 49
63 57
90 10
51 68
30 41
37 82
35 8
47 14
82 33
93 24
56 93
6 7
46 93
43 86
50 28
45 15
13 22
51 57
18 81
24 53
40 65
62 32
33 13
11 13
98 69
92 57
31 98
56 67
85 61
52 12
42 59
85 68
94 20
68 70
23 42
59 94
51 11
89 45
87 6
78 64
26 72
40 32
49 40
75 61
98 78
65 98
27 42
58 98
2 85
67 73
46 23
6 41
4 57
11 16
40 95
21 87
15 28
88 98
92 67
73 77
50 43
94 88
94 49
43 13
48 25
42 55
63 16
24 1
81 37
5 23
9 84
44 36
66 85
48 74
98 76
6 91
14 91
44 80
87 43
84 5
62 37
48 91
78 61
90 19
52 77
96 46
7 42
6 88
44 42
95 48
49 72
9 81
97 97
12 64
4 2
20 96
18 55
86 53
58 27
61 91
26 4
23 37
79 20
20 43
30 83
48 95
78 94
26 69
49 12
3 38
88 33
64 18
21 66
93 77
50 24
78 8
26 73
94 92
49 29
79 90
5 56
36 29
94 37
84 79
41 61
16 48
5 94
52 45
70 49
14 81
77 62
64 81
9 18
1 76
23 87
16 35
98 13
14 2
89 71
14 4
52 2
28 89
88 7
16 99
96 26
77 20
85 13
66 52
64 72
60 68
54 70
68 35
95 8
61 51
57 62
53 85
58 78
30 73
60 89
98 78
60 47
18 50
33 21
27 64
55 52
32 31
20 61
6 24
35 48
49 70
35 43
75 24
59 28
76 72
31 35
37 13
13 16
81 37
51 97
5 64
39 29
60 38
96 34
40 73
98 12
52 70
14 82
33 48
38 72
15 38
85 61
62 91
41 86
12 82
53 39
60 74
54 30
84 19
18 4
75 60
60 51
79 28
47 51
71 97
25 51
11 52
72 27
29 63
23 45
88 60
65 25
90 89
12 82
27 81
53 71
4 33
51 43
29 21
53 30
58 44
48 40
55 39
71 91
5 35
58 80
53 54
80 34
29 67
31 46
25 63
10 73
27 3
40 57
40 8
91 65
67 96
32 51
89 78
4 60
45 38
90 53
77 6
38 52
12 48
48 41
56 10
79 4
13 40
4 33
11 83
95 81
24 50
72 21
74 26
75 70
94 6
20 98
8 78
36 1
71 69
47 88
39 79
68 43
1 85
40 6
20 3
94 65
37 49
14 80
72 75
11 67
37 4
41 16
44 10
90 96
30 54
50 51
8 100
83 9
68 48
79 36
26 23
8 70
97 61
93 75
55 30
66 56
37 38
28 61
85 14
59 40
80 71
99 59
24 35
36 14
21 12
78 50
55 61
14 80
9 59
86 73
49 52
75 1
31 87
32 32
32 14
65 36
75 82
74 37
28 81
34 63
59 100
74 29
20 40
47 18
7 68
31 15
70 58
53 44
16 72
28 76
58 97
84 49
86 46
98 32
98 63
93 98
57 80
14 18
75 33
99 6
92 50
95 98
51 8
76 70
19 60
90 16
19 12
71 14
39 88
51 66
79 64
9 7
13 89
75 57
49 23
48 54
61 36
60 5
97 98
32 65
74 47
5 54
86 90
3 43
85 57
67 50
26 7
53 40
48 47
29 65
84 53
45 87
52 82
59 62
51 34
63 42
36 64
52 92
85 73
37 42
49 32
24 1
55 86
93 50
88 69
49 32
60 71
87 23
61 66
100 37
84 81
63 56
55 46
80 38
60 85
94 54
2 21
51 11
8 12
77 78
18 30
42 87
5 50
98 73
15 53
89 13
95 7
43 84
93 38
77 29
98 80
2 59
98 74
86 94
58 52
81 59
68 29
12 42
85 33
6 30
61 36
45 69
1 49
33 1
51 42
62 84
35 79
69 80
61 1
42 99
58 3
35 97
67 64
63 68
27 32
91 59
9 52
57 44
39 56
95 9
42 47
25 47
88 66
27 65
75 93
35 23
21 66
18 76
52 60
9 14
77 36
55 76
62 84
18 83
78 40
16 20
24 48
10 71
48 60
15 3
14 17
6 27
89 49
5 9
35 31
13 27
90 85
92 10
11 51
79 83
11 9
48 90
81 49
88 42
77 41
94 72
38 44
79 90
96 9
19 46
17 80
81 33
37 57
12 10
82 69
30 27
46 54
25 33
33 11
47 41
14 50
79 5
58 78
82 78
36 13
4 67
92 71
61 55
57 23
44 42
60 1
65 87
59 85
62 87
97 63
60 82
60 35
12 33
14 80
14 93
32 57
50 60
16 27
54 94
79 59
7 33
1 74
94 62
70 93
39 57
21 58
82 13
54 73
19 38
15 11
68 100
40 69
62 59
97 66
77 86
47 62
74 2
11 95
49 30
47 62
62 20
20 26
86 48
93 94
99 26
18 93
73 1
38 8
38 9
11 18
82 59
51 47
21 36
19 94
19 84
95 81
34 25
70 28
6 46
46 68
64 99
44 94
49 55
84 34
75 13
33 59
34 59
71 71
55 54
39 19
51 26
70 55
70 97
19 47
86 69
99 52
4 24
20 70
5 23
67 47
96 17
89 56
33 75
65 56
12 96
37 90
36 9
38 12
17 4
34 10
12 51
42 76
32 89
90 48
94 30
89 47
85 88
90 14
91 20
9 21
34 19
65 66
53 57
21 58
48 40
100 25
62 77
76 24
21 25
91 76
93 87
100 61
48 32
68 7
29 19
82 98
90 44
50 24
89 85
87 91
48 65
33 4
44 70
54 46
73 93
55 97
70 84
87 4
84 74
92 9
64 65
19 68
56 18
96 26
100 82
49 18
77 21
34 59
29 32
45 8
18 37
56 54
19 13
78 29
81 33
60 46
40 32
41 62
9 89
73 91
23 51
60 47
4 86
87 74
85 68
73 54
9 65
48 85
44 16
7 38
49 79
72 84
18 6
11 12
19 83
50 95
24 90
39 49
55 66
84 47
47 91
41 71
91 62
81 89
9 91
52 85
94 82
32 96
94 34
56 54
68 86
33 76
23 71
33 86
17 52
53 36
85 39
80 53
59 35
52 6
96 76
64 29
28 82
67 25
58 80
43 78
90 76
88 31
87 87
28 40
15 66
58 68
7 26
80 20
53 65
92 36
48 41
61 84
41 82
21 77
6 97
18 27
41 70
25 87
69 79
33 3
86 18
69 41
57 57
37 55
18 76
25 97
62 58
41 8
34 85
15 71
77 13
21 15
62 36
66 12
84 59
42 95
29 34
24 31
11 44
71 7
62 41
12 36
3 9
72 20
90 87
51 26
98 71
30 53
12 64
39 24
25 47
65 14
90 82
74 87
18 20
96 86
55 41
3 2
56 25
46 5
69 39
29 71
14 92
30 70
17 44
55 80
45 12
52 28
95 19
13 50
35 52
29 95
47 90
17 88
91 13
95 11
15 61
73 68
53 1
48 89
77 15
58 31
19 70
43 20
63 56
81 85
7 48
67 57
42 25
28 83
22 93
64 62
77 23
91 98
62 93
33 31
66 30
35 9
25 14
63 84
23 78
67 61
100 81
11 97
62 10
87 24
58 78
89 56
66 39
4 57
4 32
37 49
14 62
73 21
4 70
3 42
1 18
42 57
71 58
90 31
24 91
37 46
97 46
73 10
73 6
5 44
40 23
71 40
27 80
27 71
36 42
17 84
98 82
91 39
89 89
75 70
40 97
87 78
20 4
91 88
12 10
62 51
48 2
3 68
85 3
34 100
49 27
7 96
25 42
18 92
33 38
82 45
100 32
54 22
59 26
76 57
53 61
24 22
72 77
93 21
10 30
25 4
11 80
25 21
32 99
58 7
87 61
77 3
92 21
44 82
82 84
77 45
41 51
15 90
20 19
21 14
89 8
12 23
11 10
23 17
75 46
63 59
45 42
37 82
69 87
63 61
28 23
25 4
33 80
65 87
43 16
67 33
11 70
42 21
18 35
60 99
12 46
14 5
87 27
2 25
90 11
73 43
95 75
90 17
10 32
4 29
91 88
94 82
61 36
82 80
61 40
67 44
86 55
92 16
40 75
54 97
66 26
18 96
15 30
12 10
23 65
31 27
53 88
18 2
49 91
3 23
39 3
21 30
78 26
71 89
37 100
16 37
81 8
53 11
27 85
69 80
82 20
92 82
62 61
58 62
91 8
26 34
66 41
53 73
66 75
47 91
90 34
43 82
90 51
46 89
29 12
93 80
57 61
92 88
63 59
25 100
67 32
62 20
49 48
36 68
19 60
40 41
48 61
14 25
71 84
80 91
40 47
23 92
3 39
95 40
63 10
67 84
94 14
83 24
13 24
2 43
11 74
31 21
84 10
33 53
44 48
45 34
98 11
29 12
91 94
54 8
74 58
56 86
23 34
35 65
1 37
12 53
63 71
41 16
47 33
97 41
16 60
57 53
44 11
70 79
67 49
29 61
81 56
33 97
79 52
51 49
65 80
60 33
33 24
18 94
60 65
43 93
62 68
6 46
33 87
69 90
87 67
34 5
10 98
46 87
61 72
100 14
24 84
1 81
6 46
88 75
11 93
53 98
3 45
57 73
100 27
17 89
49 8
77 93
81 18
70 24
23 11
10 82
5 35
14 84
9 93
82 97
95 37
17 80
93 69
30 24
8 37
23 36
16 93
50 54
50 25
13 88
27 29
84 21
39 92
49 14
1 53
99 18
99 69
10 100
68 37
94 6
82 29
48 79
19 60
70 74
26 2
66 6
20 82
30 34
32 50
59 74
81 43
87 54
67 11
31 26
70 31
95 1
10 10
54 38
32 76
7 21
21 45
3 14
100 75
50 74
26 87
67 47
67 7
56 19
64 86
21 94
94 69
93 83
13 7
77 91
87 23
78 84
37 95
15 72
52 63
86 87
56 71
80 51
5 86
34 70
66 1
45 64
91 75
8 2
50 5
41 15
21 25
99 90
93 76
4 2
83 89
41 76
40 25
35 89
26 85
89 72
56 73
1 23
95 14
77 42
37 68
90 53
100 18
25 65
35 34
81 86
32 41
91 7
22 31
12 31
36 23
7 21
66 86
36 49
75 19
49 55
71 54
58 48
77 32
98 77
79 73
58 1
46 69
71 28
90 63
60 6
24 48
36 40
50 64
21 38
40 19
22 16
51 52
7 96
23 91
43 6
64 64
78 57
98 94
56 74
44 48
2 47
14 92
2 40
45 99
4 18
5 2
72 27
87 10
16 28
96 64
46 1
27 20
76 75
90 30
41 73
19 23
17 83
56 16
30 69
21 17
38 45
19 36
20 99
78 29
1 49
63 77
31 26
89 76
63 20
11 87
1 59
7 29
48 98
75 52
61 99
3 93
81 36
6 69
22 19
31 59
57 88
26 19
11 56
100 71
71 39
34 54
58 14
41 38
63 25
99 56
57 33
28 98
81 86
70 1
37 93
95 11
37 2
52 40
8 81
100 92
28 60
85 68
93 36
32 34
88 55
53 24
88 98
63 36
96 38
97 14
31 54
22 80
21 74
57 50
6 64
58 14
40 95
73 16
12 95
96 67
32 24
11 31
68 86
82 50
5 46
98 96
93 27
7 37
24 27
20 20
21 51
32 88
11 47
82 58
49 42
56 90
42 6
29 96
20 36
73 70
54 92
38 31
63 3
45 62
75 76
63 19
69 42
30 46
72 97
32 26
50 50
80 55
74 24
82 26
47 77
55 47
97 24
23 27
53 30
32 3
32 64
18 13
48 14
32 43
63 34
12 85
28 28
28 81
93 49
12 13
23 14
68 32
71 60
69 52
72 42
69 16
80 66
1 5
46 17
63 64
22 65
41 57
15 50
44 75
54 33
29 86
100 78
61 71
36 71
95 7
96 1
16 46
32 55
40 16
8 18
48 5
40 10
29 39
67 73
14 89
54 87
59 26
51 76
33 8
39 90
82 64
7 78
50 20
98 43
28 80
54 48
78 93
75 82
3 36
43 42
98 2
90 8
9 5
24 15
99 3
47 47
21 37
59 44
71 53
60 46
81 27
93 100
84 90
46 35
12 62
24 80
17 52
66 93
99 84
79 90
38 19
16 60
87 65
66 37
86 48
14 22
62 14
96 20
7 41
49 20
25 63
87 10
41 11
27 93
99 65
53 55
62 4
28 81
83 40
69 21
7 79
41 2
25 47
24 67
13 23
29 18
46 6
7 89
92 91
26 33
88 66
19 51
53 37
38 37
97 95
75 39
90 85
40 18
67 96
27 71
86 31
10 95
43 76
5 75
15 88
33 1
70 20
55 99
67 58
88 13
91 27
64 62
90 99
72 66
9 17
51 71
39 13
75 20
51 4
7 19
33 45
19 95
90 37
33 99
9 29
61 22
95 49
100 56
38 69
8 39
61 66
98 59
78 58
60 40
71 75
48 34
73 52
52 55
57 28
87 66
19 100
15 55
30 1
1 28
53 78
82 48
67 56
81 74
48 28
94 27
42 36
56 88
21 51
14 35
89 68
87 45
12 73
76 45
69 68
78 36
5 81
99 38
74 28
88 59
36 76
43 49
7 98
75 64
95 73
92 84
52 60
46 63
21 20
35 91
50 96
10 21
71 84
44 24
29 42
20 49
58 44
4 42
42 52
86 23
29 9
64 68
1 48
59 57
48 88
57 55
47 57
94 35
51 80
61 53
46 75
11 53
12 51
40 29
68 87
66 2
84 65
45 53
18 98
83 59
3 52
71 25
57 61
21 54
2 48
46 25
21 84
53 55
55 27
67 19
59 40
83 46
7 99
5 7
57 1
98 48
43 23
57 47
46 22
86 88
94 40
85 22
32 16
36 5
53 14
28 34
6 28
97 35
73 92
62 20
16 5
44 31
92 66
60 93
76 55
43 16
58 43
99 55
58 72
76 17
86 92
35 79
46 44
92 68
92 89
85 18
70 78
3 75
49 64
99 6
75 48
55 25
29 39
2 78
30 13
35 3
4 80
79 88
59 6
40 80
6 2
82 31
90 41
99 56
64 71
76 85
24 24
43 12
84 22
10 43
29 100
98 36
37 2
22 68
60 97
19 31
92 17
45 19
82 92
74 26
99 8
83 56
53 98
35 72
87 73
41 63
78 7
23 97
62 39
68 51
86 53
90 43
18 12
51 87
31 33
13 39
45 26
22 83
70 75
71 95
23 45
44 57
31 89
39 51
61 79
99 39
63 60
82 80
84 30
52 22
42 36
49 82
64 24
56 48
65 71
9 10
63 23
32 90
69 67
25 68
25 51
22 28
77 30
76 17
86 10
65 64
60 56
86 85
92 4
54 8
84 16
80 22
58 35
54 41
46 87
58 90
36 79
5 62
87 7
68 54
89 56
6 4
74 71
87 62
85 59
24 11
92 26
43 20
62 95
98 28
1 72
70 70
67 56
36 20
7 13
25 57
21 39
80 4
39 52
18 55
3 86
34 2
73 99
52 48
38 12
29 86
78 83
66 93
3 10
36 97
64 88
85 76
55 30
54 35
8 22
30 2
5 80
83 84
90 85
62 64
52 49
98 54
33 67
87 32
26 88
97 74
60 4
25 85
24 59
27 43
99 81
100 36
63 80
85 58
89 81
44 7
57 38
68 25
70 14
77 79
12 11
12 37
54 88
29 8
18 91
81 47
87 15
77 31
7 13
46 5
68 80
79 100
5 8
70 18
39 85
68 32
67 45
57 45
73 89
27 51
51 28
42 64
23 94
61 36
85 71
16 55
77 92
41 47
96 52
3 63
52 92
25 4
72 64
61 86
39 64
77 18
9 13
5 72
79 61
60 7
94 88
68 39
31 34
59 46
90 54
55 10
97 99
76 26
74 12
7 85
43 39
56 6
10 44
36 69
63 87
55 20
98 37
37 12
96 30
83 18
25 12
98 8
14 25
94 34
42 86
56 51
83 58
74 5
85 21
57 50
9 63
72 95
61 19
13 96
81 7
47 13
90 40
35 81
26 11
28 4
41 82
64 51
2 52
90 82
40 42
31 37
87 70
25 19
25 88
69 55
18 44
59 72
71 13
56 48
6 34
60 70
3 48
2 41
12 92
6 71
62 73
79 47
27 34
88 62
30 92
11 72
30 53
38 71
54 46
63 30
47 49
64 10
98 53
26 61
2 49
38 1
68 73
62 35
28 19
41 26
34 1
94 82
9 53
64 5
93 62
99 75
51 40
20 78
73 61
22 46
87 22
48 80
76 100
19 69
14 78
63 4
44 47
31 96
21 86
67 61
84 54
87 39
79 29
7 34
37 67
27 15
85 36
19 40
97 36
45 73
6 40
62 5
64 88
4 54
75 79
24 4
14 66
9 88
66 52
97 95
29 63
87 43
72 11
55 82
89 61
87 84
56 47
6 62
25 57
90 55
42 80
25 79
45 44
64 40
31 10
38 91
38 84
15 77
86 19
98 66
81 38
3 82
38 38
76 88
13 88
85 76
72 56
72 70
33 98
76 23
58 53
19 100
31 54
19 78
41 14
73 75
37 31
16 18
75 67
31 1
8 66
99 31
14 68
47 46
18 93
53 90
35 53
29 85
84 50
100 96
34 85
41 69
29 86
20 97
56 2
58 19
36 47
97 24
70 56
48 89
7 98
36 47
30 80
20 70
81 94
86 9
81 70
93 24
82 95
27 57
46 66
11 94
87 2
20 1
48 21
17 90
17 93
57 58
94 90
10 39
74 49
67 66
68 51
59 40
46 61
31 44
66 81
62 34
16 35
47 62
84 27
96 96
83 67
47 78
84 96
68 96
39 95
3 26
88 88
42 58
26 34
71 35
100 83
59 38
50 32
65 7
30 21
29 68
93 13
58 35
73 19
74 93
12 70
27 6
40 97
8 75
2 53
16 53
18 67
12 87
13 34
67 36
92 57
41 50
88 29
57 17
56 79
84 13
44 93
31 32
32 59
100 57
74 4
6 37
35 8
15 47
34 58
41 86
19 21
95 75
99 86
80 88
9 45
10 95
95 57
79 90
15 15
21 76
77 50
47 17
29 24
39 14
36 90
65 96
11 43
80 76
93 28
88 56
50 79
44 77
45 44
48 72
3 23
25 56
92 44
11 81
65 62
52 70
93 80
89 9
35 66
79 51
56 45
39 99
82 56
81 2
3 16
87 50
86 20
79 95
45 41
80 24
75 100
36 69
27 43
62 18
94 22
97 94
62 29
3 90
32 73
40 17
60 20
87 1
48 48
11 12
70 64
46 47
35 33
43 94
81 44
57 52
65 98
4 34
75 70
45 14
53 40
27 80
79 20
69 54
12 59
24 53
44 69
32 30
51 65
90 26
31 16
39 54
36 11
20 91
47 73
76 30
31 56
61 12
31 22
77 71
78 97
86 41
46 25
64 21
3 54
6 65
29 94
95 82
83 24
92 4
50 14
28 27
88 33
27 52
78 30
43 21
26 38
85 13
35 80
81 69
86 69
10 6
75 80
10 78
40 26
83 95
9 36
82 34
63 91
54 62
81 99
77 93
72 29
31 38
63 38
8 73
96 47
74 30
58 60
54 18
6 44
58 54
77 97
81 13
10 81
94 46
98 57
3 44
36 7
59 70
72 35
75 4
84 67
29 24
51 62
25 17
22 48
33 22
27 37
98 85
38 7
39 25
63 18
26 93
19 87
87 41
8 20
58 86
86 18
91 40
85 38
51 40
94 19
89 25
31 5
23 33
23 48
97 78
1 27
18 56
6 83
33 93
6 39
1 11
32 97
91 12
78 61
92 58
45 66
2 77
54 57
75 42
78 87
18 29
22 66
40 2
45 70
28 70
50 29
61 38
82 94
55 28
89 64
16 4
28 74
10 1
58 32
28 94
97 95
91 69
13 96
4 27
20 42
64 83
78 82
48 61
55 93
87 44
25 3
21 38
7 38
65 7
42 43
42 25
35 36
100 43
18 54
70 55
67 32
54 50
9 54
38 23
48 72
79 73
53 55
21 94
26 51
38 2
17 68
41 53
60 64
27 76
53 96
71 61
16 89
91 99
55 21
15 23
3 11
35 52
94 63
68 6
31 14
94 33
53 17
38 8
76 48
92 72
77 16
30 7
28 65
69 67
28 48
80 63
94 10
65 97
37 54
53 16
87 39
32 28
100 9
32 37
42 10
75 91
63 91
81 41
60 69
46 79
12 41
98 92
12 44
58 39
4 15
11 57
90 91
33 56
64 75
83 15
1 79
37 70
99 66
60 81
44 89
81 38
36 91
91 15
89 39
79 9
98 40
58 5
96 14
71 31
11 55
1 39
92 37
6 43
34 45
66 47
59 1
88 93
68 20
94 74
8 20
30 38
79 75
35 70
77 27
46 11
80 84
98 24
50 46
75 74
38 67
18 48
54 81
90 69
9 42
76 32
61 39
46 4
88 22
33 95
60 81
9 49
36 76
45 14
77 8
55 25
99 7
2 74
25 83
47 13
82 96
74 60
16 39
53 90
43 8
9 47
33 60
42 41
85 37
6 56
78 73
46 5
69 72
57 82
87 14
42 30
43 31
99 45
89 21
17 72
10 99
61 79
93 20
56 58
90 56
73 54
58 26
43 63
71 48
48 39
71 41
61 32
90 55
58 76
12 79
3 46
14 96
49 89
49 69
78 1
48 29
59 11
90 49
21 94
52 51
65 48
22 40
45 23
30 68
94 96
65 3
38 81
65 60
2 72
39 53
21 56
36 37
7 73
63 37
76 58
15 45
17 97
86 4
48 18
95 17
43 97
4 45
21 78
25 70
10 7
7 4
58 8
100 7
38 73
11 45
24 2
74 3
58 88
54 88
21 64
56 13
65 68
35 6
81 100
75 32
94 33
41 59
66 84
66 64
59 1
61 25
89 11
25 81
35 65
9 56
13 78
18 25
38 8
3 45
32 55
5 95
22 37
22 93
49 14
66 52
56 89
50 34
18 19
46 71
12 6
75 17
84 81
70 20
70 89
14 93
78 91
34 54
37 42
4 74
7 43
26 31
14 12
25 21
61 77
19 88
45 16
13 11
68 37
74 35
24 97
41 87
100 82
38 35
92 98
39 61
40 61
10 93
36 19
28 92
9 29
14 93
20 55
88 74
67 51
37 23
13 11
58 73
27 36
18 25
33 31
12 24
4 20
52 3
47 34
66 61
62 78
50 56
17 49
9 89
32 44
51 63
69 56
74 28
100 70
73 39
79 91
88 96
35 2
47 82
40 23
11 66
8 84
71 60
94 44
98 2
27 3
84 67
74 29
47 60
77 23
6 55
37 77
20 97
14 66
31 31
92 32
2 1
27 29
7 52
49 37
29 19
8 45
31 19
62 79
73 43
83 75
5 57
41 91
7 71
73 21
6 76
70 15
98 84
13 2
1 76
12 48
85 37
76 73
19 74
63 61
51 89
20 12
32 22
21 37
23 60
2 6
71 83
29 21
79 48
33 3
34 1
3 86
4 77
67 30
68 11
73 87
19 29
10 40
78 33
64 71
67 27
91 68
72 8
8 49
27 60
52 61
22 16
61 90
86 80
7 23
59 99
92 9
2 82
35 20
82 7
3 90
35 82
17 61
46 60
84 45
6 86
20 84
65 35
20 91
48 92
20 20
100 42
4 78
43 29
76 14
97 32
73 79
58 97
70 47
42 91
58 26
72 51
43 57
97 33
32 81
71 92
71 27
80 48
16 100
44 37
15 40
99 47
7 73
3 82
63 78
8 76
80 65
22 97
61 79
24 33
27 68
20 83
17 25
92 28
49 60
62 69
73 3
26 74
40 28
22 99
44 99
54 14
74 69
62 5
85 48
8 7
56 29
35 36
53 93
98 55
95 11
12 69
49 20
95 60
93 54
58 12
26 40
53 76
49 36
76 39
78 49
43 10
57 33
84 3
18 56
83 29
31 80
88 30
88 32
81 86
99 3
92 40
80 33
20 46
20 29
43 50
32 49
5 40
100 60
74 84
78 93
84 12
94 1
38 27
25 49
73 12
40 54
84 99
52 64
10 100
45 10
35 91
77 64
16 65
77 64
31 8
56 26
62 45
66 24
18 14
5 48
7 100
10 34
80 1
20 28
17 24
55 72
63 28
20 22
53 15
72 3
54 28
2 15
2 66
71 87
33 25
57 43
90 42
61 31
94 57
52 60
62 12
53 10
75 41
89 18
17 2
70 33
80 3
85 7
21 94
87 95
19 72
91 33
63 90
71 42
55 41
84 41
32 72
17 3
76 63
93 95
99 59
11 54
57 35
82 33
26 71
90 46
84 35
13 90
49 36
56 22
64 58
49 21
54 67
88 97
99 44
56 85
71 49
58 85
19 21
19 9
50 17
31 26
75 28
91 27
11 100
11 98
85 91
94 22
73 97
22 55
26 99
14 67
2 46
3 14
42 83
54 75
60 29
68 95
65 76
79 36
60 44
87 100
57 51
49 42
63 81
94 86
24 57
77 16
85 77
34 79
5 14
28 97
88 58
65 92
19 27
81 72
68 81
40 86
86 9
91 87
27 96
96 69
35 92
86 65
24 29
33 29
3 10
58 70
22 72
100 48
26 25
96 4
35 87
49 56
66 94
35 78
14 96
86 100
87 73
3 36
66 52
86 55
24 4
58 41
49 77
85 64
72 51
29 42
86 79
62 18
7 4
22 87
4 13
56 19
30 78
51 42
20 47
97 24
15 68
40 19
56 18
91 99
89 78
90 54
11 78
38 77
55 85
83 19
46 22
44 18
73 29
62 59
12 32
70 85
62 35
24 85
79 10
3 16
17 73
21 22
18 32
88 100
50 50
62 28
47 32
30 2
2 99
5 96
36 66
67 32
53 20
51 39
78 84
29 53
5 66
13 9
16 28
19 6
54 57
43 15
63 50
64 78
20 14
44 71
34 69
80 9
29 66
72 52
16 13
1 59
55 84
3 60
51 63
33 68
15 61
54 19
10 36
39 85
78 94
34 39
4 16
88 21
24 40
50 91
37 11
19 80
90 76
45 43
91 1
68 14
28 20
38 9
1 35
88 65
29 39
27 49
5 79
87 57
39 55
1 78
8 48
99 27
39 73
25 63
89 39
90 46
96 28
50 5
91 77
100 14
25 41
70 6
13 7
98 62
89 41
2 20
99 23
3 78
55 59
10 20
77 73
4 78
66 56
31 16
34 58
99 48
55 95
77 98
52 17
62 36
92 57
36 92
42 20
41 13
70 64
8 83
12 58
13 49
74 22
65 28
21 26
52 46
36 97
83 12
27 43
78 88
50 2
76 17
39 40
15 18
67 25
67 29
11 16
76 37
92 63
32 12
39 20
99 69
33 40
2 54
84 66
91 84
96 55
67 89
75 42
69 22
67 75
71 99
23 80
33 73
67 41
10 29
9 95
44 7
37 55
81 96
74 49
60 19
89 29
64 64
75 92
84 51
59 16
44 64
30 90
25 24
4 55
43 89
61 63
21 67
10 94
19 43
70 82
75 88
51 18
1 42
11 65
80 23
87 54
35 56
23 54
71 89
24 26
97 96
16 19
8 41
75 39
59 86
56 16
22 39
39 56
30 21
84 33
15 15
23 56
3 93
16 72
92 29
28 80
50 66
69 84
58 59
37 74
90 79
54 67
12 17
27 73
58 82
76 46
13 98
45 56
44 19
85 98
69 10
94 98
77 12
81 15
56 20
91 46
64 69
32 3
55 3
36 54
81 88
89 21
84 57
10 65
43 96
47 92
69 46
70 83
80 63
28 88
84 30
73 90
15 57
99 71
4 17
75 16
60 26
61 69
61 7
85 73
87 28
74 8
94 86
91 55
15 33
85 76
31 70
28 83
57 87
64 62
47 96
74 91
12 53
17 96
35 72
83 89
55 58
2 50
45 52
15 63
17 46
32 10
89 28
60 80
20 35
66 36
23 30
15 89
29 20
96 75
30 36
18 82
11 70
82 72
2 29
92 57
60 91
99 19
2 15
1 29
68 90
26 85
72 74
27 45
30 22
19 76
63 7
42 54
25 39
83 64
21 82
76 26
65 58
47 23
30 31
27 37
21 69
8 52
88 69
71 95
72 48
91 60
79 71
41 43
22 36
77 97
17 42
28 33
81 7
20 84
83 54
72 56
96 95
91 43
15 49
79 56
17 51
84 100
85 35
18 96
44 72
13 84
63 26
52 62
69 58
66 65
17 50
16 23
44 52
18 95
18 29
81 6
43 90
25 13
1 76
5 39
58 52
2 80
64 25
5 90
92 54
28 43
3 97
68 65
63 3
41 82
9 17
55 87
6 73
60 11
84 99
76 50
76 41
90 52
6 33
64 43
57 34
89 93
59 63
92 69
37 12
11 89
1 98
20 73
25 77
39 43
19 38
70 96
58 86
61 4
65 9
35 96
42 97
25 45
58 34
75 30
26 2
8 1
36 35
75 62
60 85
52 9
54 1
51 88
53 19
40 32
69 69
58 91
41 68
52 73
47 26
21 92
34 71
89 58
32 6
40 40
72 96
11 73
15 7
93 74
8 5
30 86
18 38
91 5
53 91
21 83
52 5
19 42
24 81
66 20
57 30
54 51
100 22
74 3
73 98
67 96
39 100
1 79
31 14
1 23
19 3
68 66
61 86
65 69
52 46
47 84
72 11
17 49
30 68
57 84
40 56
67 99
21 73
60 40
42 82
69 94
20 62
71 100
38 72
94 9
81 11
100 98
10 1
65 61
62 70
35 94
53 37
53 15
5 76
27 53
100 82
40 54
35 81
19 44
81 54
53 81
90 100
72 73
24 62
53 86
11 12
45 98
73 13
68 89
24 23
18 69
96 30
54 4
98 54
39 68
45 21
13 58
34 88
43 37
97 4
85 61
25 19
68 9
12 71
18 27
35 26
96 80
14 13
24 48
24 32
63 4
62 60
64 12
84 71
60 56
10 57
21 27
78 63
11 89
24 30
22 8
33 17
42 14
59 99
64 43
70 42
83 95
66 9
47 55
98 19
35 78
1 29
96 27
29 93
88 2
33 81
69 49
52 63
43 60
20 81
55 76
91 94
2 11
63 1
33 26
59 26
82 6
31 47
64 45
97 36
61 22
51 87
68 1
58 14
19 9
2 45
14 16
99 7
71 15
91 6
80 69
76 23
90 67
76 97
7 91
95 10
25 22
44 82
82 42
2 45
68 24
80 68
28 47
58 95
75 70
99 51
35 57
49 18
86 51
63 63
28 46
10 24
47 29
3 77
82 29
11 38
46 91
99 49
45 15
69 44
74 15
67 19
87 41
61 76
88 24
47 69
16 66
13 33
35 52
42 54
74 14
48 13
46 46
16 23
4 22
14 98
98 19
95 22
9 90
64 39
55 75
71 32
8 52
23 49
23 73
1 39
59 97
46 68
61 90
46 28
41 95
77 24
31 67
70 56
47 43
93 94
4 14
68 25
18 4
6 7
88 13
80 37
34 92
85 30
93 53
22 60
93 18
45 66
38 99
65 63
1 26
63 76
66 100
51 90
28 64
19 39
38 48
63 37
91 18
23 70
94 82
29 19
83 29
45 57
14 73
72 35
85 51
69 57
63 70
88 49
83 17
32 93
3 98
98 49
38 5
68 51
42 66
22 21
23 30
26 4
39 47
75 62
72 23
47 38
47 54
40 95
30 63
33 14
22 43
49 46
57 21
76 76
92 67
79 19
68 74
28 69
67 82
58 13
76 21
22 46
63 61
92 36
68 98
45 24
10 40
59 41
7 4
29 18
94 55
97 98
70 34
80 96
34 55
15 50
94 25
96 20
64 33
42 24
2 25
9 6
39 84
81 89
8 22
83 96
65 99
4 96
81 40
1 46
62 63
24 8
8 94
83 64
1 84
94 11
73 95
61 69
100 71
55 81
89 13
90 86
71 65
26 18
66 62
40 44
7 39
51 22
94 4
29 35
67 74
89 38
71 64
99 91
49 42
64 29
17 58
50 90
14 94
100 30
6 91
50 29
47 8
21 64
40 31
67 24
82 55
30 93
72 81
22 30
1 50
51 67
12 18
44 66
95 87
86 6
62 67
37 53
22 53
10 7
96 88
91 71
44 94
12 13
73 39
89 9
4 1
75 26
16 1
59 81
23 70
59 65
4 20
66 68
11 2
14 19
30 89
48 68
19 78
81 65
16 74
56 75
44 50
14 52
81 83
27 68
76 38
89 70
10 93
93 43
13 66
39 67
69 54
29 64
12 85
15 58
36 46
73 44
68 24
29 3
24 17
55 36
95 62
77 89
14 92
95 34
84 81
39 77
9 17
27 20
84 35
26 62
52 55
16 69
14 95
12 3
42 47
90 98
74 58
54 23
84 11
85 53
48 36
83 21
47 39
31 62
68 69
13 37
42 78
7 75
62 68
56 90
50 24
94 19
74 16
61 38
76 36
59 74
21 81
89 92
35 27
29 29
84 41
73 62
98 45
74 80
71 53
28 67
88 86
6 98
9 91
4 24
18 23
51 84
1 4
28 56
24 95
19 9
57 81
31 43
3 95
23 4
87 36
24 15
92 16
28 78
79 10
42 23
13 46
84 54
84 68
65 14
60 73
42 88
1 95
50 55
85 65
54 71
35 84
19 35
88 13
86 12
58 70
9 77
6 73
59 91
40 1
14 37
75 31
42 19
29 36
50 15
44 26
34 93
83 1
57 55
78 33
32 19
70 93
71 52
47 65
99 6
19 56
23 74
60 95
7 69
54 91
36 34
67 64
65 50
38 70
40 30
1 51
19 45
6 60
45 19
14 99
56 51
8 33
36 74
41 9
77 50
37 83
17 29
98 4
61 16
75 39
49 13
87 51
18 39
32 96
99 87
84 71
51 66
78 24
27 12
50 27
96 31
23 9
92 35
66 5
52 8
80 54
49 74
13 66
8 94
24 97
73 9
70 37
3 12
10 28
35 22
47 51
63 38
13 86
79 47
55 25
89 65
55 88
40 74
84 58
37 83
56 10
47 85
42 48
11 91
67 28
56 35
66 24
48 38
88 50
54 18
30 82
26 81
61 45
39 19
63 54
68 86
44 8
68 76
17 8
99 7
5 74
91 73
55 13
2 7
93 29
34 80
25 46
52 25
77 32
88 39
72 65
29 46
54 34
13 39
19 45
69 2
93 38
89 90
78 16
92 67
22 57
52 9
5 99
10 6
4 13
46 97
20 47
6 46
73 1
12 44
52 99
36 78
10 35
6 48
94 23
42 43
87 77
66 86
8 84
51 37
98 89
46 71
51 79
17 51
21 29
36 100
24 3
64 5
76 16
33 33
20 12
54 90
63 27
54 37
19 76
89 15
21 96
20 66
91 11
85 11
79 59
8 57
76 68
43 99
39 6
44 91
3 86
73 83
36 49
33 14
30 45
19 2
92 88
77 89
5 100
10 42
43 80
64 59
84 81
57 56
82 39
18 36
41 36
86 51
65 2
84 90
74 65
85 11
81 96
34 57
44 4
84 23
6 39
56 87
57 65
74 51
56 70
39 30
44 12
41 43
90 2
98 64
6 31
4 8
47 92
18 49
33 46
76 59
55 37
11 8
31 75
60 96
59 50
69 97
5 99
11 1
63 88
87 72
30 43
90 88
8 75
15 40
65 57
63 94
1 35
47 6
70 37
20 33
41 99
19 55
57 6
65 34
96 59
2 53
62 33
60 70
23 92
95 60
93 34
16 2
57 99
69 68
73 10
18 49
37 96
48 17
8 43
58 83
16 74
55 53
23 26
19 4
7 7
31 54
38 34
92 25
5 97
49 66
76 39
55 22
87 44
7 4
63 26
69 69
54 97
5 52
95 7
19 87
55 17
21 30
37 89
34 72
87 43
20 68
77 22
94 93
12 59
8 63
14 20
41 78
38 10
93 98
19 61
31 70
57 53
68 38
54 3
60 49
80 45
97 72
93 78
60 65
33 62
89 65
96 97
53 8
56 57
6 10
37 17
72 32
46 12
97 23
76 69
42 64
46 15
37 99
4 90
72 20
89 68
17 7
59 98
52 64
1 28
12 76
23 63
13 17
19 26
12 25
55 2
48 5
61 84
78 28
59 25
56 50
22 21
56 89
88 97
38 29
56 43
74 21
16 68
27 41
65 90
91 22
58 45
21 37
61 10
75 59
67 95
37 70
20 27
25 15
99 50
81 2
64 16
3 74
69 74
70 83
22 92
61 34
42 91
40 82
31 4
35 3
75 22
10 47
89 44
83 63
84 39
89 12
41 87
28 51
41 27
100 80
44 49
22 85
23 36
14 81
22 82
87 40
17 95
94 67
63 85
29 33
54 18
69 32
88 7
99 66
15 43
36 84
85 17
41 84
64 97
79 41
88 79
11 43
5 2
50 17
39 91
58 47
47 8
44 17
16 58
70 97
1 6
28 71
61 23
13 24
35 98
94 14
37 19
73 40
33 40
84 64
18 99
22 58
20 84
10 37
88 41
41 83
15 12
7 33
58 36
83 48
80 83
32 1
1 83
92 99
86 81
61 76
88 35
72 53
71 83
57 1
57 80
31 70
53 10
12 32
5 46
8 12
11 23
17 25
86 38
33 19
84 90
82 15
23 94
14 35
61 30
3 48
70 53
36 60
20 36
22 4
6 79
23 33
81 52
73 15
79 1
51 72
32 88
4 20
16 66
37 91
21 11
11 91
77 71
38 63
22 54
34 12
39 90
83 20
24 86
36 24
98 70
37 54
49 1
34 86
58 28
35 19
28 69
2 23
61 23
35 11
46 5
78 47
73 62
7 33
82 34
38 33
83 90
55 10
99 12
3 100
79 95
19 52
69 64
20 42
9 48
9 59
43 14
34 12
8 35
1 53
41 76
85 94
35 1
84 56
48 65
78 4
40 45
52 70
15 52
36 33
47 43
95 47
9 39
85 48
99 74
29 14
69 30
30 75
24 10
42 72
61 27
13 41
70 54
2 77
64 67
58 74
83 33
7 29
64 2
22 53
11 81
94 28
70 48
81 23
98 18
91 54
27 1
98 51
5 16
10 64
57 2
12 60
27 60
5 23
7 76
36 100
99 22
93 100
3 2
47 3
48 33
100 81
11 4
2 37
5 50
56 29
15 6
7 87
98 32
9 12
18 85
36 77
20 74
47 60
47 57
99 47
96 40
55 59
6 83
81 67
24 7
15 4
76 54
10 21
68 42
99 28
81 72
77 31
9 37
89 65
29 77
68 63
36 53
82 70
37 80
19 83
88 67
85 43
67 40
92 62
6 36
77 78
85 19
84 16
38 1
86 47
56 85
51 25
8 65
68 56
8 93
49 12
23 42
86 95
33 10
68 58
66 85
53 36
41 4
84 85
27 76
5 73
21 41
32 59
42 38
38 27
51 94
96 67
7 9
46 38
8 70
39 77
23 100
9 65
67 3
87 55
18 33
70 30
58 85
89 99
16 97
64 29
36 14
99 55
79 73
20 10
50 60
82 60
57 81
64 45
78 37
89 44
43 80
26 88
73 84
95 49
15 6
29 20
32 22
24 4
44 72
26 21
7 35
45 60
70 70
79 90
98 32
47 79
80 58
97 83
69 91
69 55
72 2
47 66
19 36
73 99
19 70
66 67
65 30
23 76
9 84
57 100
2 26
88 71
55 10
26 10
41 46
95 1
75 34
1 87
77 36
20 50
29 31
92 43
66 61
19 47
90 81
65 100
75 2
42 26
71 60
49 78
62 24
11 37
95 43
25 66
70 39
61 16
24 11
88 38
90 17
44 68
50 22
29 85
2 23
58 12
82 76
87 70
52 37
31 6
63 97
34 14
39 92
58 57
17 19
44 70
78 35
5 5
44 33
47 53
31 82
79 1
70 66
91 67
10 7
23 76
39 63
74 44
68 17
49 81
83 6
86 91
35 88
38 54
58 74
48 63
90 46
73 11
85 88
88 40
41 75
3 30
75 65
32 81
95 26
62 97
81 72
51 22
92 92
82 46
76 76
34 25
10 87
28 76
86 54
10 90
89 6
11 96
25 22
89 92
92 88
24 3
20 54
39 55
8 73
53 42
15 43
27 53
89 97
24 37
9 38
61 86
58 2
69 21
85 67
70 91
67 86
87 76
62 83
41 16
41 56
78 62
45 1
74 54
2 26
83 98
25 75
24 75
34 23
82 57
4 66
73 76
22 46
98 76
39 10
47 28
43 87
3 51
56 32
20 81
99 35
11 28
31 63
9 46
91 39
30 10
53 43
82 36
97 29
95 20
53 45
100 8
29 74
24 45
53 78
1 42
6 69
97 63
63 51
90 63
29 45
11 26
53 2
57 94
93 39
24 27
9 18
74 3
88 34
42 69
89 12
55 2
23 38
9 27
21 98
20 36
26 42
6 91
57 81
27 2
85 54
33 15
9 10
68 60
58 60
60 1
10 42
70 79
70 36
42 66
40 17
1 40
49 91
32 52
4 79
64 1
13 4
94 9
29 22
94 40
48 3
8 27
41 10
4 25
63 18
9 28
16 98
100 3
83 64
27 13
20 32
92 53
43 18
16 24
5 61
86 48
23 11
78 79
58 12
6 26
12 10
42 6
39 7
18 40
29 95
65 74
62 10
18 20
24 93
33 16
50 46
68 58
86 100
97 97
42 55
74 54
98 73
80 37
77 30
45 97
57 2
86 31
83 77
34 55
85 30
36 15
92 66
58 69
65 78
41 85
86 1
89 73
80 77
59 28
83 36
98 83
10 32
69 62
50 42
15 71
42 90
8 83
41 13
73 51
79 1
62 21
55 23
16 27
83 20
93 13
21 38
72 18
69 56
16 25
19 86
56 46
29 17
38 45
18 64
95 87
56 66
40 29
54 70
48 39
41 41
63 57
79 8
50 74
81 91
5 78
83 53
63 26
8 45
19 24
25 40
29 56
54 19
94 16
66 24
48 48
80 56
69 35
76 18
95 99
99 69
75 75
76 34
44 25
35 66
47 88
51 75
99 31
94 46
22 9
62 88
46 91
77 24
80 41
69 35
57 60
14 58
43 5
89 55
80 65
84 56
65 7
92 12
90 26
66 32
43 71
50 15
92 89
11 8
2 92
17 46
88 78
47 68
93 20
80 63
46 83
93 72
64 54
32 11
23 20
65 17
10 59
17 98
9 92
6 95
47 1
25 5
87 83
49 1
85 76
12 44
35 40
44 1
87 14
96 7
70 25
24 17
28 2
21 31
7 48
86 94
16 100
97 79
83 86
23 56
29 41
16 56
22 64
100 57
60 46
23 37
17 41
47 40
54 40
100 66
88 100
7 11
15 22
28 43
94 39
91 19
72 45
99 66
41 28
1 53
92 25
29 69
23 86
36 91
42 21
27 80
51 99
71 86
98 42
21 40
36 2
66 74
15 60
27 13
35 72
18 49
61 74
74 65
80 11
73 45
85 4
37 40
89 86
34 72
18 22
83 91
46 12
11 63
10 25
80 27
14 17
92 7
66 68
46 75
82 79
50 86
100 51
7 13
62 49
70 61
36 70
52 37
41 87
3 21
49 33
91 42
10 52
58 69
12 71
34 55
50 33
73 92
87 44
100 62
41 39
23 53
92 59
21 46
96 46
20 86
69 17
40 35
53 36
26 33
10 19
58 53
95 80
92 52
72 30
91 20
92 70
76 9
72 45
65 29
99 48
66 2
15 8
60 82
11 78
1 63
9 54
86 42
75 46
40 82
27 87
85 59
58 74
92 73
96 97
11 68
25 95
97 38
37 57
58 65
7 75
7 65
51 53
99 34
6 54
69 67
15 12
48 24
91 2
75 30
60 63
35 13
78 2
30 66
50 22
21 96
98 9
38 77
88 35
31 88
39 16
43 90
67 38
19 2
68 63
28 50
65 70
54 42
79 5
34 1
40 71
8 9
4 32
92 20
85 44
15 30
37 32
33 83
2 100
53 55
24 49
10 17
89 20
74 33
74 68
12 9
43 19
53 96
64 68
87 18
100 33
54 83
92 30
30 92
89 82
45 52
91 94
36 42
11 71
10 92
56 36
77 45
56 84
77 26
44 98
78 12
25 68
39 60
32 41
13 42
90 67
76 93
65 28
44 23
91 73
63 38
47 57
96 96
13 61
6 80
5 6
53 51
72 64
7 100
85 54
96 35
10 17
48 49
27 33
53 73
73 25
53 57
38 18
26 71
89 45
15 20
93 64
89 6
86 79
69 76
87 86
14 89
66 2
91 68
10 55
75 65
19 78
17 17
21 85
81 45
46 46
35 26
75 49
79 29
85 53
95 20
82 25
14 47
1 36
54 13
74 87
58 15
80 82
81 60
21 81
78 67
36 11
16 67
54 88
44 14
92 93
28 95
79 95
77 27
14 56
87 31
4 74
94 40
72 39
77 95
54 82
30 41
80 75
25 93
10 17
89 41
65 100
13 15
10 57
84 41
16 61
60 7
57 74
1 85
85 52
19 88
88 25
66 8
35 31
50 29
83 5
14 12
17 61
48 73
4 65
15 51
72 44
12 62
86 41
72 86
7 19
5 9
18 86
87 86
20 31
5 18
72 25
14 64
15 26
49 64
49 19
95 66
52 55
8 40
93 49
96 51
52 25
22 47
15 21
86 54
50 8
55 53
99 2
55 71
42 58
37 2
10 80
11 97
80 5
15 36
77 55
65 30
71 50
15 89
45 51
47 17
58 63
99 45
49 14
57 47
49 43
67 9
98 35
85 69
19 94
82 11
55 30
54 60
45 88
89 15
65 43
5 86
81 75
82 95
29 59
98 100
32 39
85 95
66 51
24 78
100 74
41 14
71 11
62 75
18 70
7 44
9 50
31 55
55 89
73 21
95 15
4 29
79 47
40 27
55 6
91 3
74 15
21 76
68 66
75 76
23 67
35 34
16 22
33 64
84 6
53 4
96 32
42 2
19 11
51 13
44 23
48 31
16 50
24 67
15 24
24 92
89 13
58 71
13 11
51 40
59 69
92 15
10 36
23 27
92 57
10 71
35 62
45 28
10 100
11 1
80 96
97 93
25 12
85 25
72 15
5 42
80 39
81 4
25 63
34 90
98 52
96 20
82 90
52 55
88 69
85 69
54 84
14 78
49 29
64 1
64 80
27 20
56 23
91 60
3 91
46 42
81 81
64 82
99 89
72 68
93 38
49 65
38 8
44 52
64 96
2 35
53 37
45 30
92 16
81 73
35 70
61 85
44 31
2 79
51 45
33 88
40 7
72 88
100 75
15 17
25 36
11 42
50 4
22 88
53 30
79 47
30 19
54 5
85 78
62 39
77 49
71 87
60 99
33 42
23 18
40 67
50 13
21 49
56 11
3 46
73 58
5 64
37 52
76 3
41 57
60 76
51 43
16 28
82 77
12 38
35 8
37 60
28 90
34 44
12 46
67 39
85 9
76 51
82 49
83 51
37 14
47 36
9 8
4 94
50 1
17 49
16 70
23 65
10 25
14 12
16 87
4 29
12 85
85 91
56 64
5 6
60 5
76 84
51 25
98 4
39 2
57 29
59 33
7 94
83 9
50 19
68 57
91 50
65 12
13 52
75 26
61 39
84 34
1 56
35 20
3 63
32 64
63 3
18 13
97 12
89 37
6 44
15 93
39 19
68 16
63 19
61 66
19 1
60 59
62 64
37 38
94 97
30 18
56 75
55 71
50 94
57 76
78 29
83 95
2 8
8 31
56 28
75 68
7 18
48 39
32 68
78 17
89 38
61 50
73 47
78 77
8 60
16 51
70 62
40 22
45 99
6 31
75 20
45 15
49 88
68 97
100 94
42 44
14 66
58 19
26 9
33 66
45 12
18 72
43 64
87 73
39 92
59 65
12 92
82 88
27 35
82 44
35 42
93 5
90 92
50 3
44 59
37 36
68 40
90 63
1 24
5 40
30 11
99 19
54 85
85 4
35 1
42 39
15 38
76 99
68 48
90 86
72 27
1 18
100 20
33 10
90 68
74 69
5 97
75 93
13 60
53 29
44 29
17 86
66 79
42 20
40 33
48 7
25 11
46 88
47 4
38 54
40 15
33 76
52 86
36 55
50 22
97 76
17 80
36 80
30 38
76 28
13 81
18 80
32 57
81 71
2 46
95 65
95 2
62 20
26 97
64 54
81 12
75 61
94 77
72 99
98 69
87 87
69 50
44 15
15 37
5 4
19 42
62 90
74 29
77 3
58 76
93 94
54 29
43 65
13 9
51 8
77 41
27 8
65 71
71 14
3 79
69 5
72 66
2 81
94 76
66 8
14 9
11 45
19 65
26 99
5 99
52 24
79 48
37 64
99 62
63 54
57 89
84 89
76 90
76 81
94 50
23 13
53 71
11 92
14 74
69 50
77 90
27 14
42 94
63 19
91 76
90 59
77 22
78 84
7 27
22 24
60 85
13 7
44 93
80 68
67 26
99 65
96 97
10 73
40 97
3 93
7 100
29 69
39 56
61 85
23 54
100 61
83 80
78 63
49 33
43 95
84 69
38 75
77 36
22 40
6 78
39 87
50 70
16 49
3 49
40 40
63 27
98 30
78 30
86 6
99 28
44 100
45 53
31 20
77 84
79 59
44 59
10 92
67 19
37 94
79 56
53 58
57 31
91 91
75 55
79 4
92 16
29 4
78 30
71 95
49 72
90 22
74 3
39 48
81 37
98 41
30 94
97 41
7 68
59 38
8 72
49 6
82 21
57 24
57 38
80 97
59 59
95 31
61 19
5 95
99 55
42 1
19 3
25 9
59 21
13 95
9 27
14 60
1 84
41 83
57 24
92 85
81 91
63 36
81 62
17 83
18 31
38 11
99 99
95 11
97 26
26 64
16 19
1 59
36 19
10 57
33 37
19 85
49 28
18 45
50 56
28 10
48 33
60 98
39 96
49 98
74 76
34 35
96 50
19 41
90 15
44 62
3 63
13 87
17 69
62 49
90 34
14 38
97 71
13 56
84 28
58 86
34 89
62 52
83 63
97 6
20 23
46 33
36 81
77 11
11 5
81 90
85 79
90 38
2 10
61 95
38 82
78 18
84 13
10 1
61 20
22 95
36 97
11 68
47 72
53 32
58 6
23 62
59 29
91 8
31 62
37 19
89 17
95 16
66 100
26 13
28 47
30 82
89 54
15 82
40 56
87 10
68 26
61 28
58 66
5 48
80 90
7 19
64 89
8 36
87 86
33 28
100 6
2 88
64 85
4 29
95 12
89 20
67 44
31 58
64 88
65 46
18 91
69 100
3 96
95 94
13 46
34 95
9 98
58 40
30 36
68 97
6 68
92 94
62 41
68 57
86 12
6 88
3 19
100 50
76 22
39 71
100 92
93 86
2 97
47 70
28 48
40 62
65 98
86 62
19 91
58 58
71 59
52 22
4 54
50 33
27 23
3 64
19 74
71 29
66 99
5 36
47 80
24 23
38 53
36 64
77 89
49 14
88 32
24 1
18 50
62 13
86 15
83 17
2 17
20 19
70 17
17 87
87 14
90 25
99 12
32 77
39 17
72 73
23 27
15 69
31 64
73 99
2 12
92 4
94 28
28 88
53 6
24 76
67 97
89 56
21 67
60 37
58 44
85 33
27 97
63 43
43 92
26 36
31 2
14 95
90 50
34 23
55 70
80 45
92 52
35 67
31 68
2 69
14 83
46 62
3 21
20 36
95 15
69 76
100 85
48 36
36 37
65 91
18 82
49 69
74 3
3 44
23 80
40 37
41 27
60 63
51 38
6 4
51 56
80 66
59 32
57 13
50 65
65 35
15 54
23 26
35 93
92 16
57 60
72 51
94 58
12 12
69 60
41 86
47 18
29 96
62 34
96 93
18 61
42 71
35 67
53 30
96 83
27 79
31 86
78 48
68 65
9 89
63 89
50 76
82 49
79 18
74 65
19 3
80 49
49 100
32 61
76 45
87 78
8 90
55 96
22 88
63 27
32 31
28 86
87 60
21 5
9 5
92 81
45 4
100 87
21 55
51 11
9 52
13 61
15 96
71 4
90 68
30 63
33 98
53 81
11 62
59 79
99 88
76 64
35 87
86 86
95 49
69 77
74 35
79 93
96 41
1 4
31 60
44 94
31 33
71 90
87 94
56 4
39 93
44 79
84 78
86 58
98 57
84 32
8 20
64 68
3 62
61 3
73 36
92 36
69 32
87 47
92 85
44 57
46 15
48 40
29 30
82 72
26 90
39 87
97 34
85 82
50 45
63 80
18 62
72 96
69 47
67 7
17 96
74 85
82 33
47 81
36 69
5 22
1 16
6 77
34 92
16 87
75 13
56 54
61 16
43 23
80 92
2 29
32 87
88 13
23 17
21 71
26 84
82 5
1 2
89 5
75 47
22 39
16 65
65 46
53 60
69 66
47 32
70 41
6 51
87 78
49 28
87 5
55 63
66 59
37 86
75 75
95 47
53 66
11 67
82 39
62 8
65 93
72 90
50 56
36 75
33 98
83 75
11 21
70 10
60 6
87 36
7 81
84 51
10 74
58 19
86 95
88 59
59 88
6 37
73 96
28 37
74 49
51 46
85 35
71 84
48 58
34 45
83 95
76 61
47 28
56 57
31 35
31 30
19 34
55 3
26 54
25 93
67 50
89 27
35 77
100 23
86 18
96 10
5 38
82 31
21 48
39 61
31 87
61 28
80 31
7 24
2 58
21 51
53 3
83 27
98 43
86 97
16 1
61 90
58 41
56 49
80 89
39 55
42 55
77 16
86 28
59 33
90 23
95 4
93 14
89 65
30 93
82 54
25 78
77 84
46 7
15 90
41 96
6 60
78 42
95 17
22 68
82 82
99 97
19 16
77 13
70 36
24 53
69 58
45 76
56 24
89 19
88 55
58 93
62 94
16 78
96 74
53 66
4 68
9 83
22 33
58 6
70 49
14 72
70 99
8 60
58 29
26 58
60 84
53 58
74 7
75 66
72 93
12 12
85 73
94 93
47 14
41 25
81 1
10 20
80 57
94 45
86 5
75 71
43 62
52 2
28 40
61 56
74 41
94 61
88 96
69 23
9 96
45 36
98 99
68 93
32 76
63 52
86 95
85 56
65 58
30 97
8 98
32 40
31 97
37 49
79 74
90 19
64 33
58 82
39 16
66 31
69 36
61 77
21 38
76 16
66 4
53 94
60 70
68 38
37 85
46 66
92 13
28 46
18 29
78 44
37 80
95 56
19 46
78 79
10 68
47 72
22 96
49 15
88 39
47 49
31 68
27 86
13 65
72 51
87 56
31 51
50 10
67 94
2 32
32 65
56 17
79 59
16 27
55 97
85 23
2 32
27 72
72 25
28 55
59 78
98 4
8 59
2 61
16 20
14 4
63 84
84 86
58 51
15 46
6 61
52 20
41 43
89 71
4 8
26 46
6 94
58 34
4 53
23 68
73 52
66 50
70 62
52 71
58 14
23 90
4 38
44 16
83 14
99 7
82 6
63 9
33 74
17 5
70 90
95 29
35 79
47 14
32 90
43 57
23 29
68 23
73 61
8 25
9 23
87 38
61 73
6 83
55 11
40 97
36 1
83 79
85 100
97 19
75 48
14 86
65 47
17 3
50 94
90 27
80 21
37 97
42 57
92 49
8 82
66 73
5 17
59 77
77 3
23 7
40 78
73 82
32 59
86 69
77 22
45 81
91 32
23 89
22 84
55 87
65 99
31 99
44 86
53 43
90 26
61 44
76 72
88 2
5 44
37 61
3 66
83 53
74 6
66 39
6 85
64 26
86 85
33 7
96 92
68 83
95 37
92 22
28 54
95 95
84 22
95 21
83 57
31 67
75 13
98 60
26 80
83 13
90 86
62 21
84 82
22 59
34 4
95 16
46 15
45 22
75 54
49 99
43 29
72 16
28 14
61 50
58 93
77 40
84 91
97 29
92 6
14 67
7 34
58 50
72 54
89 7
85 59
68 22
68 50
73 3
26 8
64 83
3 13
66 36
25 56
1 47
9 4
1 41
40 100
77 80
50 55
45 5
1 100
70 46
32 19
72 73
13 9
9 65
51 25
31 90
88 72
27 35
28 84
100 93
42 3
74 78
68 3
88 26
75 30
23 35
80 35
16 49
79 56
12 1
63 54
39 57
54 19
34 13
99 20
26 22
84 87
61 40
43 17
3 72
86 67
45 29
44 85
35 69
60 44
42 35
81 89
20 99
56 65
70 47
47 71
3 60
75 61
18 82
57 98
51 63
43 55
48 31
64 49
42 76
15 3
94 55
19 9
77 85
82 62
16 47
24 68
48 11
99 81
80 11
50 34
20 71
62 100
56 37
73 8
75 69
95 46
73 73
72 72
55 12
28 28
53 7
18 3
50 26
47 32
66 42
79 66
65 5
23 12
51 91
18 96
70 4
87 59
22 30
58 50
62 23
99 56
40 39
7 42
36 39
36 1
68 96
3 73
89 71
54 15
46 85
85 54
32 77
68 73
74 31
2 94
66 48
4 12
91 16
29 11
44 30
12 72
9 36
31 95
68 17
85 55
95 7
7 94
87 9
27 3
65 54
86 10
93 79
52 85
81 83
72 99
81 92
37 99
95 25
46 40
10 74
13 71
63 30
60 68
39 3
77 73
89 84
87 13
48 67
95 49
54 42
30 65
46 4
98 78
54 23
93 7
64 6
25 86
65 21
81 45
67 66
80 8
89 10
21 79
75 4
