10000 6
1 95
75 83
4 77
52 99
22 59
99 21
19 52
90 59
79 99
34 86
27 81
44 47
22 4
73 84
68 57
14 85
83 70
3 94
53 11
75 26
12 95
91 65
77 64
58 3
44 99
11 70
38 39
27 85
85 97
22 87
32 9
21 18
54 54
20 89
23 16
100 71
44 80
14 43
58 1
65 1
53 81
79 52
47 93
56 13
6 56
26 2
61 33
4 63
28 80
34 8
65 31
2 96
22 54
45 69
41 81
42 8
50 53
68 30
1 83
30 52
30 13
30 57
76 10
33 71
14 15
58 65
11 24
48 29
13 95
84 82
22 27
58 48
61 21
43 73
62 13
53 80
80 8
6 66
82 21
76 92
13 57
15 11
96 43
67 90
10 87
58 26
53 84
27 9
79 27
30 10
9 3
58 13
74 43
65 22
80 41
47 20
52 99
6 15
14 11
70 52
69 48
73 40
72 5
53 86
70 89
86 86
83 53
26 80
56 75
16 37
12 18
95 36
46 88
15 8
57 36
28 63
71 31
52 31
67 42
6 12
34 49
95 85
71 53
5 57
10 43
83 5
2 53
58 95
38 33
25 7
100 61
5 22
97 36
65 34
74 41
53 22
68 2
23 65
65 93
54 51
64 6
29 54
4 89
30 8
49 71
73 69
36 64
65 23
47 80
32 40
99 77
90 63
35 72
15 7
24 96
35 69
92 55
2 25
96 94
62 77
93 30
65 68
81 89
18 50
72 81
82 38
90 37
75 89
75 45
35 1
71 63
77 28
4 54
48 70
73 97
20 63
72 61
71 18
74 26
95 79
83 30
100 1
35 40
25 69
53 3
68 54
45 98
63 47
76 80
61 36
44 83
37 75
76 1
11 29
11 22
62 60
31 17
9 77
77 76
87 41
57 69
56 48
45 15
60 52
64 37
99 38
67 2
27 31
64 41
39 32
43 61
25 75
16 35
15 65
23 19
63 1
56 46
49 80
82 80
46 79
66 11
41 100
99 45
33 24
56 16
37 65
86 34
37 55
49 78
88 49
17 1
84 49
86 7
100 78
14 15
60 78
12 20
75 32
35 28
96 15
40 94
96 44
85 91
8 34
82 20
30 2
14 24
8 65
98 74
69 96
85 15
2 65
35 56
61 30
39 68
82 46
73 54
68 69
19 6
56 8
27 61
55 81
85 35
24 81
39 27
3 43
53 100
7 12
58 11
86 71
48 23
62 70
83 38
24 38
23 4
64 85
46 44
19 79
16 35
34 91
55 46
23 6
71 66
81 68
94 25
71 4
22 57
23 59
66 88
55 68
14 72
16 50
33 33
10 34
61 68
10 80
82 18
100 1
42 34
22 67
42 41
42 52
14 49
91 73
77 12
91 6
16 88
65 32
20 8
47 39
97 69
52 53
78 71
51 72
50 2
76 82
70 22
43 59
74 33
8 7
33 88
95 60
35 17
84 40
20 74
35 35
79 34
59 86
64 54
45 47
36 50
21 93
18 35
85 44
64 37
41 54
21 59
39 3
69 20
87 36
31 25
72 29
55 90
60 76
66 61
96 98
95 60
76 50
58 64
16 43
57 7
44 98
42 61
2 94
75 29
85 39
9 56
40 68
99 64
20 95
38 4
19 71
94 62
60 37
87 43
81 24
16 70
35 31
50 53
27 79
30 58
48 25
84 88
95 26
84 10
55 38
10 53
100 33
98 53
17 25
36 74
40 45
28 22
87 19
14 15
19 83
68 89
47 31
11 61
29 18
15 54
11 36
40 33
64 100
43 23
53 18
98 54
72 2
32 54
5 23
73 9
10 62
51 85
14 17
48 92
75 12
88 67
63 74
13 95
97 1
72 7
99 76
41 87
25 25
90 14
34 79
33 67
17 46
41 62
86 63
20 88
46 2
80 46
42 51
77 13
27 63
62 94
77 91
51 60
67 58
86 77
48 4
27 87
63 94
75 70
81 69
99 57
4 43
84 57
7 57
15 14
46 32
92 27
86 14
16 93
92 51
73 39
66 63
21 59
52 53
48 33
43 26
15 3
72 47
63 89
58 27
39 95
26 55
96 64
71 41
67 73
52 26
82 13
8 30
97 6
49 65
22 33
66 93
92 10
55 78
81 70
36 37
30 5
79 25
85 65
41 49
95 12
21 85
23 20
44 73
95 18
11 86
35 87
56 43
87 16
98 97
41 32
14 91
56 40
79 87
7 81
27 89
74 97
46 100
55 39
82 49
8 44
88 72
33 8
98 46
24 47
78 46
56 74
69 66
2 41
92 68
21 67
43 50
20 97
28 46
79 71
72 25
73 60
55 29
3 10
92 19
6 16
9 27
30 85
56 61
37 93
97 34
16 82
94 26
67 16
62 89
39 30
96 9
97 85
94 52
90 22
62 91
75 34
96 18
16 91
53 90
25 8
2 24
18 36
46 78
76 24
9 12
27 16
69 83
82 58
6 2
45 59
4 99
61 36
4 82
27 78
25 86
1 2
80 11
61 24
62 92
30 41
63 71
46 83
47 43
24 95
85 23
81 33
33 60
37 49
47 95
60 93
50 8
31 66
32 11
65 84
5 68
87 34
41 19
96 59
93 16
44 61
85 61
80 55
80 39
97 60
70 42
98 43
51 2
4 84
20 44
36 98
22 25
11 22
30 70
5 86
27 7
80 92
55 73
33 19
62 67
35 20
31 55
43 38
11 99
72 5
71 99
56 4
31 10
24 35
90 77
22 43
83 22
45 74
83 59
27 88
64 25
28 70
98 2
17 92
13 82
83 88
82 3
26 40
79 25
89 68
67 48
82 22
24 51
67 76
68 1
82 61
70 64
30 59
9 94
7 31
58 19
91 100
74 15
53 59
91 14
82 19
4 62
16 51
91 51
14 12
92 92
35 92
44 75
74 18
54 71
1 75
77 98
48 73
9 32
86 43
67 24
49 98
74 20
38 24
50 50
18 7
15 46
31 74
94 29
29 13
74 85
56 21
78 64
59 91
63 5
36 48
78 58
84 40
72 73
93 31
27 17
48 100
47 24
64 14
24 16
94 36
46 18
81 71
75 57
11 62
72 54
29 4
89 19
50 44
1 22
45 95
64 60
59 77
84 11
6 13
99 39
27 7
28 12
36 54
36 33
3 66
50 41
10 30
72 17
60 6
32 76
17 90
67 16
85 96
46 82
18 90
4 6
22 50
84 81
64 86
41 37
58 15
49 24
80 67
47 37
70 26
52 75
80 17
98 82
47 8
91 82
93 1
47 38
63 48
64 66
91 98
77 80
94 11
14 62
48 40
48 26
72 91
62 26
97 77
33 64
95 12
45 67
70 8
18 70
75 94
63 61
56 52
43 84
32 55
70 5
42 28
67 5
30 66
76 12
47 90
43 17
55 68
9 77
29 94
79 89
79 81
85 55
55 45
13 80
88 68
18 16
43 55
1 96
87 73
15 39
85 9
58 78
13 65
44 18
13 45
82 4
73 22
69 16
20 5
30 31
91 1
82 9
14 35
91 83
47 24
76 4
28 36
39 62
77 71
49 33
68 22
52 68
55 94
57 44
27 58
12 11
70 32
76 82
14 77
75 41
59 54
62 58
9 46
6 40
16 7
69 79
28 56
43 59
46 46
98 20
33 65
57 22
85 87
13 88
56 98
19 80
22 40
81 92
77 62
56 63
82 24
32 30
46 71
50 69
16 57
44 54
25 30
16 18
98 11
91 51
84 59
32 64
34 67
78 26
6 39
54 18
9 59
60 13
37 33
19 39
19 58
16 4
60 58
47 19
1 16
98 51
82 81
70 19
58 52
70 85
63 85
6 74
69 50
86 4
35 1
74 49
9 41
80 87
18 70
20 66
52 24
37 41
31 19
8 69
15 1
93 68
14 24
28 88
41 48
3 19
52 37
74 99
62 12
40 79
8 86
72 94
17 65
95 57
95 59
73 32
65 72
90 9
68 50
34 82
40 75
90 40
14 80
23 31
99 28
85 46
5 32
4 31
19 70
52 14
53 27
53 7
35 76
5 44
16 27
6 8
43 6
24 49
34 53
88 17
88 6
34 75
14 41
31 79
1 77
100 27
22 33
63 54
1 38
44 10
13 23
81 65
71 52
8 78
16 3
47 18
29 24
89 12
28 91
38 27
51 80
81 21
22 71
25 73
86 70
16 100
87 71
47 71
66 7
54 92
17 46
49 38
1 13
73 8
12 34
79 47
22 8
46 81
75 61
44 53
61 71
61 73
88 57
15 77
60 32
58 20
71 80
98 80
60 85
85 52
30 69
32 97
93 69
25 2
7 15
13 32
59 28
70 59
31 29
23 15
2 59
60 81
89 27
31 65
77 32
73 53
60 32
40 35
67 95
88 79
91 18
38 95
35 10
81 43
84 100
14 94
43 82
98 66
53 97
30 65
74 33
21 66
82 26
19 77
79 11
75 20
7 4
92 17
98 98
95 76
5 47
45 11
60 17
16 12
85 93
15 71
84 77
65 25
67 40
81 73
58 66
58 51
82 10
59 6
25 27
27 45
6 55
24 62
36 20
54 19
59 72
11 96
73 95
85 41
83 98
85 43
46 81
26 4
12 68
88 74
94 16
52 64
49 19
65 22
95 38
50 42
8 17
19 50
26 9
52 2
36 57
56 7
37 38
76 30
60 62
76 58
6 18
67 3
59 35
48 4
39 41
6 62
57 2
99 83
55 90
17 68
96 48
61 61
57 45
88 11
61 38
40 51
23 100
5 64
41 58
76 92
55 14
83 100
42 23
9 57
66 30
13 26
31 89
66 34
44 41
88 36
93 38
60 1
69 69
62 98
16 31
86 35
44 95
25 90
91 70
57 7
79 85
37 13
66 72
55 73
4 59
66 53
74 15
87 16
47 21
14 24
77 7
42 79
58 81
96 22
26 48
21 51
27 78
90 67
22 83
27 60
41 36
36 55
23 7
61 96
9 50
44 98
64 53
17 33
18 64
47 54
72 48
23 57
33 25
78 67
42 50
96 50
15 19
28 40
68 100
54 97
7 13
15 96
93 89
88 100
26 68
47 64
24 83
81 91
52 25
88 24
17 57
3 54
21 70
76 61
65 62
54 9
61 40
32 92
25 14
59 87
60 19
3 84
40 93
56 57
24 87
45 99
82 60
19 36
11 37
89 41
79 77
44 74
95 98
32 31
71 40
47 17
59 1
69 16
83 8
38 44
57 23
21 93
15 23
96 91
55 37
21 63
60 52
46 77
48 49
28 62
81 51
48 54
34 44
88 56
37 71
6 24
46 34
57 23
35 72
58 54
36 61
46 65
99 53
89 15
75 19
87 79
66 37
18 92
95 95
67 40
63 62
96 22
49 87
17 66
76 54
6 81
15 56
73 23
73 5
28 46
27 38
92 14
50 88
50 24
93 41
17 34
51 94
9 14
52 77
53 2
20 21
55 96
18 94
45 24
44 71
35 72
57 90
81 60
27 38
21 16
30 74
62 26
74 53
94 32
40 35
47 12
94 89
45 86
43 21
26 4
37 33
50 78
79 13
71 19
30 87
99 65
11 61
63 78
2 11
38 80
45 28
82 50
64 22
86 41
74 18
93 16
4 12
93 70
78 80
39 2
65 58
4 66
53 93
94 36
91 89
44 57
39 28
73 57
16 97
77 69
12 22
74 36
13 4
1 82
43 70
29 38
80 96
99 37
11 65
15 28
21 37
58 46
44 58
70 68
28 50
28 59
99 67
99 100
43 13
48 64
72 46
60 26
45 55
48 39
70 17
63 17
52 55
40 42
5 79
72 10
38 11
7 76
71 23
89 18
37 30
99 53
24 99
88 21
24 10
24 46
15 27
97 98
76 66
75 43
52 4
82 98
80 43
72 2
66 68
92 65
58 10
21 81
15 44
46 4
75 46
53 38
26 60
86 17
62 82
27 84
67 20
100 56
38 79
30 21
15 13
71 30
82 66
96 9
100 72
64 75
79 49
95 58
46 44
96 16
25 88
45 52
93 4
22 3
63 12
1 58
11 53
87 41
99 95
54 40
85 69
4 90
17 32
8 22
88 87
22 94
14 38
7 31
76 47
68 41
100 45
57 43
64 91
93 96
64 57
75 12
3 10
37 21
61 8
62 40
11 4
90 87
68 64
43 44
70 16
46 52
66 3
29 57
73 89
46 42
38 16
88 47
49 54
79 89
17 80
22 41
16 2
11 17
17 47
54 76
95 56
63 54
74 12
40 43
46 65
83 97
42 37
91 23
95 74
89 68
32 14
18 82
24 80
11 20
34 55
65 53
48 24
19 49
4 26
44 81
55 52
12 3
33 86
33 53
58 82
30 14
42 83
3 29
23 82
61 72
42 31
67 82
86 99
43 67
51 30
73 7
5 64
85 62
7 26
10 62
51 34
94 65
80 14
60 83
64 26
53 67
62 28
70 48
4 78
83 68
41 20
25 59
73 31
26 24
37 19
45 58
57 13
84 42
69 11
79 70
57 77
94 99
2 61
70 40
46 23
74 99
59 73
18 14
45 32
82 4
75 14
63 31
15 16
65 96
39 44
86 89
93 40
18 98
28 29
9 77
84 44
27 83
88 37
6 45
8 28
73 1
49 65
60 79
58 82
11 70
46 89
67 21
39 75
6 75
8 37
53 70
16 14
50 81
52 19
78 98
35 35
41 2
52 2
74 77
9 34
100 44
31 51
2 13
23 66
71 59
25 97
22 60
77 72
64 91
82 84
26 18
85 77
86 69
3 100
20 12
26 30
73 44
75 44
6 61
70 71
29 80
65 58
100 15
77 75
60 68
37 47
84 43
72 65
83 26
18 73
95 33
90 6
80 1
25 85
31 97
19 76
72 56
56 31
8 80
56 82
80 30
91 69
94 82
26 71
59 18
100 81
9 34
45 74
99 20
69 67
63 59
21 95
95 73
86 20
62 26
47 43
69 37
69 64
89 90
68 95
50 52
65 51
57 4
83 97
41 6
5 16
52 7
72 59
35 90
29 41
45 95
60 8
4 73
35 7
11 96
33 39
4 77
43 54
60 100
72 24
24 3
74 73
70 71
21 96
68 81
65 17
29 47
62 31
41 97
96 94
23 4
79 80
74 39
15 58
1 12
14 13
77 13
6 68
71 2
30 13
89 85
58 19
33 62
97 1
100 19
73 83
54 29
79 60
38 26
2 43
31 1
40 67
1 5
93 39
2 28
59 57
5 59
66 61
35 85
47 28
58 29
83 9
56 67
3 39
61 67
76 31
63 10
11 8
55 50
56 52
96 82
100 64
81 96
14 53
88 37
96 92
2 89
33 98
77 41
96 38
14 66
87 67
5 50
9 50
13 61
41 1
44 87
79 63
10 60
70 87
96 38
60 90
99 85
8 4
19 3
11 64
28 34
65 1
22 7
9 98
9 97
9 99
57 70
63 72
7 18
46 81
16 63
87 70
95 33
28 85
89 54
61 57
98 35
64 19
56 32
11 11
53 10
78 71
76 98
71 58
91 74
97 89
17 86
56 60
58 100
86 4
33 22
55 13
29 38
84 2
27 7
53 42
76 97
60 56
17 30
39 31
90 40
1 55
19 71
52 77
79 24
36 93
40 33
47 55
68 76
9 72
7 47
10 92
74 7
77 1
8 93
61 68
59 63
12 92
77 23
65 66
34 10
24 13
82 28
56 20
43 86
32 16
89 82
9 33
51 26
11 17
26 99
80 99
13 90
13 18
70 8
28 38
78 16
75 30
92 50
10 25
40 40
65 17
20 16
4 42
9 22
9 78
29 5
46 6
64 25
94 92
86 23
30 27
58 95
97 1
61 100
20 43
37 27
98 22
99 16
26 81
38 88
37 97
76 24
10 69
47 45
37 94
29 93
5 1
46 57
38 63
61 35
80 6
66 75
77 79
20 92
28 66
30 71
35 68
19 64
38 48
99 2
37 37
46 21
79 60
81 21
49 63
81 85
80 53
14 10
52 84
51 70
8 32
98 40
74 16
14 75
99 94
58 27
46 33
10 70
13 65
72 21
81 39
97 83
35 3
33 41
57 98
62 46
12 10
23 99
58 84
42 85
51 23
13 42
87 88
30 3
1 61
48 79
25 91
95 95
99 25
9 48
2 43
94 57
40 7
30 72
100 32
53 12
51 24
49 62
11 24
30 60
10 99
100 24
18 79
71 15
60 61
43 13
70 4
85 5
38 19
32 91
40 78
70 63
56 55
15 77
15 97
97 39
43 75
30 59
7 95
22 15
5 80
29 66
33 39
63 92
87 13
69 41
18 60
68 61
29 92
100 46
96 72
83 89
49 8
19 40
58 64
88 82
75 41
44 66
57 27
76 16
97 80
14 93
21 46
80 5
40 41
83 27
37 80
71 28
21 54
46 60
67 3
94 23
19 32
85 62
93 71
14 14
89 42
69 45
38 27
30 66
81 66
18 55
51 32
46 68
57 99
45 21
46 11
22 20
48 80
45 48
73 68
80 92
35 96
58 78
1 47
18 21
11 53
87 71
52 12
88 8
100 23
85 96
62 66
78 41
85 47
78 54
25 81
20 43
57 94
57 31
40 29
46 18
91 85
4 48
37 70
88 76
59 99
44 46
26 69
31 67
2 83
18 19
83 78
96 46
71 12
38 33
91 50
3 5
89 89
99 12
78 24
21 32
12 61
9 28
13 26
7 98
77 54
37 40
53 12
35 98
36 17
31 38
5 22
78 10
19 99
86 65
99 47
39 45
85 70
48 81
46 36
87 80
80 24
65 8
84 18
70 53
74 4
28 26
95 92
22 65
12 27
95 21
15 19
81 72
66 20
24 48
82 28
2 8
40 88
12 73
91 41
90 71
36 85
87 61
51 47
44 36
76 6
47 84
6 96
21 56
44 79
86 59
10 3
39 47
95 66
16 81
10 23
70 4
68 93
56 45
13 77
1 75
71 19
46 49
69 60
67 24
62 76
29 20
57 87
75 50
63 30
41 18
38 75
55 38
18 23
8 34
73 100
83 91
9 35
30 93
93 2
81 29
51 52
82 79
59 85
94 100
84 88
98 89
83 68
46 16
24 79
98 48
96 27
44 49
32 42
19 94
85 17
13 94
78 5
80 8
58 80
17 43
13 85
96 49
66 39
93 94
46 94
79 36
82 45
62 6
100 14
16 65
89 5
59 85
46 47
70 91
36 89
92 16
76 3
25 80
88 97
12 100
84 76
4 34
94 20
90 86
66 43
16 97
58 11
89 36
47 47
1 36
68 6
86 63
88 72
2 54
40 12
63 69
37 74
78 56
31 93
54 43
37 35
47 50
63 27
68 56
50 11
63 78
61 75
56 82
71 64
60 25
75 19
91 79
96 25
59 2
44 74
36 27
74 2
74 78
24 91
69 54
76 30
67 26
20 84
36 25
56 21
72 95
65 72
52 36
58 93
36 32
89 39
3 55
79 71
77 97
78 58
29 25
23 27
75 2
85 23
54 20
5 46
70 58
57 72
26 53
46 49
89 83
36 60
49 76
12 19
4 60
100 63
43 21
89 47
25 95
24 16
74 89
17 88
32 33
72 27
5 6
52 58
64 49
84 50
29 29
9 87
22 59
10 85
2 72
51 54
75 96
53 24
57 74
96 71
33 14
27 18
36 99
67 91
71 13
53 8
6 94
95 36
67 91
6 93
99 27
100 3
65 26
73 38
46 48
17 52
55 40
65 73
77 53
66 62
63 5
99 82
69 25
22 87
17 43
99 94
59 58
67 66
12 68
25 76
64 8
31 60
88 48
78 67
41 88
46 66
82 89
88 25
48 95
39 6
56 73
7 75
21 67
19 78
43 35
61 7
99 48
46 59
17 82
89 43
20 32
25 44
2 80
26 50
84 62
83 1
9 10
99 59
16 47
52 81
82 80
45 50
98 94
69 85
96 72
69 63
41 53
28 65
98 91
39 84
81 61
13 34
17 13
33 14
70 29
14 47
99 80
85 54
34 71
28 78
82 5
39 62
93 38
96 21
91 33
76 58
29 41
37 8
66 66
99 16
100 93
57 43
68 76
1 34
88 60
53 100
65 6
57 29
36 50
98 8
2 85
78 19
23 45
36 24
80 42
50 11
65 14
39 82
23 33
53 59
58 89
78 24
20 48
2 3
52 74
97 43
58 24
97 61
54 80
21 82
2 52
77 97
89 1
70 89
76 43
98 38
16 56
28 8
96 41
59 21
85 48
18 64
6 83
93 69
51 74
59 45
22 83
88 91
1 26
100 8
22 90
74 3
90 60
60 1
63 8
74 92
69 91
46 21
14 45
18 41
82 73
8 66
33 22
67 16
57 55
73 35
33 37
41 48
84 73
64 92
64 29
24 29
88 96
12 1
61 29
14 10
69 94
20 62
85 22
91 6
3 90
100 65
45 19
73 12
51 9
94 99
44 92
53 4
34 56
21 17
59 78
74 40
78 33
86 75
92 43
85 80
3 91
68 4
95 95
24 21
93 39
78 94
80 43
29 81
59 45
29 68
34 70
79 97
19 29
79 52
35 75
69 98
48 90
23 7
15 36
50 41
23 39
67 69
65 44
53 63
41 86
66 97
88 89
34 70
57 85
70 45
76 50
44 14
14 67
33 25
33 5
84 75
21 4
65 11
43 57
35 8
48 54
51 70
16 61
21 46
65 56
32 72
44 8
8 90
79 16
67 49
98 57
80 19
70 94
81 21
71 45
75 4
84 69
86 34
59 98
62 47
53 77
54 94
84 46
93 93
80 59
83 64
68 17
42 35
28 85
58 71
42 65
50 27
72 76
44 74
60 100
44 72
56 40
54 70
20 7
80 49
91 97
14 87
64 2
79 55
84 72
44 29
69 20
86 85
65 95
91 25
57 75
26 69
60 52
34 75
48 15
77 86
58 23
9 3
69 21
44 96
79 36
71 77
3 73
47 35
17 10
90 65
77 73
56 85
76 14
31 21
31 65
2 84
85 37
95 52
64 5
36 12
21 13
7 74
19 31
47 95
8 35
98 94
34 76
66 62
35 83
38 92
96 53
84 1
39 70
7 37
52 1
46 64
6 6
52 21
84 20
100 31
46 49
56 21
4 91
9 100
75 91
62 89
15 20
64 23
99 92
49 13
3 93
60 38
100 42
47 79
38 70
44 86
12 33
65 21
26 47
4 38
66 84
24 47
15 6
15 25
39 46
74 63
20 69
52 58
12 54
25 15
2 1
51 26
91 16
99 82
66 15
31 22
12 67
45 25
75 46
59 83
41 11
96 50
73 38
15 68
46 11
37 89
86 81
29 42
72 65
19 98
89 9
2 72
8 16
80 42
11 28
75 28
42 17
17 74
3 83
39 63
61 18
90 34
94 32
27 81
49 97
31 50
12 23
54 25
14 80
46 47
69 45
71 84
80 26
53 56
86 19
61 34
7 74
39 100
71 91
30 36
2 8
33 1
39 35
27 84
72 57
23 16
49 14
81 85
45 47
96 33
85 30
15 39
40 74
35 40
25 86
76 69
77 38
48 3
2 7
13 93
4 43
6 23
64 45
12 79
63 48
36 45
27 57
25 14
15 37
12 68
6 8
51 22
63 93
87 59
46 57
39 32
1 83
4 63
17 78
8 40
6 26
64 9
98 49
66 98
97 39
89 28
91 66
18 84
25 73
35 59
83 91
37 27
53 29
19 44
16 27
20 77
3 94
29 48
66 61
12 36
2 50
89 80
32 61
68 43
66 28
94 62
11 98
32 39
78 79
89 64
58 39
34 78
68 8
33 79
81 81
38 27
77 90
19 81
99 66
84 49
21 33
68 68
8 13
73 91
60 23
63 53
96 27
49 68
45 6
76 49
72 65
39 2
25 2
56 83
23 51
77 6
64 43
70 32
99 45
15 95
94 93
86 20
64 32
89 95
3 1
34 73
94 11
95 82
41 97
31 45
51 98
100 53
35 53
27 8
75 41
73 46
94 2
25 18
71 58
10 64
12 52
51 47
66 6
9 44
11 30
52 60
59 23
36 29
26 99
93 47
11 63
94 2
63 59
70 86
4 17
84 91
52 86
95 45
28 27
89 25
79 56
29 56
25 99
16 45
17 10
49 48
45 29
61 60
85 2
84 96
41 94
64 41
62 43
12 53
95 46
16 61
16 97
58 22
15 24
8 71
69 99
82 91
52 62
97 48
98 53
57 76
22 74
93 95
33 29
42 64
75 31
97 32
59 11
17 37
87 6
43 38
20 81
91 34
83 70
60 2
41 47
87 24
92 91
61 48
6 52
93 2
80 56
49 15
72 12
65 89
19 59
26 97
76 61
7 48
77 13
69 100
41 37
43 68
74 95
92 89
26 89
35 56
48 36
2 49
12 53
95 8
44 84
49 67
51 89
2 35
66 69
57 78
55 27
86 46
54 90
56 2
81 99
8 80
40 45
27 47
67 44
87 52
78 27
97 49
78 72
63 75
11 85
24 83
6 92
84 7
68 28
63 9
92 86
9 45
83 83
11 40
43 1
50 8
59 6
14 72
81 62
49 89
62 61
7 1
77 83
35 98
82 42
36 50
51 36
15 93
67 4
8 15
60 75
65 35
61 42
26 25
5 14
77 81
72 33
31 66
9 79
44 71
50 52
2 70
51 11
86 9
63 60
35 95
98 15
60 2
5 18
78 39
29 89
74 50
82 3
46 65
30 2
92 74
62 72
47 95
5 31
92 40
42 38
98 57
98 75
39 90
64 65
76 31
70 86
9 45
57 6
90 66
60 44
31 14
70 67
36 94
12 21
67 81
14 96
90 74
14 10
38 74
48 2
10 50
34 87
59 46
66 23
4 89
89 14
14 97
98 23
72 38
6 1
89 17
93 9
44 51
70 57
74 2
20 39
84 66
13 8
60 72
15 57
61 89
52 68
38 15
7 42
15 72
70 26
88 2
7 21
52 21
40 41
51 10
29 69
85 35
4 14
83 58
63 77
22 9
76 24
15 55
94 62
88 97
22 16
95 18
18 4
96 77
77 87
78 96
44 14
84 67
93 100
41 4
29 100
23 29
9 67
85 89
44 13
98 77
68 4
9 93
84 18
1 50
21 15
99 21
31 8
50 50
62 91
7 87
51 76
30 72
80 2
8 8
10 15
36 27
45 29
12 59
23 98
97 33
37 56
4 84
31 77
97 18
91 17
22 28
87 23
95 45
80 90
13 47
37 100
37 59
82 45
60 23
73 51
18 33
33 54
25 25
24 70
1 60
18 32
99 82
28 3
43 65
48 26
75 8
89 6
98 84
6 63
23 12
99 73
31 10
31 63
97 58
29 72
53 35
100 54
67 45
4 91
78 98
17 41
36 74
93 78
75 41
17 47
35 98
41 64
59 78
23 25
69 78
13 57
23 19
85 88
80 73
18 62
100 84
74 99
91 34
9 68
63 21
92 52
65 59
49 23
25 38
89 66
100 75
18 36
66 9
14 76
64 95
19 47
53 86
3 96
65 66
55 42
8 96
34 47
31 100
12 28
24 66
4 79
85 88
25 80
12 69
35 26
18 67
48 95
51 93
80 56
53 42
58 60
42 65
66 32
95 6
29 46
5 100
71 76
64 9
16 77
13 56
4 54
7 61
64 15
89 99
99 4
76 100
43 78
69 24
66 51
34 13
28 44
68 43
93 96
11 79
62 76
64 67
31 55
66 47
85 29
23 7
31 73
77 50
13 97
38 31
40 16
35 70
80 86
80 80
68 36
61 55
82 24
28 70
71 62
70 3
37 95
94 88
13 82
34 91
8 18
32 53
3 48
72 77
39 35
29 78
53 38
27 95
55 70
59 74
80 63
81 65
4 16
60 92
92 92
52 78
94 72
55 93
90 81
49 58
28 48
45 5
49 69
32 39
19 95
1 41
80 6
100 22
77 29
45 73
10 39
49 91
35 32
90 24
43 38
12 57
32 31
45 6
100 63
99 76
86 47
19 78
98 71
19 78
25 90
17 95
18 74
32 94
91 75
53 83
75 3
11 95
10 36
40 49
75 37
34 80
78 48
50 81
60 15
48 47
25 24
31 58
8 41
81 52
59 92
70 14
33 96
7 12
45 38
58 32
77 65
10 41
86 95
16 10
23 46
92 71
20 30
64 37
14 68
71 16
91 40
49 64
10 21
94 89
58 71
6 8
40 42
8 62
80 44
41 81
50 97
45 53
64 59
60 42
83 73
54 22
31 2
16 8
65 31
8 49
61 73
64 92
12 62
72 21
76 27
70 5
9 23
41 53
51 83
27 79
60 43
1 84
80 40
80 44
26 77
21 51
81 88
79 40
66 5
78 95
67 3
16 68
88 62
52 59
41 30
17 98
22 5
65 97
59 81
44 31
42 11
1 55
42 88
10 94
4 4
87 44
98 52
59 83
59 47
50 63
52 65
80 49
55 31
14 3
89 17
59 85
4 34
70 58
8 19
15 8
22 34
40 40
83 65
22 43
38 90
24 49
93 71
96 17
93 95
68 40
85 99
87 50
58 76
88 2
78 48
40 73
100 75
90 28
24 59
85 78
3 77
14 13
33 37
84 83
54 37
73 16
71 94
59 55
25 35
31 19
40 71
67 24
46 45
28 65
92 78
43 36
44 80
17 41
21 19
42 27
22 59
7 37
94 36
80 51
89 100
68 48
9 39
38 31
32 94
56 10
56 52
45 24
96 19
36 94
93 69
12 37
86 15
42 83
33 43
17 34
81 88
92 49
2 91
41 2
66 83
25 35
62 100
63 10
63 24
52 83
23 60
66 96
91 82
4 77
46 37
19 42
73 12
27 35
53 4
65 8
83 40
67 37
68 91
53 40
60 20
37 5
40 26
49 20
58 28
57 75
97 63
79 49
46 33
3 26
88 74
15 43
62 1
98 4
29 66
90 15
30 84
30 8
8 7
33 53
22 98
41 86
18 4
44 48
82 26
38 19
14 19
16 97
21 32
85 81
84 46
85 10
63 64
97 99
68 39
20 9
99 61
77 11
69 29
49 97
78 100
65 69
29 79
60 70
73 31
44 10
50 11
90 62
71 64
3 90
52 11
47 21
66 52
27 70
1 28
41 13
86 64
32 91
39 66
76 55
10 52
8 82
44 5
10 27
28 100
13 33
52 28
48 3
79 64
74 4
35 59
1 49
41 54
35 94
48 54
9 18
30 25
25 100
36 49
72 8
34 56
51 49
14 50
45 80
91 26
5 5
49 35
21 29
58 74
44 1
15 29
16 55
48 72
80 69
29 63
81 80
19 75
91 86
53 71
31 3
67 24
60 2
23 33
50 56
23 72
38 15
24 4
21 88
34 12
75 88
65 10
67 59
35 39
51 20
33 99
57 49
99 24
85 65
70 73
67 20
32 53
68 66
81 2
62 96
52 80
41 32
38 75
36 91
83 24
40 69
76 38
91 44
96 17
81 28
82 61
94 83
46 80
20 96
36 78
11 21
9 97
41 53
9 34
6 26
21 34
22 66
71 71
48 32
59 50
46 14
15 51
84 49
91 94
46 92
36 71
9 87
42 42
29 49
64 59
52 11
56 52
45 17
8 50
57 32
86 11
15 45
27 73
79 71
51 86
21 73
40 8
54 90
20 83
79 25
93 30
44 73
13 10
69 60
62 99
8 29
78 92
81 27
63 50
57 2
89 85
61 68
32 54
63 31
50 16
20 94
2 28
49 68
94 14
61 64
97 12
98 55
18 63
66 16
4 47
14 68
76 12
78 51
96 35
99 71
59 81
44 13
70 39
78 45
22 55
29 92
25 3
59 94
33 29
53 53
14 41
99 96
92 51
93 71
3 19
1 91
71 30
26 20
91 85
78 6
32 7
23 29
62 84
60 97
28 21
10 81
20 88
27 45
72 79
60 41
87 74
23 77
25 53
49 92
18 100
75 94
64 59
57 27
26 27
8 86
74 59
89 65
24 7
35 98
67 53
83 11
10 32
25 13
25 68
71 99
59 50
21 17
5 67
39 66
46 73
97 53
59 27
99 2
26 74
34 75
71 80
18 37
5 77
81 92
85 97
59 73
50 18
95 57
38 32
43 94
68 42
77 46
14 35
4 2
4 95
41 100
94 99
14 6
55 99
39 70
31 10
73 14
98 54
29 58
57 89
79 77
28 20
2 29
47 32
38 5
71 57
74 45
14 37
50 3
27 51
47 80
89 84
28 44
31 82
39 39
24 94
6 62
63 80
72 19
25 90
31 28
55 1
21 38
35 3
62 70
81 25
21 36
22 9
85 90
64 27
8 37
46 100
44 31
73 21
57 100
70 5
62 15
74 75
31 33
34 76
64 33
40 12
82 13
93 68
45 68
23 41
73 79
1 95
51 17
95 57
90 68
53 66
25 64
52 41
45 31
9 62
47 87
6 97
92 37
40 8
100 63
79 49
14 91
97 80
96 87
29 12
5 49
11 20
27 10
84 2
81 2
23 29
37 7
45 70
5 79
49 68
94 75
55 91
3 94
39 13
41 90
56 65
93 8
79 93
9 82
68 14
100 25
71 66
67 8
19 13
13 18
77 1
24 70
97 6
62 70
12 59
9 41
31 97
19 97
92 95
28 1
9 68
87 84
11 10
97 69
88 19
46 23
75 69
35 23
90 51
5 12
47 86
22 72
30 31
57 48
61 57
83 97
74 73
69 16
95 22
50 96
17 45
99 12
58 22
7 57
73 18
60 16
74 76
8 30
5 54
61 93
75 93
71 68
87 57
94 63
50 47
15 13
86 28
51 12
91 88
84 6
44 52
75 64
6 96
43 46
18 10
6 90
92 67
1 98
76 25
81 25
52 47
95 71
60 62
25 19
8 50
43 6
60 90
55 64
79 28
47 21
37 57
20 92
73 25
73 68
79 12
39 77
7 82
43 24
73 47
19 5
56 35
70 15
41 42
72 31
22 1
9 97
84 11
64 4
32 20
51 6
34 72
20 52
50 94
68 9
48 16
23 46
48 43
21 45
35 99
62 75
49 87
13 24
13 56
72 94
13 75
29 41
88 99
79 44
17 17
4 91
9 83
6 21
87 49
66 84
48 41
26 91
18 62
39 1
7 17
4 22
67 97
72 33
33 86
68 15
11 6
52 8
76 5
30 28
41 76
66 26
19 59
54 57
18 79
46 6
83 51
77 17
16 49
89 98
8 66
82 25
32 32
74 90
10 52
30 99
45 8
61 51
37 14
46 26
53 11
63 63
46 57
52 45
30 98
67 31
41 97
45 45
99 50
78 15
58 72
94 27
79 98
33 68
90 73
77 67
81 47
79 43
86 38
63 53
91 19
32 56
3 2
65 69
18 20
15 8
79 87
74 64
59 66
20 90
52 11
76 43
5 67
87 97
38 32
74 53
3 23
50 97
97 56
86 5
21 67
70 79
68 24
56 42
58 93
1 36
19 1
34 4
79 50
85 13
62 4
100 80
92 30
49 98
18 96
34 31
89 35
85 17
19 98
84 69
41 48
99 75
72 14
56 48
100 72
27 61
13 6
9 32
1 41
93 23
58 20
99 86
56 20
80 82
3 73
55 13
49 39
28 51
74 24
78 1
11 43
100 65
95 99
36 82
78 16
19 68
29 84
95 73
8 21
11 54
59 79
46 73
81 96
55 20
82 77
47 7
54 44
9 56
68 57
55 11
62 61
60 98
20 70
44 9
61 94
3 38
89 76
62 92
64 1
9 5
24 32
21 30
13 47
71 39
16 93
63 61
63 96
9 16
1 51
44 96
27 57
93 50
67 72
94 65
19 93
48 48
70 26
11 4
11 48
37 49
68 26
14 84
45 60
98 41
2 52
62 17
14 7
6 32
58 72
95 66
19 79
60 21
9 28
61 57
43 50
84 97
64 67
55 78
62 19
87 51
82 44
65 34
77 27
51 63
54 100
92 52
28 27
28 59
8 56
22 19
1 23
7 56
14 34
28 55
66 9
58 59
47 79
94 10
27 51
69 35
85 51
78 16
26 64
62 24
43 88
54 98
77 56
94 5
61 41
23 65
84 14
34 98
57 26
9 95
36 83
37 11
78 67
59 4
79 51
68 44
97 71
74 29
57 12
43 23
3 91
33 55
98 4
58 53
57 62
39 2
11 70
68 10
47 77
83 30
7 40
96 88
83 67
85 96
65 69
100 47
32 25
13 25
86 84
68 65
32 93
100 10
87 88
89 42
100 13
38 26
88 66
36 28
38 16
34 69
14 64
32 64
28 70
98 33
53 46
32 7
36 74
40 78
100 73
90 31
62 6
96 41
15 46
90 44
77 24
52 21
52 53
26 18
62 82
58 55
25 41
18 26
65 63
15 100
27 53
74 61
57 36
69 96
33 85
51 44
85 35
7 53
97 58
70 4
57 84
87 41
74 14
83 93
74 29
71 92
1 73
41 40
93 65
58 37
7 82
99 71
70 14
16 53
84 82
34 95
5 100
54 38
97 49
67 6
62 78
80 87
85 10
8 70
25 40
79 41
99 63
44 16
45 92
52 83
31 95
15 57
78 32
13 35
62 73
48 55
13 88
62 79
21 66
66 34
17 34
58 53
71 34
32 3
29 7
37 2
74 16
10 72
76 49
33 9
27 80
49 34
9 34
20 6
54 8
97 67
74 14
66 100
31 55
29 27
84 6
33 19
27 64
75 53
61 1
8 37
45 7
53 83
67 28
20 74
7 100
4 11
18 71
92 61
94 69
50 73
35 35
64 35
72 12
62 64
57 87
27 42
97 74
17 60
22 89
99 94
82 5
7 72
4 92
94 21
46 13
9 31
12 46
34 99
14 66
12 48
84 15
29 11
1 21
88 47
84 36
12 44
49 74
54 95
2 63
65 50
17 16
8 16
41 81
45 34
30 46
20 47
66 36
95 39
68 90
10 78
91 68
21 88
96 53
92 86
77 97
18 94
12 92
40 83
21 91
14 45
74 36
33 57
75 93
56 49
18 37
90 27
51 43
45 85
30 87
96 39
72 2
69 30
68 4
58 11
82 8
63 34
83 70
47 61
80 49
6 94
63 13
33 76
38 68
26 98
15 20
77 73
71 4
9 32
27 64
28 11
57 55
23 20
25 66
46 30
48 53
94 65
62 32
56 61
88 60
34 4
23 29
82 29
40 20
80 26
16 2
99 34
93 100
51 41
43 56
100 3
68 87
84 56
93 87
39 66
81 78
25 39
92 53
37 47
91 18
64 43
10 13
47 27
79 81
98 51
10 1
54 25
80 50
75 17
87 72
29 47
75 68
83 15
22 95
36 92
46 68
42 38
89 92
17 85
95 97
49 48
22 12
66 14
43 82
98 69
84 93
24 55
35 23
59 56
38 44
90 68
11 39
72 100
83 47
80 49
94 84
74 100
95 26
17 71
76 49
38 3
26 90
71 32
82 90
94 4
9 15
70 29
62 42
69 15
36 90
45 6
82 84
2 29
91 43
82 5
94 74
100 90
28 6
27 48
47 58
33 59
38 79
85 96
20 54
27 62
70 94
51 45
23 43
14 34
93 78
49 48
63 60
22 50
32 33
8 61
94 55
34 64
33 75
92 69
20 99
42 17
11 21
85 33
42 13
100 3
93 35
69 42
64 51
92 37
11 30
32 21
24 27
47 69
35 40
17 97
32 20
51 83
86 48
73 16
15 63
96 58
64 32
70 51
83 79
31 88
60 91
30 18
75 65
27 47
52 94
79 14
21 71
87 89
28 96
12 45
97 65
83 3
2 20
49 2
75 57
51 17
10 20
90 95
5 19
64 40
52 43
95 98
7 21
16 44
34 32
87 47
24 19
55 64
98 32
86 36
99 34
62 3
83 60
23 56
95 99
89 3
38 32
96 53
84 70
19 83
37 75
95 32
8 42
4 51
71 47
82 41
83 16
41 58
78 4
67 61
90 64
28 77
36 71
75 6
4 68
23 20
51 21
90 48
37 89
11 94
1 72
80 55
61 21
7 74
86 11
89 30
7 42
89 19
8 5
80 79
5 67
16 61
28 75
97 19
95 30
78 1
24 93
89 86
9 99
11 27
40 99
98 97
37 20
86 45
14 47
22 57
26 85
9 91
18 41
21 76
60 70
24 81
89 88
83 41
55 98
28 9
27 58
66 74
25 71
31 21
82 57
30 97
26 20
95 89
84 88
95 82
80 61
47 89
93 27
68 23
13 43
40 90
63 15
92 1
68 32
15 23
75 89
29 65
32 41
70 47
10 13
22 7
17 29
37 7
51 52
69 31
91 41
5 46
65 72
91 78
55 59
30 49
14 4
43 86
13 85
77 98
48 85
100 44
63 18
38 94
4 47
49 16
65 91
95 11
70 37
88 65
6 74
14 21
76 16
38 88
88 38
91 18
45 15
65 18
17 8
41 3
18 25
93 11
100 79
72 95
100 86
70 14
48 88
6 57
14 70
21 74
35 49
24 67
44 36
40 75
54 100
97 22
12 86
23 20
50 53
26 30
2 18
85 63
15 82
25 81
91 55
82 89
100 54
68 5
43 49
53 79
38 28
22 5
9 72
72 98
98 59
24 95
81 91
13 37
69 79
45 88
65 87
70 98
28 57
98 63
5 87
48 88
36 53
59 32
62 88
3 75
88 98
65 42
92 94
90 85
73 11
25 11
25 91
78 75
51 38
10 19
77 67
16 30
86 33
95 100
69 2
55 93
5 54
100 57
31 2
99 71
33 71
45 73
39 99
49 19
35 43
98 74
99 59
9 20
19 28
51 76
78 72
67 95
12 13
30 86
10 91
49 33
66 5
48 44
68 83
93 53
3 47
86 45
35 75
75 51
45 29
87 28
31 61
6 46
84 100
88 54
95 41
58 86
85 50
67 10
56 93
93 76
34 38
66 13
81 61
91 27
16 20
34 18
92 34
59 74
43 70
26 85
74 30
13 60
43 78
21 89
53 45
54 35
95 21
80 71
85 85
99 93
19 32
60 57
6 31
15 48
16 72
65 57
46 86
77 52
53 52
37 79
44 71
4 27
74 37
63 34
100 5
60 42
11 37
52 25
74 75
65 76
26 93
10 67
76 63
39 74
8 68
10 3
20 72
16 68
45 12
56 36
91 73
34 69
23 10
77 65
2 98
37 46
49 21
10 8
47 99
10 99
6 6
83 95
73 44
66 40
5 83
33 69
17 53
16 91
39 69
70 37
37 41
70 90
42 37
64 63
57 89
83 93
23 11
86 39
27 76
91 12
59 97
85 2
92 43
60 83
80 34
38 72
21 13
81 55
87 19
54 57
65 90
8 31
89 98
76 99
35 92
88 30
99 78
17 62
54 86
45 100
97 45
17 19
47 26
25 50
99 15
61 42
70 1
42 9
81 31
94 49
74 68
82 35
85 70
11 53
40 11
99 72
86 29
97 71
72 98
43 40
3 89
38 68
62 70
86 63
38 8
7 74
63 5
58 58
11 11
37 82
6 13
85 36
61 79
94 9
28 6
25 51
19 67
33 27
28 16
49 17
4 95
47 60
1 74
50 81
67 96
15 88
8 35
20 16
84 7
19 99
98 51
12 5
66 94
90 19
19 94
3 45
76 20
5 97
93 24
66 35
81 3
96 44
26 48
37 91
20 70
5 9
19 63
57 64
6 12
76 50
42 49
53 56
51 11
76 14
1 29
79 18
100 86
100 83
98 1
19 30
68 4
62 38
42 26
8 80
26 80
12 20
24 55
5 11
40 47
3 70
95 65
100 12
25 92
57 97
12 37
33 73
31 50
24 73
54 58
13 12
12 31
70 60
61 25
52 42
35 58
68 8
26 80
55 25
45 52
23 3
17 87
63 82
18 73
49 95
43 22
76 3
63 65
53 28
50 24
64 59
37 63
47 97
3 3
27 63
51 57
60 86
31 47
60 75
29 79
31 39
58 91
89 81
87 73
45 90
27 15
95 40
34 22
50 81
66 12
79 99
73 48
67 99
21 41
93 37
7 83
31 55
71 76
25 67
91 81
85 34
84 6
98 60
6 77
81 53
91 60
25 85
12 49
42 81
84 52
23 43
84 14
34 73
84 11
42 89
74 9
100 99
22 19
14 14
65 27
18 63
48 3
14 18
30 91
24 25
7 3
30 32
40 34
2 75
23 51
9 8
1 2
62 39
95 98
42 36
80 19
95 33
66 58
36 8
8 100
25 80
26 50
83 74
91 87
77 51
68 19
7 68
44 17
8 74
86 75
88 87
85 12
47 14
8 25
18 31
99 9
14 4
15 83
94 90
35 62
72 59
52 24
27 49
52 96
39 48
34 15
54 23
37 35
57 2
45 94
58 84
35 56
64 53
56 84
98 18
92 33
5 98
25 18
25 7
65 80
51 30
1 79
29 38
1 81
9 93
70 25
20 7
98 66
35 35
2 88
10 40
87 32
91 96
47 93
21 52
93 25
65 89
8 23
78 57
78 35
12 22
59 18
63 16
89 47
66 96
91 57
73 61
77 88
95 38
38 98
10 1
25 50
95 9
53 49
19 33
87 49
81 2
41 24
23 27
40 75
2 52
17 25
8 16
19 97
90 96
85 91
46 64
27 77
29 26
17 64
79 2
37 43
77 58
29 94
38 54
55 46
77 75
5 13
79 17
100 66
50 35
15 26
63 83
13 95
80 33
71 7
45 99
52 82
49 46
18 12
94 13
88 30
22 82
100 30
94 77
72 57
49 84
67 84
50 5
27 82
50 22
39 55
32 81
30 62
25 50
70 33
91 81
24 7
78 96
35 50
45 75
13 13
12 1
31 99
12 8
20 15
80 11
51 59
93 20
21 54
66 76
47 5
15 73
88 96
71 10
89 85
75 62
98 42
89 98
53 24
63 50
25 97
25 74
97 43
1 55
15 98
36 100
47 28
9 42
58 60
18 41
69 60
5 28
74 49
27 62
69 98
84 4
87 16
9 39
96 2
55 4
60 34
71 57
29 65
15 25
42 59
79 15
59 54
63 43
93 93
67 100
12 7
61 51
22 84
16 81
11 22
88 6
14 76
55 48
89 94
28 38
7 48
1 23
96 31
10 2
67 55
45 31
44 33
25 94
7 14
77 80
79 56
52 13
3 51
46 27
46 39
19 77
5 58
15 54
85 55
73 37
88 78
76 50
90 67
46 41
86 81
16 97
55 89
88 96
35 61
28 81
58 77
30 100
15 20
88 44
22 35
87 72
68 61
10 22
20 40
62 66
3 66
7 83
43 94
4 45
14 80
11 88
43 66
73 12
63 43
46 17
98 11
34 11
17 73
5 92
50 67
91 81
36 59
41 21
3 5
91 6
99 92
96 63
12 32
72 21
7 19
35 45
67 14
40 64
73 84
94 70
55 22
18 59
47 3
52 40
23 93
7 51
79 26
87 69
29 20
32 14
41 82
1 11
82 18
37 57
5 73
88 52
1 97
61 67
68 13
66 90
90 17
61 41
5 87
51 80
42 89
75 52
94 20
51 11
42 63
1 16
27 68
61 49
48 94
1 84
55 76
20 47
1 50
99 48
5 51
24 75
44 98
47 33
89 73
53 55
11 93
67 46
96 98
81 62
32 13
98 20
98 79
51 50
69 45
42 13
83 44
23 15
28 81
8 23
71 63
20 31
95 6
97 96
61 64
17 12
9 19
45 95
34 21
74 98
8 62
71 18
56 4
32 30
30 39
95 68
34 53
68 46
77 56
58 13
71 71
89 88
82 1
30 12
97 89
51 68
14 16
35 5
39 51
60 4
58 89
33 89
5 60
25 27
24 46
65 8
91 54
50 15
18 11
86 39
22 11
91 54
72 33
45 8
18 62
42 26
99 65
42 54
73 19
97 11
39 55
84 62
20 99
18 62
98 6
38 47
49 88
98 62
96 27
54 27
30 19
1 16
31 35
95 9
28 95
2 24
66 86
68 26
16 50
4 3
26 91
68 2
18 73
95 9
41 70
81 31
55 62
25 10
27 55
94 35
86 70
17 37
44 22
50 82
11 30
49 87
99 88
46 76
76 57
15 79
5 89
90 18
63 68
71 64
83 66
84 8
10 69
35 97
47 60
48 35
97 70
18 49
24 34
52 77
69 54
87 11
39 21
74 1
50 19
75 45
28 48
32 64
86 65
30 17
80 2
56 32
66 47
1 26
99 50
9 67
63 32
63 95
58 100
27 40
53 14
86 99
93 63
36 14
20 84
23 62
79 89
50 78
43 57
99 13
81 99
36 59
1 60
78 59
24 35
66 56
79 26
11 43
44 91
60 3
80 28
66 29
31 51
28 63
91 32
36 22
74 28
70 98
96 83
12 7
2 66
5 73
15 76
72 1
98 85
66 69
98 31
58 43
66 47
35 93
20 33
28 76
68 16
55 12
27 82
11 66
13 87
29 84
66 49
96 36
95 24
7 35
69 83
16 44
36 95
21 6
74 49
37 69
79 50
49 98
6 51
51 63
91 68
44 35
52 24
86 35
85 21
99 68
57 72
97 82
29 2
43 29
45 57
2 14
99 7
76 26
52 78
30 58
74 4
91 2
82 24
11 99
48 66
38 97
39 9
28 69
84 72
91 61
73 48
47 11
37 38
98 26
65 59
31 63
17 89
82 34
42 3
4 4
29 53
46 74
23 87
22 43
65 70
55 38
47 95
85 13
78 33
30 59
67 21
44 5
23 53
24 4
62 51
60 51
43 40
69 22
41 2
47 56
10 67
73 78
56 45
19 100
45 85
85 49
70 75
81 7
98 20
70 19
70 34
14 58
70 80
67 8
73 11
60 44
26 47
93 79
78 88
98 95
57 52
16 78
1 89
62 60
93 26
39 13
18 15
26 10
39 26
78 52
17 97
25 47
84 35
98 97
41 23
24 53
26 3
53 76
12 79
34 14
50 28
43 26
85 32
27 19
48 12
45 47
79 72
89 31
73 4
54 18
43 1
80 5
71 98
45 29
9 57
24 68
32 92
9 50
81 26
63 70
55 27
81 92
82 14
41 31
42 91
61 69
49 37
97 23
35 92
75 41
8 43
51 75
40 29
46 59
100 15
9 28
6 12
80 22
23 73
99 4
49 5
49 93
85 17
96 89
17 39
21 3
100 36
62 60
57 27
76 31
39 14
29 52
63 6
80 65
82 83
16 42
64 61
7 50
43 100
4 99
73 73
21 30
38 34
9 82
35 61
36 26
42 27
22 9
97 99
77 10
10 48
42 72
49 9
19 72
36 53
27 37
44 84
50 85
63 89
65 25
67 41
75 32
32 96
85 2
52 7
84 77
13 45
70 97
78 68
10 23
14 87
92 99
79 54
94 96
42 80
81 36
34 11
76 5
52 40
71 36
87 66
80 40
27 47
85 61
97 10
51 83
19 48
33 29
93 75
28 1
28 100
92 8
61 16
4 21
85 94
71 94
58 13
72 57
24 37
6 78
20 85
58 71
3 25
42 18
63 95
32 74
93 84
28 80
74 68
87 54
34 20
4 98
55 13
1 84
3 25
91 39
51 27
41 91
23 78
70 95
32 10
52 20
60 33
92 57
34 17
67 53
33 36
18 43
21 1
26 41
75 63
18 90
36 91
21 75
9 21
32 27
98 61
25 6
64 30
46 78
65 96
100 4
52 50
52 23
49 35
10 10
84 59
50 90
90 38
77 35
65 51
29 70
40 64
6 40
28 70
95 82
61 3
22 58
64 9
69 13
79 15
50 79
8 28
82 95
82 58
48 39
3 26
94 7
3 98
42 73
68 8
87 71
61 38
90 57
44 74
78 94
64 73
27 58
39 82
29 5
14 99
74 28
75 97
7 36
57 50
92 99
76 10
6 97
85 19
35 25
49 29
58 38
70 3
98 6
18 80
43 29
47 60
59 49
35 65
84 71
32 100
60 92
53 57
72 11
22 22
61 98
20 8
9 33
51 38
63 82
4 41
27 2
6 46
76 48
7 21
100 11
81 67
43 31
25 90
4 57
74 57
46 69
32 19
51 79
16 67
38 93
1 13
18 33
1 39
50 54
42 18
39 62
59 72
98 75
26 24
1 65
97 1
14 59
33 19
53 76
48 21
8 100
94 58
81 58
7 28
57 40
62 42
80 95
98 82
2 35
65 74
77 88
90 10
30 88
94 34
91 45
58 59
57 15
43 49
89 23
96 8
50 33
16 44
35 84
83 22
62 43
61 37
31 40
40 62
67 15
19 11
92 25
25 89
38 3
99 50
49 72
22 98
15 18
29 59
8 51
97 31
27 57
28 56
62 16
55 78
67 71
77 81
25 35
86 85
50 65
46 30
82 97
57 53
4 45
61 37
54 8
100 60
84 9
89 97
5 32
87 40
68 1
49 72
42 49
57 31
52 86
51 15
74 15
47 38
8 78
53 97
26 23
56 79
23 76
40 71
18 23
27 27
55 49
77 29
23 28
13 79
10 7
46 40
68 55
13 54
69 81
17 73
74 72
67 48
52 45
64 25
90 2
21 3
57 11
18 29
25 71
39 41
26 32
54 14
66 92
15 65
26 79
100 81
16 75
33 58
64 99
8 36
76 2
54 9
9 87
7 76
51 26
45 5
86 45
6 40
49 42
71 31
18 100
4 62
95 61
25 20
75 88
72 24
6 51
68 15
88 22
39 23
42 53
81 43
40 19
26 21
87 79
74 91
35 28
21 65
39 64
24 17
11 66
33 30
29 63
58 80
44 97
41 27
60 84
61 67
73 24
10 93
32 82
37 41
11 33
37 40
81 33
67 99
12 85
5 90
19 62
15 90
94 5
97 93
69 15
83 35
88 12
46 51
39 56
46 67
62 98
44 84
28 91
51 48
17 21
93 10
67 88
77 72
49 64
95 4
57 14
70 76
41 48
61 67
28 65
39 23
4 93
23 11
14 49
41 1
15 77
20 48
63 91
36 91
64 72
17 67
68 75
51 63
27 3
49 6
20 2
2 19
52 87
19 14
1 100
86 60
83 82
62 71
31 33
62 33
18 98
88 95
71 66
50 71
88 55
65 74
88 94
34 24
36 79
37 35
22 54
54 62
20 85
4 39
52 75
10 63
49 18
73 66
81 91
13 36
39 42
60 31
27 8
46 29
52 58
10 76
29 56
75 2
14 19
6 51
33 87
8 45
11 37
51 63
87 12
52 23
81 14
25 68
54 17
44 62
89 52
43 52
93 29
26 75
84 13
88 9
99 28
32 13
21 35
48 76
17 83
19 71
53 34
72 16
29 50
70 51
63 59
9 62
16 44
4 26
86 35
30 77
67 26
34 72
43 15
75 87
54 38
72 95
35 40
7 77
55 92
82 31
68 54
78 31
50 72
75 18
89 60
75 76
60 2
10 11
8 32
75 97
68 73
27 34
33 81
89 31
62 52
97 85
82 68
88 77
31 24
32 97
86 38
36 64
72 90
50 24
75 84
33 81
43 83
23 85
4 69
66 82
87 22
23 11
81 32
81 85
55 17
28 36
6 9
45 2
71 36
54 88
79 55
23 79
5 76
73 74
4 19
100 99
40 68
78 55
88 80
2 40
5 66
14 22
33 99
85 79
11 1
32 58
8 56
60 65
46 74
24 87
67 80
88 21
28 83
1 72
31 41
5 1
50 20
29 65
29 66
38 37
72 46
19 79
13 6
54 81
62 45
90 89
44 89
91 100
94 86
40 39
10 28
43 1
66 66
17 27
74 45
45 56
34 55
16 35
71 11
7 13
82 66
1 19
47 69
74 49
61 36
5 34
58 37
84 15
55 9
11 49
16 4
99 7
67 91
4 71
85 64
20 19
91 85
98 73
46 24
38 27
96 67
53 99
76 88
92 61
100 62
78 95
32 84
8 77
2 88
29 84
78 13
36 2
57 16
57 83
37 36
46 7
66 84
15 49
20 70
87 6
33 49
40 67
40 52
58 99
71 93
15 71
12 31
77 95
55 41
5 78
80 51
68 55
38 88
5 48
42 97
53 99
23 59
63 77
54 91
94 1
81 80
20 35
95 57
97 11
87 62
89 60
49 98
43 86
58 84
50 89
92 9
65 12
84 24
69 20
8 11
7 48
14 17
59 77
94 79
93 60
37 82
97 62
6 15
53 37
36 95
82 63
91 32
34 89
81 24
29 90
54 26
23 57
36 43
17 25
60 4
90 63
38 15
83 94
80 62
26 38
55 18
8 86
93 17
4 9
21 74
84 74
15 27
60 61
59 27
8 93
63 16
68 13
26 94
36 52
73 93
72 58
90 76
12 86
44 35
4 67
73 9
4 48
62 22
8 17
31 83
53 52
4 88
24 44
85 27
40 27
35 94
41 39
54 50
31 98
82 71
6 40
63 5
48 63
28 20
57 56
13 59
13 71
59 20
10 51
18 38
65 91
86 26
86 32
20 53
70 47
60 21
33 85
26 82
69 90
50 84
51 12
52 84
100 51
75 34
88 25
64 72
73 91
38 41
97 80
36 1
39 81
96 30
16 99
81 10
100 61
84 41
83 47
63 68
86 12
55 47
3 28
54 64
59 11
27 68
91 26
88 39
37 89
42 99
65 93
28 72
35 58
33 48
13 57
87 39
50 86
86 23
45 96
36 42
85 77
100 90
80 51
40 54
67 59
73 94
60 89
73 79
59 60
93 5
55 75
94 22
37 39
81 23
37 80
62 65
65 99
98 30
23 79
20 91
84 10
37 44
17 18
41 99
6 66
28 23
24 11
88 36
25 50
99 68
28 3
42 54
21 8
81 15
99 96
58 81
90 91
57 10
74 72
57 75
2 97
88 38
95 62
18 31
60 34
7 56
33 35
6 91
41 17
94 85
77 2
92 37
93 37
27 39
51 88
37 39
8 32
3 13
15 9
35 2
10 75
21 99
94 13
53 98
52 47
13 74
54 78
26 87
8 62
53 38
9 1
18 42
70 50
58 45
94 45
89 61
62 32
88 54
9 57
19 43
21 97
54 61
32 53
43 31
23 20
5 49
44 2
80 6
43 65
15 96
36 95
92 35
47 31
61 2
23 70
1 18
74 97
6 78
55 36
90 9
93 70
76 76
39 49
34 31
65 2
86 90
46 56
92 79
54 53
63 53
91 98
36 49
89 16
15 13
85 5
29 73
35 78
73 37
75 97
77 90
10 19
87 87
94 62
61 92
90 42
56 97
97 14
9 74
54 56
90 35
89 64
56 68
2 78
70 72
92 2
20 100
11 25
28 33
44 86
2 28
74 55
38 19
25 50
38 65
51 1
37 45
76 54
92 11
87 45
26 38
18 49
34 70
74 74
46 90
76 42
38 75
91 79
35 82
11 10
36 45
100 84
21 87
94 30
96 93
70 61
36 16
56 42
25 70
11 72
55 37
66 6
36 83
29 69
79 16
49 25
30 91
94 25
74 86
88 98
63 26
90 24
63 44
6 19
53 78
78 3
90 34
32 81
63 35
39 18
24 40
28 50
100 34
98 61
34 15
44 17
87 99
79 84
55 14
94 84
46 78
17 73
36 69
69 82
65 41
67 66
99 11
100 79
93 32
48 12
21 66
10 13
71 63
57 55
63 19
1 73
58 11
72 3
91 30
51 92
4 20
58 7
17 9
73 57
19 22
97 96
40 52
74 75
66 85
12 68
42 16
18 4
18 16
1 43
82 1
77 17
37 55
39 4
54 13
50 50
27 35
14 9
97 72
32 28
13 84
1 73
1 20
20 98
73 78
99 84
3 50
7 20
97 74
9 48
6 38
69 62
99 47
9 28
22 84
57 25
56 81
33 31
1 5
14 45
66 96
4 36
11 52
26 86
22 74
11 37
36 20
45 39
45 22
30 46
22 60
88 55
24 47
59 5
73 10
52 42
44 52
39 9
17 89
24 86
55 24
47 73
42 83
31 99
82 82
31 42
4 72
33 82
29 6
31 2
13 38
95 95
76 67
14 18
100 43
86 84
71 4
4 2
54 79
95 81
31 5
77 54
88 99
75 25
86 15
43 67
29 37
92 52
48 31
75 27
51 40
79 26
44 15
3 43
56 69
5 57
16 57
13 49
19 22
6 50
98 11
84 43
47 49
67 43
3 47
37 63
79 24
65 27
72 47
43 93
83 76
20 86
62 40
26 22
38 76
39 39
22 72
50 51
2 35
49 89
47 53
55 69
44 46
93 57
89 55
44 70
44 13
8 31
52 29
13 3
8 47
75 8
33 91
59 50
49 48
42 25
43 97
68 65
35 85
62 48
11 44
32 58
41 58
96 25
21 88
35 93
47 40
95 56
33 66
59 72
42 37
75 42
89 97
8 65
21 22
37 29
50 44
98 8
30 79
3 71
47 62
37 69
47 24
52 6
2 81
32 60
78 74
24 17
86 21
72 33
3 18
6 45
73 43
39 30
24 44
97 82
45 69
68 98
32 66
56 47
99 30
49 71
94 56
47 76
23 27
58 76
57 78
24 41
17 27
38 52
15 85
39 57
82 73
96 70
97 86
99 76
25 13
22 89
76 53
64 55
98 64
56 36
99 4
5 26
51 20
48 47
39 48
48 10
94 37
42 5
66 70
45 95
47 82
88 58
77 72
88 15
4 30
35 69
53 13
86 89
74 11
78 92
72 84
28 69
75 12
95 27
5 84
14 64
38 29
40 84
98 46
58 72
13 1
66 83
50 50
56 11
2 53
38 24
70 30
88 2
69 59
25 12
44 43
68 38
59 26
45 65
81 60
16 64
42 99
85 43
94 2
69 46
51 34
45 70
29 7
11 31
34 64
71 21
68 53
44 85
59 49
1 72
96 85
69 21
10 66
68 69
83 46
83 78
48 37
4 91
62 41
87 19
13 25
45 81
73 77
57 19
84 76
65 87
96 22
73 6
48 97
74 94
94 47
46 16
65 12
73 15
79 93
20 43
73 31
66 28
88 13
41 24
48 90
61 29
99 97
43 49
76 93
43 78
16 43
9 100
81 45
37 40
56 18
52 11
70 41
43 95
96 37
9 90
73 52
87 91
31 79
68 34
4 1
79 60
8 46
82 49
80 14
35 39
48 85
64 71
63 88
33 42
55 80
48 31
61 8
22 55
69 66
44 10
24 46
96 94
1 65
87 98
11 46
96 79
84 60
46 5
71 13
20 43
77 56
49 57
81 21
90 64
26 62
96 69
2 84
58 86
92 63
5 45
90 75
99 17
23 41
78 68
80 49
30 61
99 61
71 32
57 96
24 83
9 92
80 18
96 95
40 29
24 60
59 60
30 9
42 39
57 29
83 27
16 4
40 51
19 96
45 74
81 16
88 93
84 32
54 33
47 89
10 24
80 87
46 7
14 60
44 46
55 95
67 85
52 44
8 36
15 28
14 56
59 23
1 78
91 60
47 10
46 92
35 28
41 5
63 93
14 60
11 94
55 46
69 85
88 40
36 91
12 24
89 26
20 65
27 61
95 77
100 52
86 64
36 20
37 16
82 61
8 52
54 17
93 80
95 53
13 14
92 86
98 70
61 17
96 43
65 68
97 73
93 27
59 63
77 18
95 48
53 97
84 93
99 92
5 8
19 93
50 89
68 79
50 85
96 85
92 86
100 73
46 51
29 91
35 50
82 86
68 88
45 53
22 40
4 15
56 78
24 64
51 24
30 25
66 67
40 91
28 33
77 31
36 25
23 49
14 91
57 6
1 52
21 48
75 3
7 16
54 94
1 21
60 98
77 42
7 7
84 85
1 7
23 81
51 8
27 37
25 59
97 97
18 73
91 33
88 86
19 7
2 98
7 33
52 68
74 81
73 81
64 28
27 72
25 55
4 85
91 87
18 51
24 42
41 18
43 80
73 37
78 56
81 92
57 12
85 24
65 12
75 32
97 86
60 41
46 3
9 93
59 53
86 39
82 69
9 59
96 61
71 56
60 99
37 65
66 54
51 77
30 17
84 40
58 66
46 90
78 95
20 79
57 68
60 75
35 19
41 51
51 86
7 55
17 28
18 97
54 25
73 10
11 9
19 77
20 19
4 13
88 39
99 17
63 26
14 47
38 44
76 32
85 61
60 91
10 30
70 32
29 35
70 28
74 44
73 26
79 66
3 46
33 45
2 65
34 90
71 39
66 7
48 56
76 77
38 24
33 86
66 31
62 17
60 32
38 71
88 80
95 100
62 18
23 29
19 2
26 70
11 20
81 35
37 20
23 39
88 97
20 37
39 50
58 78
95 75
21 83
4 17
77 15
2 40
37 29
67 92
44 32
3 74
24 69
5 18
68 23
81 57
71 36
75 97
91 97
71 67
63 84
90 78
94 32
75 27
57 59
45 82
61 92
44 41
28 35
23 37
50 46
50 29
6 87
53 16
82 7
87 10
9 36
85 29
87 56
100 34
57 98
58 86
56 11
17 50
20 82
66 2
97 56
51 69
93 52
29 8
88 68
40 95
5 67
4 66
3 52
85 74
18 40
69 30
48 25
61 29
36 39
42 51
56 54
65 40
66 91
58 34
39 87
60 73
36 36
2 24
92 6
46 80
42 19
12 100
36 76
34 65
98 85
43 80
57 36
61 1
11 24
61 29
93 39
87 41
12 39
56 12
91 51
77 95
85 44
96 17
29 55
17 38
15 4
41 11
80 68
48 75
50 86
49 32
67 42
86 91
58 11
99 57
57 69
82 91
5 89
20 58
52 14
26 100
36 32
6 5
48 47
31 73
2 36
98 97
75 97
94 69
15 34
21 14
64 22
20 85
97 29
83 14
55 90
72 10
99 56
22 4
17 47
31 52
39 7
54 56
21 52
6 93
69 24
77 87
65 74
46 90
20 78
24 96
2 84
42 36
63 21
54 36
63 62
61 57
45 95
84 20
30 64
46 62
19 92
55 44
35 16
79 93
32 51
99 26
69 85
56 58
1 35
66 66
67 62
26 10
31 40
31 3
98 25
73 86
48 61
31 2
58 62
96 66
43 71
96 22
89 48
99 25
58 17
98 9
77 38
6 80
61 85
28 66
69 54
6 84
41 16
85 40
21 63
6 31
63 51
3 25
46 61
46 20
93 62
38 46
17 98
82 2
25 16
66 57
61 6
7 99
5 85
80 98
4 27
94 58
7 95
92 38
43 8
85 2
100 86
22 90
87 1
65 83
39 97
61 26
92 6
82 65
46 58
62 95
47 13
88 26
28 33
19 88
72 24
56 67
68 77
85 7
30 97
85 78
9 47
50 23
54 16
77 39
98 2
16 23
37 1
23 41
50 46
19 75
29 92
35 32
85 12
66 51
77 92
58 99
39 3
10 58
17 39
43 8
18 99
90 61
14 37
42 56
15 16
80 5
20 62
98 29
96 12
90 44
72 25
74 7
88 57
57 86
38 14
15 87
75 63
73 30
57 63
45 27
51 29
92 77
25 40
48 62
68 68
96 17
48 15
55 97
79 50
15 45
77 34
11 51
66 96
35 40
45 28
17 36
88 53
44 57
21 96
37 37
31 56
17 2
10 59
61 7
29 96
79 49
15 13
95 40
84 61
48 30
43 32
92 67
3 18
49 45
46 12
78 19
62 75
43 89
10 87
99 61
2 85
26 34
65 69
14 38
26 64
25 77
94 20
47 54
47 56
36 32
19 64
19 4
38 92
69 87
63 48
22 46
95 28
4 85
38 42
19 2
52 94
34 100
38 84
13 82
82 62
59 50
68 17
87 1
70 60
11 48
61 48
86 25
76 53
99 58
96 55
57 13
84 88
41 42
69 94
51 51
64 14
99 29
36 62
82 98
31 37
3 10
94 59
99 5
8 92
31 13
44 73
14 4
26 66
73 16
87 96
78 71
100 51
35 11
41 34
95 21
28 49
17 86
45 33
9 58
88 25
81 76
81 96
60 37
57 30
99 90
85 88
76 29
61 67
25 45
32 87
34 8
14 100
71 43
40 51
18 70
52 98
42 8
35 26
65 52
38 54
12 32
43 18
41 89
68 76
84 1
90 21
11 36
67 36
38 51
14 12
85 39
85 18
17 45
5 9
40 75
35 38
23 51
10 64
85 37
10 51
10 38
73 37
7 67
24 85
70 42
7 90
80 51
23 72
39 44
55 84
4 53
79 36
18 35
33 44
28 86
77 44
100 92
18 22
25 100
10 32
69 92
76 87
37 8
64 72
22 93
11 13
12 48
18 17
63 45
74 83
98 41
79 67
64 42
74 6
62 53
10 62
80 87
67 26
38 81
42 27
15 36
16 43
17 6
46 56
98 78
74 54
24 3
70 78
6 32
53 58
16 9
15 78
15 23
90 15
69 52
15 60
49 95
90 55
13 25
36 94
44 13
96 35
71 100
92 63
25 82
99 76
62 47
10 15
97 100
57 51
98 58
1 32
3 14
52 27
35 42
39 54
96 33
70 73
50 26
83 74
52 81
77 35
28 93
55 25
32 99
3 79
55 1
9 87
64 21
69 97
31 26
96 17
69 31
53 17
11 20
64 35
97 63
31 53
76 90
59 63
72 95
25 11
58 23
51 30
14 82
49 34
51 44
35 36
56 35
34 84
72 22
67 5
42 19
15 78
66 58
20 5
89 91
58 26
86 5
17 32
65 75
75 18
5 91
30 92
75 31
20 39
13 59
48 58
93 8
83 22
95 86
68 30
38 23
61 69
10 47
19 8
52 69
91 11
54 96
75 9
27 89
24 55
52 55
30 90
83 35
77 67
99 74
66 93
31 40
69 4
61 35
63 54
53 53
9 14
82 80
45 52
29 81
99 87
94 52
3 21
98 44
19 61
80 56
47 2
73 22
59 25
54 41
84 48
4 69
48 44
19 86
68 56
67 29
96 38
25 69
8 88
81 7
37 29
10 52
1 17
7 82
75 79
10 51
58 66
48 4
27 41
45 27
92 49
82 50
81 31
82 56
34 90
60 95
54 15
35 29
96 68
78 13
84 94
32 99
60 1
36 7
68 60
61 27
64 97
26 33
37 97
91 33
66 21
68 40
4 9
51 74
67 85
12 4
97 75
100 19
90 46
68 58
91 98
20 58
20 66
5 9
82 48
39 3
26 68
29 25
18 52
39 1
16 88
55 53
30 41
37 82
55 19
9 78
97 44
80 96
35 43
82 97
61 7
85 28
11 62
26 53
84 25
61 21
89 11
39 64
4 90
7 75
45 63
90 76
63 40
33 36
10 19
100 69
19 100
12 54
46 43
34 66
47 1
88 80
19 15
52 50
30 85
68 74
22 75
43 58
91 98
69 17
91 95
26 7
11 19
20 52
61 99
72 22
93 33
87 98
61 44
14 58
73 53
69 26
89 65
74 99
14 7
90 8
92 89
19 55
11 17
4 75
23 43
62 89
58 85
20 39
6 35
50 52
73 62
21 85
20 13
40 55
36 88
32 79
6 73
98 25
67 2
40 57
65 100
17 25
25 83
83 52
9 2
58 3
12 50
74 96
73 26
43 46
82 39
25 92
66 56
81 27
79 98
75 61
18 13
81 99
16 96
18 32
96 89
40 95
29 29
85 92
67 83
23 99
30 1
46 30
50 15
15 4
34 79
2 92
3 40
72 24
16 49
82 11
7 56
8 8
79 23
98 9
62 11
70 14
34 5
31 73
81 69
38 42
2 48
66 90
8 72
53 50
46 38
1 93
100 90
45 85
16 35
60 59
84 23
55 87
7 87
52 21
33 100
84 84
88 54
84 53
29 86
34 23
30 34
78 3
79 100
81 63
59 19
65 19
10 94
13 8
51 32
93 4
13 61
87 47
17 80
11 83
57 91
73 89
73 9
90 8
96 42
19 6
79 63
96 90
85 70
35 10
64 55
67 90
68 23
46 98
94 47
73 61
57 19
95 59
73 92
35 28
100 65
93 36
48 69
79 68
30 9
69 21
34 78
26 94
36 9
76 5
7 10
58 30
38 64
51 75
88 62
27 67
90 41
96 63
61 37
56 8
28 61
71 23
96 64
49 22
57 39
82 46
24 19
76 50
98 86
33 67
67 53
49 78
85 32
24 52
54 26
87 12
54 52
47 20
2 20
25 22
47 94
82 23
100 18
30 87
87 3
70 45
79 44
1 18
48 52
70 12
95 3
67 97
17 52
77 59
14 3
10 22
86 73
86 83
91 6
18 82
36 42
94 21
88 18
74 87
68 27
93 52
82 64
54 92
31 36
11 94
8 65
4 63
98 2
17 87
71 26
93 16
59 1
27 17
46 78
63 90
85 31
84 66
51 46
18 89
56 61
10 58
99 20
95 55
12 27
86 68
39 98
59 28
52 25
51 52
60 87
98 57
64 68
17 81
34 86
75 60
28 57
55 20
43 88
99 82
56 25
63 58
38 26
8 91
90 55
67 72
45 43
40 52
91 51
29 84
60 54
6 89
60 15
34 98
38 59
33 92
49 51
30 24
32 50
55 39
2 17
63 57
99 44
67 32
69 39
49 73
41 25
9 91
27 82
14 42
61 20
71 84
68 1
74 59
28 99
92 89
19 87
41 68
43 88
81 89
66 61
77 97
91 46
23 62
32 4
72 28
60 11
70 4
88 90
27 38
57 74
17 42
38 42
78 100
85 37
70 91
97 67
92 13
72 19
94 38
41 76
29 51
4 67
42 90
36 55
22 61
29 72
63 86
36 14
69 35
45 49
72 24
6 32
60 48
18 81
81 26
81 62
39 16
14 81
50 77
54 46
23 25
84 76
71 59
27 40
42 93
29 92
30 39
22 50
18 48
7 91
6 84
56 97
28 77
35 59
36 10
93 75
12 43
16 75
26 28
20 27
27 45
1 90
24 4
49 56
14 78
38 91
93 39
45 26
89 76
82 4
1 99
98 17
56 9
20 77
98 58
3 24
61 65
63 15
75 1
92 87
87 54
31 97
75 19
60 99
30 92
17 79
86 81
4 9
30 14
6 11
91 52
4 25
94 9
3 93
61 78
95 41
76 40
19 53
25 21
43 16
14 85
63 20
88 58
98 31
53 25
10 98
3 22
84 80
44 19
54 10
33 13
49 92
83 89
99 78
95 38
35 17
50 72
13 52
23 80
25 34
3 91
9 39
29 86
36 8
67 62
37 64
23 65
63 20
84 3
33 54
59 83
23 26
50 78
54 86
73 38
65 20
32 66
21 68
32 97
17 51
65 94
94 15
86 39
88 31
27 65
53 14
70 59
53 71
21 72
23 4
93 5
14 13
63 83
24 15
7 53
39 38
4 90
17 84
63 74
42 60
66 27
100 73
62 70
9 12
76 85
80 52
7 99
20 37
44 36
82 24
85 55
41 41
29 24
94 54
53 95
3 42
42 93
27 22
20 19
19 60
77 67
61 77
48 85
75 86
41 41
71 23
30 43
94 98
72 96
73 16
62 28
75 54
62 12
42 8
89 11
54 38
56 86
8 21
12 30
37 67
57 72
56 49
17 84
90 85
34 32
74 41
18 17
99 59
53 18
4 85
11 57
13 18
89 22
14 4
4 39
97 66
19 2
25 94
53 51
13 34
54 54
14 64
99 66
35 100
12 12
98 1
24 86
34 70
64 12
3 5
14 3
29 52
52 45
88 48
85 13
53 80
4 52
40 36
24 70
100 35
60 46
74 13
77 83
94 26
29 14
15 83
86 35
6 17
28 62
45 81
99 45
87 44
51 57
69 6
80 64
86 3
17 13
6 95
92 33
55 83
20 49
38 72
93 44
27 12
56 16
58 18
12 36
69 9
18 29
31 2
66 15
20 94
54 18
65 90
25 63
66 28
37 22
99 81
98 62
25 51
11 9
82 46
60 86
51 53
40 83
23 51
96 41
52 25
88 87
52 43
70 47
49 92
88 43
76 95
84 39
6 57
52 18
11 20
63 53
67 48
35 76
85 43
80 43
68 65
26 9
20 37
20 11
95 7
13 6
70 51
41 93
20 46
77 24
55 26
52 49
66 87
65 74
19 81
56 51
45 44
89 96
100 75
11 23
59 53
60 17
63 18
95 38
48 80
95 80
84 74
14 30
76 56
76 45
94 33
89 51
21 99
96 80
8 13
76 62
34 3
4 94
23 39
49 79
95 78
43 2
69 98
76 9
54 42
28 22
30 22
16 79
32 79
24 24
98 8
96 32
96 60
72 14
24 35
42 27
56 5
23 89
84 46
99 78
51 27
90 29
84 33
24 19
6 22
45 68
99 96
70 29
11 100
27 31
33 1
9 10
51 74
10 69
100 12
31 47
92 27
65 14
77 26
66 70
72 55
96 19
57 54
36 30
73 54
4 96
9 73
68 50
62 92
94 42
74 27
14 58
34 61
73 36
42 79
45 77
51 44
20 3
31 28
33 92
97 100
83 80
96 40
77 96
41 86
64 68
32 46
15 21
75 31
99 46
42 3
39 75
84 24
23 98
64 73
39 29
30 34
82 58
84 16
72 85
15 77
32 39
44 98
29 10
97 98
75 10
63 36
41 79
32 10
80 30
82 7
100 93
29 20
37 76
55 39
100 78
63 76
15 2
16 60
6 14
67 50
70 31
16 82
95 67
16 85
52 58
8 84
67 6
76 32
78 90
67 82
1 20
69 59
17 97
84 85
30 21
42 14
47 72
70 19
21 69
34 77
60 53
98 50
9 50
68 79
8 46
44 9
98 3
88 41
85 17
93 74
87 19
88 47
54 78
62 92
89 41
20 71
60 71
41 82
66 24
95 68
10 97
59 81
61 13
69 8
58 13
85 56
51 69
25 97
98 81
79 42
36 94
3 95
49 65
77 53
8 62
42 35
38 35
78 62
85 53
56 65
96 49
7 17
66 22
58 86
99 7
72 88
19 74
68 63
60 6
79 47
33 57
37 27
20 50
56 97
58 93
72 29
38 82
81 25
6 44
38 37
75 99
87 14
67 64
54 78
32 81
14 31
69 39
41 68
19 93
48 85
87 41
47 78
12 10
36 77
67 37
11 22
56 6
74 74
74 56
3 41
16 17
75 98
83 82
35 13
14 32
82 53
83 37
18 3
23 86
55 1
98 80
27 15
20 39
59 79
32 21
26 99
92 28
9 14
52 28
98 75
7 72
83 11
64 17
24 70
73 66
79 65
76 80
36 37
11 61
99 61
14 52
20 13
49 89
39 72
32 79
18 43
56 83
2 5
38 32
24 100
5 1
47 80
2 52
98 99
38 95
2 70
33 76
90 94
42 57
10 25
4 55
58 68
90 75
59 42
40 67
56 25
91 25
86 48
47 84
24 24
83 33
56 86
19 55
93 84
34 62
29 66
59 17
75 22
65 50
99 36
63 81
46 3
57 1
90 75
32 3
86 33
48 8
5 81
42 14
3 76
58 2
90 43
6 41
75 8
90 68
29 98
11 80
4 7
91 63
96 22
82 27
99 83
58 63
94 74
47 18
84 21
47 23
49 93
72 28
37 28
92 64
68 70
84 84
43 26
56 45
70 89
51 46
77 49
5 81
26 76
97 21
52 12
60 46
71 4
92 30
70 19
80 5
11 32
54 57
47 78
45 37
82 42
45 54
42 51
94 92
37 33
25 96
68 50
73 46
77 7
89 34
83 14
92 47
40 50
80 54
91 12
17 87
86 40
10 93
71 49
17 32
30 12
66 30
37 9
63 85
9 50
43 56
44 63
21 2
10 91
1 58
63 1
29 51
47 92
87 70
83 43
45 18
67 81
7 69
35 87
21 98
7 6
67 15
82 90
67 31
39 75
65 69
35 66
46 73
43 59
10 78
25 96
32 96
90 98
59 99
19 64
9 70
15 93
89 23
43 85
47 99
51 9
36 19
100 20
66 77
51 51
36 89
78 64
82 75
62 75
71 15
89 22
20 28
65 8
95 22
84 21
84 50
76 32
98 100
90 48
7 15
30 70
16 70
36 17
17 83
46 64
5 15
99 28
65 92
63 59
57 58
96 96
33 84
5 3
47 65
31 10
84 7
91 43
61 51
76 91
38 72
78 64
97 50
73 96
62 44
65 65
20 21
4 60
29 2
8 54
31 46
38 45
25 56
64 84
98 35
6 27
96 19
28 43
35 12
52 97
16 61
38 56
71 85
98 6
42 23
11 78
12 82
14 94
6 27
34 94
90 70
19 12
41 8
95 82
71 67
79 5
83 13
4 32
25 44
84 76
33 13
26 40
17 26
12 56
77 64
3 42
31 87
59 38
57 80
47 24
72 18
47 74
51 94
20 96
8 66
51 36
96 42
43 99
80 76
30 83
33 11
85 93
43 10
50 7
24 24
61 53
59 79
92 64
54 33
11 53
91 30
76 68
88 61
43 31
67 26
47 59
20 35
37 9
95 99
17 94
98 54
63 80
35 79
88 23
14 30
36 38
58 44
50 60
30 12
57 70
88 22
95 68
29 56
97 94
86 21
54 89
90 100
97 70
47 50
84 51
99 99
60 70
75 46
92 61
80 40
58 58
52 61
18 93
90 31
48 61
97 96
34 70
11 81
84 15
49 52
78 71
52 54
18 72
48 44
20 48
7 73
36 96
17 7
74 78
93 78
3 87
59 8
20 9
86 70
48 12
98 70
79 89
20 71
14 99
68 47
71 58
42 50
11 93
41 24
15 17
71 79
22 99
80 30
79 83
34 31
53 71
72 29
36 47
97 76
42 56
84 80
79 79
94 60
41 11
67 6
12 82
33 30
79 45
4 49
67 2
14 38
20 30
31 9
15 18
73 24
94 84
68 84
15 71
88 91
47 87
62 26
15 80
94 3
22 22
46 22
51 71
52 20
50 55
8 2
5 76
30 63
23 22
60 21
62 43
4 83
56 9
24 23
22 4
89 17
50 1
45 73
3 46
51 60
96 99
64 29
7 24
12 64
95 4
35 69
49 95
89 83
93 75
50 55
75 52
57 100
36 73
53 37
59 86
60 49
62 83
41 11
30 13
79 82
58 56
78 43
98 91
56 50
35 6
17 85
7 55
87 76
92 42
54 36
14 100
67 82
41 10
87 33
15 97
75 44
29 20
15 36
71 5
55 8
26 27
66 43
37 76
76 90
28 62
67 76
62 4
32 39
47 27
35 98
68 79
98 61
4 52
24 63
40 57
7 68
56 55
39 36
62 18
58 95
38 13
4 42
79 92
23 44
53 3
54 38
18 21
89 51
13 68
38 96
18 52
34 94
91 80
69 59
39 75
16 67
49 36
91 74
100 70
19 2
77 56
3 45
95 53
59 75
47 82
16 83
80 24
73 43
89 81
12 86
47 99
90 71
81 92
6 42
58 62
1 43
2 2
11 95
54 6
52 86
88 88
18 70
88 53
23 66
44 79
6 77
47 78
40 89
28 23
72 64
28 68
48 27
42 10
30 50
6 31
49 9
81 69
10 4
68 46
59 98
87 62
45 97
54 22
50 20
14 5
31 51
66 55
71 82
16 1
69 37
82 85
48 70
30 17
64 8
31 20
24 61
1 69
68 78
62 80
49 99
82 74
32 12
11 29
79 89
26 82
90 72
48 14
44 42
55 93
67 52
46 37
28 40
78 65
31 71
53 18
93 43
84 48
45 25
40 60
13 72
28 36
56 89
86 8
15 87
7 84
7 44
46 23
24 6
82 54
51 61
12 99
85 54
38 60
3 99
22 66
46 31
51 28
22 96
64 30
27 43
54 43
74 79
26 34
85 8
45 28
1 81
75 57
32 4
92 33
16 94
23 25
73 63
55 91
81 76
61 72
87 95
10 53
21 46
81 91
21 86
1 97
50 58
87 53
49 81
91 82
16 13
29 35
85 96
6 33
29 4
73 3
62 91
11 100
34 41
1 5
58 76
4 87
92 69
82 69
44 56
21 37
28 27
83 62
42 80
13 74
14 66
73 32
8 61
47 45
4 78
42 17
34 62
7 42
99 52
15 36
28 20
49 79
86 93
88 69
87 9
90 22
43 22
59 53
81 30
68 12
10 92
15 3
93 64
2 12
66 3
100 48
42 66
35 1
2 10
79 98
55 73
75 98
51 53
76 78
10 90
9 57
91 42
24 90
44 27
13 11
2 72
13 5
74 22
96 66
18 55
40 92
43 8
95 40
61 42
39 45
53 34
83 8
31 37
8 13
42 20
13 7
64 75
73 1
14 70
10 31
88 35
81 87
85 41
22 7
59 56
67 3
69 65
78 89
7 74
2 75
77 54
9 94
79 74
46 39
60 93
93 50
26 84
100 67
31 71
2 80
43 70
61 21
15 53
37 73
20 66
91 83
50 61
37 91
15 16
82 93
26 80
46 84
36 11
76 68
77 86
44 33
94 92
18 94
16 13
20 85
25 52
20 87
8 83
28 65
19 68
18 71
82 60
98 81
67 68
12 40
88 7
61 43
18 16
19 89
67 2
53 69
33 7
42 23
69 81
90 9
4 41
22 91
69 51
84 50
9 88
80 42
91 91
59 66
76 67
99 33
98 74
66 77
85 42
45 39
96 9
1 54
88 78
87 44
88 11
64 14
67 54
71 70
74 77
64 88
89 12
30 5
48 45
39 98
95 71
29 59
42 3
98 9
78 41
2 38
95 41
13 32
56 51
30 82
34 9
66 15
51 85
54 99
62 37
6 49
40 45
80 49
4 35
61 61
30 26
19 74
54 70
79 70
57 94
40 78
9 86
78 38
67 7
99 35
59 74
42 27
78 14
4 45
13 82
77 85
3 74
42 21
12 25
65 57
43 97
22 38
75 16
29 37
94 93
23 55
44 64
57 80
13 33
34 80
71 50
55 18
65 7
23 63
29 20
11 66
4 59
85 81
28 39
86 12
88 16
71 73
42 45
97 86
77 53
44 91
68 52
34 17
8 51
43 97
18 81
71 33
95 76
83 19
51 40
86 61
24 22
63 41
63 41
40 82
28 95
86 36
87 5
42 92
61 50
21 84
96 93
20 45
16 36
43 91
48 31
80 96
3 79
94 90
36 35
59 86
28 53
56 79
2 79
23 47
70 71
88 24
28 45
70 32
57 69
28 27
14 55
18 88
93 23
91 55
6 93
75 39
62 84
15 28
32 22
67 2
20 87
97 12
65 78
63 82
49 68
58 58
34 1
83 25
71 68
50 64
16 15
22 80
65 57
38 16
44 12
51 72
26 98
62 1
60 7
3 16
4 92
86 29
55 94
95 92
29 74
90 71
64 45
84 98
79 11
17 5
27 48
90 86
83 61
45 90
80 28
23 81
47 54
51 49
50 60
75 91
43 16
72 79
78 90
5 23
96 97
87 44
92 79
14 41
33 81
68 90
27 13
6 2
26 68
99 46
73 32
55 72
85 58
62 51
65 43
82 91
28 48
60 91
44 16
87 21
92 36
38 74
42 3
73 77
47 53
55 35
69 24
17 72
49 57
63 92
43 97
8 6
68 26
25 50
88 97
38 90
20 88
88 73
30 91
62 78
57 94
34 95
73 56
71 96
46 75
69 92
64 7
39 33
54 2
83 74
31 6
11 67
44 15
42 5
60 8
47 10
24 49
25 23
10 25
31 70
83 89
25 17
76 6
2 92
46 51
85 56
16 96
97 86
86 2
31 46
82 73
97 22
81 91
4 56
8 60
99 1
33 82
15 48
25 28
6 61
25 67
94 36
71 90
84 60
91 36
23 23
78 61
79 29
68 19
57 73
25 91
66 74
10 18
31 34
3 27
77 23
58 53
97 79
96 85
53 82
12 74
61 61
16 8
29 75
84 3
28 28
95 75
13 36
90 29
89 1
76 50
37 30
86 47
63 45
85 62
28 50
84 96
76 98
9 44
37 97
71 88
48 12
12 6
60 19
26 40
38 9
83 10
87 12
32 85
30 59
27 72
78 32
37 91
16 38
71 47
71 76
7 2
37 56
55 77
45 21
78 1
36 39
95 68
44 85
97 86
71 50
70 10
12 12
17 9
93 1
77 57
48 62
42 46
68 86
81 96
28 89
48 48
70 52
52 92
49 88
13 14
39 58
36 63
52 36
25 18
25 59
11 56
36 26
42 42
85 50
8 19
88 97
20 52
74 23
70 23
59 68
88 13
50 22
55 51
86 97
7 10
58 36
5 64
42 47
90 32
61 81
55 14
54 31
44 1
68 59
92 1
5 84
21 73
31 99
68 96
53 1
20 75
33 90
62 74
23 36
80 4
83 22
2 66
35 10
84 78
52 86
47 19
47 4
57 56
51 45
20 40
7 1
5 88
100 6
66 68
96 32
97 25
30 57
90 36
20 54
73 34
44 31
61 96
62 81
91 12
27 27
44 3
95 99
64 70
16 42
8 19
18 12
21 73
28 68
49 96
19 48
96 4
15 36
1 84
61 32
94 20
29 9
86 80
1 84
3 41
35 19
98 75
3 21
9 99
51 41
80 43
83 83
5 77
18 88
4 3
93 89
23 44
97 56
17 31
44 55
33 49
70 27
28 99
98 48
34 64
77 98
36 80
74 9
93 78
10 68
36 67
33 86
93 5
25 49
55 59
88 99
97 56
88 60
42 18
74 80
38 90
59 95
59 75
92 2
24 79
54 63
54 68
4 21
51 92
17 32
50 82
55 35
49 2
29 67
26 75
8 57
50 9
66 64
44 83
40 9
10 99
45 47
40 64
76 83
1 90
26 79
80 25
30 38
54 49
26 30
88 77
71 10
2 27
68 96
31 72
42 63
68 70
61 4
79 58
22 98
68 60
63 78
70 9
1 13
81 11
16 71
68 43
34 44
94 34
63 11
67 84
61 60
4 43
14 3
61 58
21 64
74 35
44 24
36 64
17 90
42 40
31 77
61 63
84 51
61 94
48 81
12 14
99 80
13 75
37 47
71 23
53 70
10 22
62 56
8 66
31 27
74 26
82 96
32 13
41 99
56 24
48 93
98 47
27 43
59 48
10 40
38 77
98 63
13 72
60 37
69 30
29 89
42 68
72 91
89 14
59 38
63 1
60 44
93 63
56 26
63 71
21 4
17 43
11 96
15 97
44 30
55 37
93 73
65 54
95 1
100 47
100 86
60 46
72 39
86 57
77 66
39 20
97 27
53 100
39 45
27 35
100 41
41 44
99 67
81 87
2 37
85 79
77 21
59 62
72 27
68 94
79 1
6 72
37 70
40 91
77 100
3 14
26 68
