200 8
33 53
32 23
75 59
8 72
92 77
26 51
6 20
14 94
8 17
75 50
91 42
54 95
79 20
30 19
25 49
18 6
43 52
39 32
47 81
48 60
98 45
73 30
91 69
41 5
10 94
96 48
34 19
60 58
68 80
1 94
75 19
1 39
3 6
63 16
52 70
44 87
6 36
22 45
46 72
49 15
20 92
42 54
67 45
46 57
32 73
97 29
15 39
68 57
10 72
77 42
5 72
79 1
33 7
68 60
17 9
53 43
92 25
43 100
12 1
33 67
44 91
30 67
53 71
97 50
68 78
3 46
25 11
73 31
27 94
58 9
42 54
42 18
25 8
25 43
81 9
23 80
88 68
87 50
97 19
43 89
9 41
97 19
48 98
45 85
5 41
93 46
73 18
34 69
65 78
47 23
52 61
67 10
22 94
78 66
5 64
62 93
90 29
87 40
4 63
25 60
33 31
36 28
44 32
87 98
77 11
50 94
30 72
89 5
13 84
77 98
85 45
93 68
3 71
70 98
81 74
80 83
48 95
88 71
3 62
89 55
22 77
83 70
40 47
63 21
56 27
98 37
37 55
25 42
46 61
88 23
74 31
11 78
25 71
16 42
63 63
75 35
8 24
6 78
82 87
1 20
72 89
65 76
12 23
68 26
85 69
31 62
22 55
98 80
30 69
64 57
49 23
57 43
88 6
41 83
100 41
45 36
68 8
72 68
47 11
24 71
81 84
13 47
32 61
100 6
16 30
68 20
27 58
94 33
67 43
84 41
52 42
73 35
50 17
21 90
91 5
8 50
36 93
48 86
46 9
16 21
72 57
71 65
82 12
83 11
52 93
48 30
7 91
72 98
73 96
52 90
61 25
43 9
83 19
48 28
46 33
48 35
2 63
23 13
7 94
89 80
