200 39
62 87
41 14
75 17
48 97
32 86
72 71
98 97
14 51
65 26
77 38
34 99
78 59
22 46
70 36
99 40
1 79
7 7
11 52
89 37
77 95
23 86
86 48
82 53
81 84
86 52
93 36
63 99
48 98
26 60
6 57
54 37
76 21
53 24
86 36
100 5
53 72
25 82
32 67
87 22
4 94
34 2
41 52
15 82
50 89
3 1
86 77
22 62
30 27
62 3
71 29
54 92
21 87
54 26
22 63
50 49
1 82
4 93
8 4
50 64
41 6
2 93
36 55
16 43
11 66
44 1
61 17
7 58
55 14
88 44
75 86
61 15
88 42
84 93
39 75
27 33
53 80
33 33
59 99
90 44
32 25
55 59
78 73
40 100
62 6
69 64
32 84
92 76
40 43
24 15
93 11
8 68
44 27
51 28
73 49
49 64
7 8
16 79
57 69
80 12
72 31
87 74
47 48
16 36
77 87
67 67
38 14
32 55
24 47
26 69
2 43
83 75
7 51
38 79
59 64
4 34
97 39
85 5
21 73
93 14
67 32
79 87
59 85
77 4
92 98
39 79
52 26
10 21
84 7
88 55
34 69
80 87
57 60
97 24
67 22
37 20
43 24
33 55
37 40
92 79
28 99
21 89
15 32
16 72
2 60
70 97
53 7
38 77
41 60
69 53
50 25
66 79
48 49
100 87
29 30
46 81
35 71
83 12
69 14
75 33
70 76
56 98
46 72
79 33
61 30
62 44
13 50
54 67
83 92
6 74
59 100
8 58
63 38
47 12
22 28
67 35
36 8
76 71
7 33
87 20
12 31
91 95
56 46
83 40
56 70
35 21
42 45
65 70
91 15
5 95
33 95
79 56
28 77
6 7
53 46
96 47
87 76
10 20
46 12
68 39
2 86
