200 42
95 70
12 32
81 46
70 24
24 29
52 11
69 73
49 94
6 69
31 14
95 61
62 71
74 76
39 36
27 31
21 98
56 10
45 97
76 12
69 9
95 96
96 20
93 72
98 34
75 47
19 39
63 1
23 36
88 8
46 26
63 53
49 34
32 81
77 79
63 89
38 11
80 15
27 25
37 13
71 1
72 43
30 70
24 93
79 5
23 24
30 5
95 71
69 27
60 29
83 53
56 28
98 72
37 31
88 37
8 94
66 35
57 62
75 34
39 49
1 5
79 19
4 63
1 51
52 58
19 97
53 7
75 37
47 64
48 4
76 50
91 65
53 43
30 65
78 61
96 10
79 94
2 76
80 92
37 43
5 63
18 19
26 28
44 16
50 4
91 77
36 70
59 58
33 64
47 1
45 6
90 28
6 97
34 72
69 87
54 82
21 24
23 70
32 71
6 92
52 67
55 33
15 41
75 23
29 47
16 5
26 75
35 78
56 98
19 4
80 83
50 72
17 54
11 32
18 6
64 100
15 60
33 89
39 47
64 88
63 30
63 24
5 95
53 45
89 26
92 55
54 77
36 77
41 54
47 72
12 33
27 7
36 20
18 61
25 1
25 44
99 7
81 71
74 98
74 18
2 68
69 73
12 19
37 76
70 76
6 30
59 81
16 11
3 95
14 58
73 22
28 9
69 2
77 88
71 7
47 95
87 72
88 4
96 79
59 37
1 99
30 68
62 64
72 67
75 24
3 96
13 66
59 91
66 82
52 92
46 27
38 48
10 54
80 1
7 20
9 7
49 41
17 74
41 93
82 9
42 83
49 12
57 45
57 74
41 96
47 98
71 9
83 17
62 2
64 92
74 49
79 93
74 92
5 22
99 11
54 23
35 52
67 71
27 38
54 50
66 90
