200 87
75 56
90 36
25 92
19 1
88 18
81 68
92 24
8 58
74 58
57 61
82 36
53 61
36 100
35 91
24 22
62 48
54 38
36 28
69 32
93 31
70 76
34 14
27 18
26 1
18 13
75 43
80 70
38 77
91 54
10 39
74 22
72 24
88 53
16 8
24 73
62 13
31 44
65 79
3 19
17 63
74 11
37 8
15 93
44 45
96 28
18 16
19 4
16 29
92 36
65 95
52 43
96 85
27 10
36 34
49 11
29 17
25 53
42 22
75 54
86 64
4 9
79 41
6 55
79 86
72 10
47 42
67 71
71 90
86 2
1 60
78 2
13 5
75 30
3 63
7 31
58 84
38 49
51 19
56 84
99 92
29 16
47 11
77 11
55 63
23 52
69 34
7 4
72 91
77 37
38 70
33 32
20 8
80 4
87 69
97 70
55 62
85 23
70 90
57 52
9 79
52 65
24 51
83 15
38 21
6 20
14 98
63 91
66 62
39 17
8 51
84 45
83 24
77 94
75 37
95 10
58 57
38 62
9 63
37 26
32 73
83 97
99 89
94 60
34 7
43 95
84 88
56 45
51 31
51 28
39 23
89 34
95 13
89 22
49 55
42 41
76 49
18 83
99 9
98 10
82 99
89 34
62 83
9 21
87 19
89 82
39 38
98 80
7 74
50 5
17 49
46 78
45 8
30 62
29 39
42 98
49 27
61 70
78 39
62 68
81 1
32 1
83 76
49 5
30 63
78 41
57 3
47 22
8 2
11 6
68 99
7 27
45 24
12 49
66 28
52 16
58 38
83 66
36 60
93 31
74 25
72 84
81 17
98 49
58 45
89 78
71 26
11 65
52 37
9 45
25 59
56 65
52 60
90 23
63 76
97 9
43 52
27 34
71 44
26 12
80 94
