200 55
10 62
65 45
18 1
92 1
70 55
30 36
53 18
69 54
70 48
51 63
39 47
40 61
64 35
55 5
65 16
40 54
68 79
99 72
52 100
21 57
17 9
52 49
13 85
23 28
16 44
83 53
7 26
10 36
61 40
35 33
94 34
72 67
96 72
14 99
22 61
83 24
9 93
37 10
20 73
80 83
89 7
62 76
90 67
94 41
61 58
41 60
23 94
60 43
40 19
51 8
63 18
33 32
61 65
17 26
81 46
27 39
91 88
54 42
16 87
33 10
43 65
1 74
39 33
64 42
84 31
2 22
63 56
5 6
33 48
85 62
41 56
93 61
12 49
41 21
34 42
29 23
59 69
98 14
44 99
30 62
9 5
92 76
99 74
23 66
69 35
38 52
31 66
56 9
52 96
49 34
24 67
22 84
38 56
93 39
37 9
23 97
52 30
69 17
16 31
17 36
33 69
47 19
14 88
19 36
64 34
55 28
4 39
31 14
88 35
8 57
5 8
13 86
49 18
67 46
85 51
64 2
13 65
64 96
80 29
24 6
86 100
50 78
7 56
38 78
82 51
96 34
38 93
57 4
96 37
35 80
49 56
68 16
89 83
54 49
99 68
42 26
33 20
98 68
1 40
53 88
30 42
9 97
13 32
77 33
77 58
47 82
8 26
34 91
73 26
48 22
76 46
24 14
81 7
93 24
100 25
30 84
27 13
63 19
38 76
30 64
9 47
38 68
73 68
100 96
20 95
86 28
73 97
85 69
57 43
14 67
28 83
3 93
90 85
9 92
3 17
42 100
65 34
80 76
57 16
70 44
20 63
8 62
72 95
33 43
21 78
26 85
51 69
69 82
59 10
47 83
29 64
86 72
34 79
41 88
43 8
89 7
51 76
23 70
11 57
21 100
