10000 54
27 2
49 45
58 15
52 79
45 1
72 71
53 36
30 60
23 41
94 6
39 9
98 78
35 43
62 89
80 1
1 33
93 75
87 83
24 71
31 18
89 36
83 8
90 89
60 81
90 80
35 98
10 15
70 88
36 6
18 43
93 64
94 45
1 56
35 57
15 31
66 67
6 88
13 10
31 77
92 29
18 13
86 95
13 78
95 69
50 63
53 5
34 60
19 27
93 80
31 8
23 13
59 18
63 92
52 27
46 21
20 47
69 38
84 13
95 36
88 95
87 23
76 42
35 36
16 14
72 28
21 20
94 41
68 58
41 44
86 94
70 65
66 41
14 53
40 58
60 24
30 9
25 1
17 58
25 92
50 68
82 12
18 48
13 86
55 90
26 41
99 8
74 86
99 54
39 92
6 39
71 9
54 24
19 95
94 92
74 48
36 94
98 34
38 73
51 59
72 11
68 63
81 60
17 65
37 87
12 4
84 78
100 23
31 55
97 38
86 2
71 54
4 25
56 50
1 21
98 52
87 3
25 25
58 84
60 84
94 16
46 66
30 29
57 9
18 79
4 59
62 22
40 54
22 89
30 87
77 83
68 34
93 48
55 97
10 23
30 99
29 45
20 35
75 36
61 15
51 3
14 3
6 67
68 92
48 81
50 15
77 71
34 94
51 41
35 31
18 63
23 70
94 73
91 86
92 56
57 39
1 76
8 66
45 92
42 53
25 85
14 54
79 79
50 3
31 100
61 10
60 36
79 34
51 95
89 11
35 41
52 55
98 65
18 63
100 41
30 95
54 67
40 80
83 39
62 12
15 79
87 27
20 88
47 69
81 100
89 59
75 12
49 52
52 44
94 80
50 12
67 41
5 99
54 23
24 65
39 74
21 3
83 75
51 89
57 100
75 59
37 96
60 71
51 66
93 61
38 72
75 7
71 92
73 37
50 41
48 17
87 20
82 51
63 45
41 56
38 38
46 78
39 28
32 89
19 54
60 70
90 51
18 5
1 68
60 8
23 98
57 17
2 50
100 29
70 15
85 42
48 98
13 69
88 78
100 88
78 6
19 91
18 67
68 80
50 2
3 13
30 66
73 91
92 62
90 61
86 88
12 2
40 26
89 74
87 40
36 10
62 26
21 7
62 13
83 85
84 29
50 47
24 88
23 31
20 36
100 27
77 7
24 4
73 21
7 22
96 89
63 8
45 30
59 91
84 85
100 74
7 44
84 99
36 43
39 34
81 95
25 72
84 36
61 50
64 16
21 99
89 88
24 90
75 52
82 29
51 34
74 31
9 70
41 10
63 56
5 2
90 28
28 21
77 59
67 7
53 34
52 39
53 52
97 24
69 12
91 3
83 47
15 59
76 11
1 43
82 49
16 61
92 22
94 52
27 11
23 57
69 18
89 21
9 35
18 39
9 98
88 35
45 61
24 7
89 62
32 56
7 1
79 89
46 19
9 91
41 57
96 93
75 43
16 96
84 85
18 58
98 63
70 13
87 96
27 85
49 63
42 98
67 13
69 61
48 17
73 80
91 35
10 90
61 9
38 32
52 38
5 23
39 74
99 76
100 32
6 87
67 42
18 46
30 4
69 58
18 50
73 27
71 13
59 75
27 24
41 46
80 17
10 10
16 51
60 20
18 33
49 44
94 29
95 36
15 11
43 23
57 77
52 86
73 3
9 47
19 75
77 50
6 71
97 21
84 94
64 71
10 47
54 92
51 10
9 89
33 53
19 7
71 92
49 68
56 80
14 79
53 27
23 33
92 91
77 71
10 58
8 58
45 17
93 85
77 99
48 72
77 76
65 64
52 76
15 3
88 63
92 46
32 70
73 12
20 60
18 32
5 11
42 18
21 55
47 63
50 68
21 98
84 76
84 5
79 53
34 34
91 87
74 71
69 56
43 22
67 34
93 46
76 56
10 60
24 31
71 97
54 96
73 5
52 10
56 30
66 27
35 84
30 91
48 11
82 97
18 52
22 76
26 45
66 5
82 63
60 32
68 98
48 81
31 97
84 21
16 68
84 5
69 45
29 89
16 90
36 98
8 78
18 15
45 19
9 53
11 55
29 36
48 45
25 99
14 93
78 51
62 65
76 73
97 59
84 23
68 86
77 68
57 43
21 48
31 57
69 47
13 44
61 15
58 10
52 99
21 83
51 62
56 54
2 97
2 57
51 73
94 71
71 24
13 28
66 48
74 27
85 53
89 99
5 93
29 38
77 16
82 61
25 66
9 73
70 4
28 25
96 35
82 18
67 66
13 63
20 92
88 66
26 41
65 62
65 28
4 19
62 59
22 78
2 63
15 18
9 65
57 49
37 56
75 25
99 80
83 68
56 96
56 100
90 18
27 35
75 16
62 34
94 78
73 58
94 17
86 46
13 12
45 96
84 88
73 66
26 46
26 29
67 34
44 89
23 48
35 58
35 39
84 58
45 31
93 27
70 89
75 50
49 82
81 88
70 30
17 43
98 55
6 4
2 64
17 99
47 6
73 76
12 7
58 34
60 66
40 20
19 29
55 44
61 65
92 43
39 73
36 64
38 24
90 2
94 45
2 71
34 67
52 41
70 61
15 78
9 59
96 69
75 1
96 47
43 100
37 99
60 68
36 82
37 59
32 99
80 17
5 51
96 7
14 42
11 76
95 54
90 82
27 14
45 34
73 68
68 69
88 43
89 14
7 30
9 2
47 42
80 91
17 57
71 37
50 49
85 65
53 71
12 74
51 90
61 98
75 44
85 79
44 57
84 78
15 100
49 91
14 81
80 6
8 44
100 27
52 57
77 42
55 11
28 44
89 35
71 60
77 95
42 61
85 57
62 39
50 76
99 2
6 10
72 24
99 24
67 32
1 64
32 50
6 76
83 13
56 43
38 77
44 89
72 31
41 7
55 20
27 71
13 66
75 58
81 49
34 44
56 93
76 6
59 69
12 47
59 100
82 61
6 16
73 60
100 79
50 8
54 88
64 27
40 51
67 55
66 71
12 49
80 83
21 5
62 95
33 74
65 30
46 12
59 85
6 38
75 5
96 11
58 45
83 45
25 58
87 91
8 49
79 74
11 100
63 4
73 70
17 95
22 27
25 77
55 58
96 24
50 74
90 81
28 5
87 90
80 62
86 12
65 7
94 87
65 93
74 9
95 92
37 50
31 6
96 94
58 24
46 83
88 82
90 93
44 37
18 67
1 20
7 83
21 78
43 32
62 56
28 38
72 61
35 45
10 98
98 73
89 74
67 26
2 68
30 19
36 46
74 34
66 66
7 15
88 87
2 40
76 9
76 30
26 64
13 15
80 49
11 39
1 93
78 50
91 42
17 90
72 36
94 54
54 87
45 21
62 4
26 63
55 76
87 64
88 15
80 57
44 85
93 53
90 72
57 86
81 27
37 89
75 3
14 12
66 11
100 31
90 93
45 45
46 26
67 85
24 84
45 33
29 47
24 42
26 92
24 23
46 19
39 50
53 28
54 52
31 96
87 31
28 19
82 17
3 93
68 5
52 27
36 95
89 76
22 13
19 53
27 58
86 48
62 1
47 35
89 92
25 53
32 34
42 84
83 100
12 56
31 65
94 28
88 18
62 1
38 58
59 82
75 57
25 48
17 23
1 70
96 39
97 33
34 48
47 60
18 42
25 95
71 83
91 33
95 37
33 31
45 41
34 84
94 81
67 94
42 21
62 12
4 10
50 72
65 76
55 47
28 16
26 61
6 25
66 11
20 42
56 63
74 46
21 30
84 54
34 91
34 28
61 7
81 100
13 50
40 22
52 5
58 80
25 80
56 96
18 51
15 75
22 21
38 22
9 35
6 16
42 34
57 7
89 86
28 69
46 1
2 86
57 26
20 76
35 58
75 22
8 59
20 9
23 9
84 29
70 23
85 51
73 76
71 44
97 43
36 79
40 85
21 54
57 48
21 70
37 91
57 25
67 43
87 10
99 41
98 17
67 81
25 62
18 50
58 88
94 32
73 99
89 8
40 65
38 69
60 4
73 96
35 25
73 15
15 12
91 39
34 19
2 98
42 86
25 71
78 90
41 3
82 90
3 66
91 42
42 87
50 31
72 19
44 51
82 7
50 30
78 46
45 7
50 88
64 85
43 22
94 67
9 79
88 73
98 94
88 5
30 72
75 41
48 67
7 42
44 80
89 40
28 63
55 61
47 21
84 61
57 100
95 84
39 65
97 63
71 100
37 91
68 53
45 11
57 43
41 11
97 14
43 47
77 19
86 32
50 89
36 100
92 36
11 22
95 50
75 15
93 87
4 21
24 89
36 20
29 79
92 100
76 61
88 40
45 88
30 28
22 92
22 26
88 97
2 39
87 43
94 82
18 65
10 74
88 53
40 15
93 82
24 8
83 9
24 50
26 7
81 33
46 17
76 61
11 56
81 9
82 12
99 90
26 25
30 10
18 45
23 19
94 4
97 30
50 63
25 13
93 65
51 11
35 79
91 16
24 72
59 35
85 68
8 73
14 7
26 23
3 7
77 46
20 88
40 72
15 29
48 44
31 50
83 93
66 73
36 19
57 4
55 80
99 47
16 15
100 7
24 5
3 77
69 8
43 98
67 59
68 77
30 64
58 26
2 94
88 19
38 47
100 54
88 23
92 86
32 67
52 38
73 26
28 12
48 71
35 95
28 37
24 79
47 80
81 13
36 49
65 24
11 99
82 7
57 32
74 33
70 51
57 56
26 82
62 4
40 22
91 41
33 47
61 82
87 36
61 10
36 45
71 37
16 81
95 67
49 39
78 39
7 58
8 91
66 42
35 76
60 68
45 9
96 64
20 91
51 66
98 23
49 57
40 86
96 96
12 41
58 31
29 43
62 40
50 80
78 80
86 40
29 86
87 25
26 21
68 91
55 36
25 85
14 97
27 68
95 55
24 91
72 80
52 72
96 22
88 80
30 82
68 19
6 9
82 76
2 87
22 44
46 52
78 98
6 26
69 38
29 96
89 18
8 88
86 8
80 33
45 47
37 85
64 66
45 25
30 14
66 84
88 68
59 43
30 11
60 55
16 7
34 67
3 41
14 61
31 21
87 55
41 41
54 22
75 59
51 93
34 29
66 31
87 66
87 25
44 1
77 62
66 91
65 12
59 58
2 53
10 30
16 53
78 62
65 21
68 50
21 86
21 10
95 67
71 24
72 20
33 95
78 53
19 61
32 73
7 7
36 38
93 91
70 71
15 2
55 21
25 1
58 36
21 88
60 88
5 7
54 89
93 12
69 75
74 32
76 94
41 28
97 4
82 93
81 38
16 100
87 61
18 28
9 93
3 7
27 14
17 85
17 84
14 96
87 49
58 95
83 32
23 34
8 29
98 17
61 39
71 82
76 23
83 91
64 22
27 45
31 58
3 6
20 99
70 47
24 100
94 64
66 16
18 22
76 1
74 22
37 92
71 68
19 16
67 33
50 31
11 25
90 63
16 26
25 78
45 54
73 72
45 35
64 52
6 2
5 15
84 11
5 41
5 67
66 48
49 38
11 58
100 22
25 48
33 65
80 22
78 85
77 31
48 67
35 68
13 37
79 45
8 2
69 52
49 27
51 100
62 41
89 63
78 64
97 39
56 61
44 98
55 2
43 27
40 46
81 99
96 30
84 98
57 56
13 31
30 76
46 27
38 62
87 56
51 81
69 44
2 33
95 59
6 53
41 73
23 23
4 30
11 69
20 80
81 70
83 49
24 20
38 21
79 41
54 45
69 18
85 23
100 78
56 77
87 8
28 52
83 45
71 89
99 94
22 60
48 51
55 18
61 25
88 15
62 54
85 91
15 72
76 6
24 69
27 81
76 49
62 73
92 37
98 20
56 73
92 1
27 26
47 7
97 67
30 9
8 31
46 86
87 98
1 51
37 50
36 72
59 13
4 50
70 13
62 48
52 10
1 16
36 44
31 53
36 70
100 72
41 66
44 1
35 82
31 8
44 36
70 34
93 97
21 14
32 24
21 30
67 25
7 33
22 25
29 19
32 14
96 55
63 41
4 96
52 66
55 49
42 62
11 70
39 47
62 5
1 29
17 55
89 41
3 17
71 72
61 67
88 66
42 47
70 92
36 95
31 23
98 57
75 26
46 68
42 58
45 48
60 8
96 16
51 43
26 60
77 37
44 81
76 66
72 28
85 87
53 96
58 76
44 88
6 55
49 63
76 43
99 84
69 3
23 77
73 7
52 85
100 39
49 72
19 91
65 64
30 32
77 52
20 6
91 73
24 97
40 89
28 32
50 86
26 10
75 19
88 42
24 79
99 81
79 25
83 11
55 35
5 50
59 66
90 55
93 58
79 84
23 90
62 6
34 55
20 36
63 59
30 26
29 82
89 44
46 97
22 2
83 46
32 38
93 47
1 14
94 47
45 49
75 17
99 95
3 12
2 14
52 97
97 31
30 39
98 48
25 98
23 18
93 77
95 7
55 23
29 56
21 78
29 77
53 100
44 67
95 72
9 30
36 30
97 84
100 6
22 99
39 64
42 15
5 7
6 77
32 89
50 23
17 25
98 39
4 18
65 94
47 78
10 3
19 51
13 68
19 15
38 20
83 70
52 15
91 3
74 31
93 40
61 86
84 55
46 64
8 71
4 2
79 90
55 39
84 66
29 39
83 53
70 64
87 20
52 21
67 9
54 44
55 3
38 9
16 4
49 96
9 85
44 5
17 45
76 17
96 28
14 47
100 46
46 23
92 61
21 38
25 39
27 34
98 77
58 90
33 36
76 18
94 77
92 2
17 38
40 94
57 60
57 58
17 31
87 51
42 91
75 26
7 8
6 8
39 19
47 30
23 26
17 49
29 96
12 61
9 76
44 21
25 47
98 50
71 57
1 64
99 41
59 34
84 96
80 86
79 48
37 42
100 95
86 24
36 98
30 34
50 81
25 19
4 2
32 71
36 12
4 11
70 3
5 98
90 87
65 44
47 68
63 92
38 27
40 61
66 10
72 20
54 1
88 17
5 33
61 71
22 69
46 97
27 20
69 82
66 68
77 60
3 41
67 83
10 7
85 34
15 60
78 58
3 11
94 98
73 81
35 83
68 29
25 71
58 28
63 99
94 85
68 48
75 19
95 87
48 28
35 57
96 16
30 6
86 91
91 37
93 90
22 11
41 72
47 33
17 12
96 79
26 100
27 79
99 6
72 88
57 76
69 76
9 19
29 93
81 25
84 31
80 31
64 35
57 83
64 25
93 50
21 36
45 99
43 49
8 77
72 31
50 53
71 95
88 91
90 23
63 15
43 12
42 32
40 21
41 78
81 90
69 11
22 66
93 38
64 29
74 42
98 96
26 18
75 53
4 63
16 37
20 33
62 95
33 23
39 74
34 74
90 90
88 83
46 44
20 45
20 48
7 86
98 17
92 37
99 85
30 99
70 50
68 77
26 57
70 90
30 30
15 36
40 75
67 32
59 75
93 69
9 18
81 94
57 31
91 4
1 97
25 40
54 29
97 47
73 98
95 93
98 95
74 29
53 55
82 36
99 9
25 77
8 53
74 71
78 44
38 56
96 65
19 8
49 53
74 45
4 88
47 83
76 49
14 17
52 100
89 19
77 96
62 44
43 91
27 54
29 92
74 67
50 76
5 65
30 81
57 46
3 87
87 65
14 76
48 71
94 5
42 40
97 87
48 70
89 12
56 8
40 21
54 60
2 30
97 5
34 16
53 24
88 90
60 88
65 1
50 67
51 40
45 21
59 20
26 78
52 14
78 38
31 40
55 14
54 89
21 1
80 32
34 97
9 22
53 25
12 80
87 41
74 20
43 93
43 15
72 77
68 80
50 50
22 99
23 69
13 81
31 41
37 18
52 81
25 47
63 47
67 51
2 16
99 69
2 50
7 86
63 39
52 32
43 37
57 19
41 70
58 50
67 76
95 84
56 1
44 33
28 80
64 71
89 73
47 56
11 64
76 58
21 96
59 9
37 76
92 58
97 92
36 51
54 25
95 68
2 30
56 95
39 40
4 57
43 91
73 60
35 49
21 53
13 60
31 72
64 75
37 12
73 70
85 77
64 48
9 75
76 70
16 37
19 39
53 26
21 21
69 82
96 70
55 33
75 11
51 52
28 17
94 6
72 3
47 42
74 41
100 74
76 47
23 89
91 66
86 7
74 41
29 97
55 47
19 87
86 56
98 49
93 78
59 6
50 67
87 17
16 86
1 29
59 81
77 23
85 15
73 59
35 29
44 79
64 52
11 40
35 91
82 69
38 60
7 72
97 39
94 53
55 16
26 66
25 77
72 66
97 39
2 65
27 65
55 54
22 7
87 18
73 47
19 19
3 8
49 65
76 31
30 67
70 74
52 35
81 77
28 7
89 69
56 6
69 24
85 31
51 22
66 64
1 28
47 67
5 71
28 82
84 42
37 75
8 38
7 43
17 85
56 7
38 47
67 60
68 39
39 51
48 53
16 40
54 20
35 30
62 5
32 4
75 94
87 20
38 49
53 88
58 54
26 86
96 8
19 44
77 52
96 4
42 9
69 18
92 53
11 34
35 20
86 36
4 73
94 86
41 88
100 74
49 88
99 72
24 10
22 85
79 31
75 29
18 26
57 84
15 55
1 30
25 22
19 89
40 98
12 44
88 17
14 74
37 81
22 38
95 26
65 23
38 37
60 80
90 64
91 88
14 94
90 15
8 22
67 95
28 25
100 48
53 20
6 57
92 71
67 1
71 74
88 17
44 31
6 41
46 43
78 60
31 98
60 63
37 53
6 45
76 35
44 1
53 76
22 37
29 78
52 6
12 15
87 2
52 41
58 59
38 59
47 46
22 15
38 63
80 32
37 49
39 1
42 91
67 17
87 68
22 76
10 48
71 55
1 12
89 87
76 38
26 92
51 63
83 90
32 24
77 4
22 2
4 56
88 40
97 40
5 48
22 74
77 2
86 92
2 11
74 94
73 4
93 10
82 82
95 96
50 84
81 89
66 9
82 21
85 11
25 84
6 8
19 15
49 68
54 34
70 57
56 35
56 49
93 80
33 9
92 63
42 6
76 53
74 8
93 32
15 44
17 81
78 80
88 87
96 45
91 70
70 96
74 79
98 31
47 59
47 82
40 92
85 75
94 15
13 25
68 8
77 40
68 77
18 44
49 84
31 89
4 66
7 27
86 49
40 88
42 16
16 45
22 21
89 53
17 73
46 56
73 65
97 77
87 31
58 34
89 42
1 98
1 97
100 74
16 40
32 89
32 90
49 18
78 54
58 61
5 62
91 64
35 96
98 23
50 73
54 77
32 21
60 55
67 11
78 50
68 16
24 50
36 29
89 95
98 18
92 82
40 99
3 91
94 48
9 74
82 12
45 48
32 13
12 59
100 6
91 15
84 73
64 32
13 50
43 35
93 90
33 8
17 66
13 92
77 82
43 21
99 57
7 31
95 18
56 20
36 52
50 72
26 82
73 16
51 81
97 82
34 90
53 22
40 27
1 27
35 35
41 82
12 90
54 65
12 62
25 17
53 65
75 28
60 84
49 71
18 18
14 40
41 20
58 80
4 17
7 18
89 28
63 12
19 24
3 18
13 58
16 33
2 40
51 84
49 78
60 86
90 26
1 34
41 12
21 94
87 54
88 78
3 97
75 75
22 93
66 89
21 48
81 26
93 18
86 49
4 95
9 5
58 29
39 63
95 65
56 48
86 8
35 18
77 70
4 82
23 38
98 77
26 92
50 56
67 40
84 39
48 22
12 96
15 2
30 49
46 98
98 72
24 63
9 15
30 75
15 75
92 19
96 90
73 1
54 32
17 49
100 75
92 78
15 67
88 38
19 95
86 25
26 68
88 60
43 98
93 35
38 38
88 30
77 62
13 50
68 94
42 60
31 11
26 34
79 18
29 71
98 46
10 59
90 71
65 75
95 59
59 65
24 55
36 17
88 9
95 51
84 76
42 12
11 67
26 20
63 92
61 74
10 91
88 90
15 68
15 76
77 59
65 24
32 74
71 88
39 51
39 93
24 66
54 95
61 75
8 41
6 30
68 31
67 33
21 13
3 22
42 63
68 35
94 92
28 38
39 68
26 22
31 25
21 24
57 57
50 56
43 71
81 48
18 75
69 17
14 70
16 24
88 29
44 69
91 91
4 44
60 21
24 62
59 88
61 60
85 6
27 63
98 88
28 38
88 97
24 68
31 28
97 51
48 96
95 79
22 88
16 76
84 55
15 85
96 95
14 20
5 58
34 89
66 74
97 50
66 34
25 42
35 44
12 64
63 56
93 48
92 10
35 86
66 71
7 49
73 78
69 32
79 94
27 74
30 19
81 26
76 95
82 46
19 88
69 69
85 68
55 8
57 3
91 9
62 62
7 3
2 61
87 38
36 31
8 16
65 64
81 36
40 5
60 47
13 82
57 20
92 61
85 85
41 42
87 28
2 53
31 30
36 50
29 30
7 85
57 79
35 59
37 57
64 50
14 76
97 67
48 23
10 69
48 43
27 57
39 48
6 14
46 4
63 31
17 98
44 60
100 9
64 64
19 52
7 53
71 77
99 57
58 41
23 64
93 80
58 54
42 48
57 34
60 26
91 40
47 16
58 72
84 1
19 2
53 67
75 73
66 9
58 38
91 7
86 97
45 62
9 76
84 78
54 76
65 16
4 37
58 59
14 12
12 5
43 11
86 2
39 8
75 70
16 86
66 51
2 65
14 54
10 30
33 48
68 98
11 14
49 40
5 50
82 51
11 97
4 55
20 18
52 60
58 73
39 74
31 67
95 90
36 3
17 22
65 34
23 57
31 85
63 51
35 26
49 39
84 98
78 92
24 20
46 44
43 90
10 43
40 99
39 55
5 90
25 82
77 3
81 88
52 31
59 77
6 90
24 34
11 94
25 30
98 35
71 17
24 55
59 3
43 40
32 93
6 59
34 87
77 32
50 82
72 48
9 97
23 29
99 23
96 7
99 78
45 83
66 61
86 92
15 6
68 76
94 34
20 73
57 11
14 25
60 28
97 17
21 65
37 60
69 57
86 39
92 89
40 93
24 60
17 29
17 62
61 27
59 69
94 53
64 35
28 87
2 31
7 6
41 51
59 48
65 68
15 34
55 76
1 51
78 50
53 57
39 1
41 34
53 45
54 46
22 4
2 31
15 8
84 73
56 72
32 70
79 7
47 90
41 42
65 84
40 30
6 85
2 58
24 2
21 21
36 35
84 36
13 1
84 18
19 73
29 42
72 40
53 91
25 70
18 65
57 81
20 31
21 70
57 28
58 24
46 2
40 79
79 39
50 64
10 32
75 38
38 27
42 66
10 62
34 42
22 65
44 11
29 29
78 4
17 66
89 12
80 93
65 12
23 96
61 56
41 49
56 50
44 78
75 43
67 4
55 58
22 26
9 25
92 54
2 17
44 20
24 58
38 33
13 91
38 37
14 26
68 84
78 98
45 30
40 23
50 76
30 55
90 20
1 90
91 80
9 36
84 30
47 83
70 99
15 62
24 87
12 72
93 17
27 18
42 97
81 80
4 94
27 28
43 63
36 20
56 69
43 65
10 93
40 92
17 97
82 41
48 19
82 79
42 54
35 98
83 29
38 73
2 67
48 47
26 22
36 47
24 84
15 41
23 50
17 86
35 50
36 94
69 65
74 31
72 59
22 68
19 94
95 15
21 31
9 57
51 93
34 47
1 17
76 57
84 81
53 77
51 10
70 100
62 7
32 78
76 73
17 71
7 52
4 64
100 17
84 89
14 38
100 31
28 18
81 16
11 22
94 14
4 8
92 96
14 99
55 92
27 38
74 77
45 15
93 6
81 49
83 31
23 30
94 97
18 30
64 26
39 66
70 17
7 95
34 99
73 79
63 43
14 39
15 81
69 60
43 51
76 31
26 85
61 65
35 12
68 15
22 44
92 34
78 15
40 45
72 51
28 12
32 15
25 100
32 42
19 63
37 46
44 13
21 87
58 10
64 81
43 69
96 96
53 98
56 17
5 9
41 49
52 2
31 90
77 73
59 36
23 49
34 81
83 16
71 63
59 96
88 98
6 34
54 33
54 68
43 15
100 3
3 75
41 27
2 44
94 39
29 41
55 2
86 67
17 81
32 52
66 41
55 79
84 65
96 70
96 34
43 1
65 56
68 84
82 85
1 19
48 49
81 49
84 87
71 23
88 65
49 19
87 96
93 7
54 85
84 51
93 74
8 52
36 6
34 1
66 81
33 11
41 49
37 70
100 95
44 58
64 18
9 21
13 73
33 52
89 96
28 25
64 14
41 96
28 39
3 17
3 90
80 45
31 3
85 46
29 48
19 88
91 48
11 47
22 41
92 28
85 87
25 41
47 62
76 63
66 8
90 41
10 66
64 62
33 4
12 18
57 51
72 43
53 78
42 24
39 73
29 42
52 96
97 55
41 47
55 26
26 75
6 44
51 19
7 53
32 65
98 7
85 7
86 90
82 37
22 39
27 29
26 49
84 46
93 90
9 14
28 56
3 93
17 78
97 56
48 67
97 39
98 62
12 85
86 10
58 16
57 16
95 30
5 63
98 28
26 48
13 7
62 6
10 27
3 65
58 3
60 53
74 3
77 12
15 25
19 88
11 100
61 78
94 23
44 14
12 69
67 55
18 94
26 88
76 54
40 96
30 97
95 48
53 74
22 7
53 71
79 56
82 20
19 82
38 95
9 59
65 27
21 45
52 15
38 55
51 10
2 72
51 49
13 99
74 87
56 84
16 12
77 3
46 40
2 40
86 90
77 26
4 53
38 34
17 63
70 7
40 75
13 54
51 50
4 32
42 20
23 50
24 58
10 94
15 29
28 50
85 64
71 56
5 19
92 21
94 89
50 62
99 89
68 44
14 68
63 87
37 66
76 57
12 39
79 80
65 11
40 74
46 98
27 46
91 76
24 72
41 88
28 42
11 81
48 91
59 10
7 53
89 18
11 69
46 84
92 31
64 76
65 100
80 55
23 35
29 30
71 100
44 33
15 54
9 51
61 60
87 67
20 10
34 54
23 26
80 7
60 93
97 29
6 66
69 95
67 68
79 90
78 74
7 79
48 56
82 37
47 44
18 90
65 17
39 34
64 61
99 41
6 44
12 90
22 68
50 13
49 100
16 56
21 41
8 47
96 66
92 3
36 23
47 58
4 57
94 21
47 10
67 11
70 1
58 25
74 39
60 46
6 21
8 30
89 80
67 17
84 89
18 66
1 83
77 14
62 85
86 57
9 43
17 34
40 76
48 73
63 34
70 54
59 24
39 40
80 21
60 62
32 17
23 78
54 27
18 45
39 19
23 21
7 15
5 28
31 15
84 79
36 99
80 27
76 71
99 14
88 1
78 16
51 18
70 18
94 48
46 74
36 80
81 80
32 81
69 4
63 57
29 68
18 52
3 35
32 71
29 31
59 94
24 44
53 73
25 56
97 26
49 13
12 44
49 16
30 52
81 50
24 73
54 45
48 18
85 99
37 86
70 57
61 62
57 51
47 34
55 38
73 27
98 23
75 10
28 38
29 99
4 82
61 83
93 72
77 39
33 92
94 33
25 93
56 34
24 81
27 97
90 92
42 79
96 70
63 82
27 94
72 35
83 1
14 87
6 29
74 57
70 42
17 99
67 26
58 12
14 4
79 24
28 29
90 61
56 77
54 1
96 75
21 45
6 14
87 34
33 94
9 64
72 24
86 79
67 20
77 36
80 60
43 16
37 31
74 85
82 22
36 19
34 86
23 35
51 42
62 29
18 7
85 16
48 42
73 63
1 82
21 90
61 14
49 57
31 51
61 69
59 45
51 67
30 32
52 16
32 26
24 59
61 14
86 9
38 5
23 86
22 71
17 84
57 43
58 73
4 73
41 77
18 74
67 46
76 86
43 7
37 94
89 48
7 22
89 9
7 80
18 67
72 32
97 41
43 43
70 74
8 57
89 78
37 60
40 85
99 59
74 24
66 15
61 56
3 82
55 27
66 87
40 2
100 79
92 58
8 73
17 68
76 23
41 19
44 51
15 92
74 71
39 70
97 78
35 64
50 89
55 34
42 16
35 46
55 60
28 64
93 73
80 98
38 70
34 79
12 36
58 37
45 79
77 32
95 1
98 1
88 1
76 16
93 89
62 88
59 12
35 100
36 56
6 43
78 19
51 32
31 97
37 94
26 65
14 32
26 55
37 88
49 9
17 35
71 48
42 76
66 5
68 54
84 50
3 70
8 35
23 41
24 62
35 45
5 65
45 37
49 93
5 43
97 69
86 82
86 90
45 35
70 60
17 92
75 45
54 6
20 89
36 86
28 100
19 85
9 59
97 54
45 86
58 69
1 79
17 49
7 26
79 15
73 20
28 31
65 95
40 29
13 93
37 88
37 10
86 40
1 88
27 10
29 27
88 85
18 49
24 71
61 36
94 25
48 52
34 83
53 81
76 41
66 37
70 9
7 54
86 76
26 65
23 62
90 85
95 86
9 74
41 37
79 98
11 72
91 66
11 77
82 75
44 68
79 22
13 61
98 85
18 71
22 67
75 70
82 98
61 15
41 23
89 36
63 68
50 85
49 12
71 56
71 97
32 44
45 31
92 21
51 100
9 78
11 88
34 35
16 34
91 71
54 3
56 1
76 18
23 61
73 39
84 70
87 76
50 27
31 73
93 39
24 83
62 85
5 98
39 57
91 94
15 6
14 97
93 9
97 94
70 39
3 11
19 41
37 14
2 17
39 57
80 26
61 51
69 45
60 23
54 32
84 99
82 77
82 40
90 92
73 99
73 23
13 40
83 74
8 19
40 60
3 40
21 98
47 33
31 49
57 87
45 5
37 83
25 38
83 6
50 58
97 7
9 20
66 41
84 97
90 53
78 7
72 22
83 35
30 8
56 53
33 58
27 49
39 77
94 54
20 24
10 52
86 93
44 44
51 94
96 33
19 90
11 3
37 28
57 4
92 65
41 76
64 57
76 1
15 98
49 34
35 76
16 55
95 96
6 100
2 2
22 89
65 70
55 8
45 22
67 70
36 70
60 57
50 15
34 77
67 14
21 82
56 77
87 74
45 81
23 42
50 39
79 82
96 36
17 33
19 20
61 67
4 65
30 60
3 22
61 37
87 17
25 38
100 17
40 28
7 58
22 9
85 55
76 92
55 65
94 88
4 94
45 61
23 47
7 63
71 18
74 46
31 77
64 89
39 62
50 16
3 67
88 36
54 33
34 100
90 48
56 74
8 53
86 86
25 42
77 77
32 28
70 22
60 100
41 2
73 99
82 57
12 79
96 88
95 79
66 61
95 42
74 86
41 66
20 47
13 69
25 53
91 52
23 49
51 2
32 92
96 74
27 47
7 29
22 29
74 90
63 100
39 98
83 42
62 60
36 69
73 29
42 87
18 5
16 15
52 46
65 57
29 86
31 83
73 31
27 25
22 94
4 80
88 50
70 21
70 17
71 88
61 68
67 23
6 84
26 7
36 49
3 82
70 83
74 94
90 25
35 93
30 32
73 19
59 55
12 69
82 80
86 94
90 96
70 50
29 82
87 93
52 1
79 64
38 98
56 17
90 71
66 29
24 27
1 77
38 70
20 67
92 54
86 20
42 39
23 6
51 60
39 54
48 4
41 99
41 100
48 65
79 18
55 76
99 5
26 10
47 44
17 55
64 89
83 69
45 92
34 1
56 68
51 66
54 26
57 1
88 79
40 46
61 22
59 83
80 53
29 57
56 38
72 71
79 67
23 43
46 17
2 4
56 4
82 74
84 13
62 41
26 51
16 93
37 23
72 73
77 65
74 18
76 38
12 24
64 64
50 16
11 85
72 36
90 22
52 48
94 33
72 47
52 29
93 45
19 99
84 88
67 62
23 39
92 35
60 49
4 12
50 90
93 7
19 87
86 21
48 8
50 28
96 94
73 39
57 19
21 7
7 12
98 68
99 78
41 16
29 54
51 95
1 60
81 25
24 9
3 67
24 95
83 57
84 4
1 81
33 30
92 98
16 17
65 38
75 59
70 63
44 29
56 45
33 9
54 99
24 28
60 9
35 53
8 28
34 60
31 85
28 98
74 39
77 25
15 42
9 100
47 72
64 29
78 93
19 11
49 30
36 21
7 58
16 22
86 95
40 18
34 93
64 76
34 96
72 94
85 9
79 28
66 19
10 61
24 45
49 28
71 29
77 88
76 36
62 59
45 44
89 29
31 38
49 70
5 91
45 25
90 67
44 18
70 57
31 18
20 92
51 53
32 11
83 98
51 57
81 55
17 41
88 47
5 93
63 45
25 88
8 90
68 82
39 45
38 73
91 84
48 14
44 39
35 10
17 11
12 31
9 63
65 83
46 68
33 14
5 57
18 34
77 65
40 72
1 10
89 23
28 11
85 40
92 7
80 1
74 96
19 27
29 58
75 62
37 47
3 90
7 99
88 68
91 90
24 28
18 99
86 43
44 50
73 51
80 4
3 69
24 27
90 59
12 66
52 29
57 40
76 6
74 37
54 14
46 40
59 82
73 58
68 8
35 75
9 56
20 69
59 83
44 49
18 100
98 34
36 57
42 89
67 13
93 83
98 88
87 11
59 38
84 2
55 21
11 36
72 88
65 18
99 47
64 86
79 70
59 88
34 79
51 14
7 55
39 76
63 27
5 58
60 45
2 43
86 31
49 15
47 74
9 93
52 9
77 11
36 94
32 72
29 15
18 43
69 53
64 19
38 17
11 80
86 7
59 74
43 6
50 7
40 5
79 7
44 87
78 48
6 88
3 6
53 85
34 81
55 23
34 3
49 11
93 31
26 61
84 46
34 28
9 49
20 72
39 1
39 44
19 43
49 92
47 28
43 64
31 57
52 1
3 62
100 44
62 91
91 94
50 82
84 12
49 70
86 70
67 84
71 39
74 92
8 94
70 90
70 88
31 8
6 41
79 23
78 5
24 56
24 4
59 58
79 4
79 18
37 2
19 1
30 86
97 63
9 69
49 36
13 80
45 61
70 75
84 1
93 98
45 16
21 45
59 92
78 45
70 18
20 31
88 97
25 94
82 64
27 61
81 47
86 25
81 3
84 74
16 32
10 77
31 2
64 4
49 81
98 57
17 42
2 78
28 22
7 89
78 96
77 8
30 89
78 11
86 12
86 69
33 2
96 79
77 8
100 98
23 70
69 5
95 22
79 74
25 24
60 45
50 49
63 37
95 33
21 8
93 1
15 3
93 13
59 77
74 32
88 15
90 63
38 8
54 14
63 83
72 57
73 44
30 73
96 84
51 18
29 73
95 77
11 86
68 15
38 26
68 98
76 7
98 69
26 93
27 78
57 29
89 51
68 29
93 53
41 56
41 54
8 48
32 76
91 1
67 1
48 81
5 59
96 55
64 16
91 35
69 81
37 61
49 23
64 12
100 73
84 73
13 52
28 58
88 87
97 44
96 52
78 77
97 21
27 68
45 46
16 12
96 81
86 70
60 78
46 9
83 16
90 91
21 23
98 97
87 3
68 54
39 37
22 44
39 76
85 63
80 45
56 76
28 74
8 77
95 57
41 48
5 73
6 61
98 46
89 50
51 49
33 93
21 100
100 80
93 84
59 96
32 95
36 26
92 70
39 30
57 38
83 36
26 17
11 32
49 79
72 32
45 41
41 33
93 25
28 2
43 2
83 35
20 53
19 73
36 21
98 23
23 40
51 24
12 2
19 42
51 43
40 2
94 92
5 59
51 1
44 31
78 13
88 79
66 8
8 35
86 22
90 16
82 100
14 25
1 35
99 22
25 79
70 65
3 25
80 45
28 100
6 27
14 78
72 78
85 100
31 10
34 92
96 45
51 82
16 32
62 72
52 43
43 81
72 45
63 76
57 86
60 35
76 89
63 8
36 32
3 52
73 51
27 48
71 25
42 37
8 71
14 87
22 42
30 66
78 74
93 65
32 55
29 73
67 1
42 89
64 27
51 6
46 85
76 47
18 24
31 50
59 12
73 27
35 4
67 50
44 9
40 56
14 12
80 70
97 61
92 50
26 74
37 39
10 30
52 35
48 49
12 41
83 100
37 16
93 55
23 14
80 60
94 18
62 36
34 10
22 84
2 7
33 30
34 60
17 9
49 41
75 78
38 6
56 88
44 81
26 63
24 79
52 22
96 62
43 7
65 17
95 35
9 25
94 34
47 92
86 59
14 71
82 82
83 82
9 44
16 88
17 93
57 36
52 71
37 23
73 65
21 97
15 21
85 94
17 65
78 43
93 3
43 55
32 100
7 88
78 18
65 86
41 29
66 91
91 82
94 63
27 40
26 81
78 31
90 20
3 89
34 44
37 54
96 3
97 20
18 24
9 81
57 60
9 23
60 39
78 79
97 50
90 62
41 9
34 93
5 42
73 25
28 50
93 2
59 20
80 6
11 46
23 82
21 86
38 67
22 77
49 45
60 95
64 62
15 64
1 39
94 48
79 54
39 35
54 84
30 85
6 3
59 21
47 70
56 23
44 88
53 35
23 28
53 40
55 21
86 13
98 50
37 54
20 21
15 38
39 77
85 33
29 14
74 68
79 21
50 81
87 11
91 47
94 11
68 45
99 31
33 42
39 86
11 3
40 27
23 85
89 24
51 77
26 94
42 15
7 59
61 88
67 46
40 5
30 79
44 51
69 90
1 16
100 47
59 12
36 89
61 1
31 49
7 91
13 21
43 6
7 40
89 32
7 6
64 12
61 88
79 7
81 52
49 76
64 74
48 54
79 7
74 77
49 88
25 35
61 66
84 55
1 56
15 97
19 8
87 19
65 35
14 61
95 46
49 30
3 73
29 61
7 92
47 82
15 98
87 24
69 5
35 34
83 23
98 33
9 76
38 41
93 40
99 82
6 21
24 77
90 82
50 33
13 15
79 98
1 65
29 21
15 79
57 76
13 19
40 83
15 33
31 11
44 2
82 59
76 73
4 6
5 45
34 27
78 69
5 11
60 39
68 82
14 88
61 90
16 91
12 70
49 54
89 78
29 29
86 45
78 70
58 100
87 43
54 49
79 56
63 83
26 83
87 90
18 86
71 39
21 97
41 59
62 55
50 78
67 8
43 39
11 18
31 97
95 29
67 44
16 10
83 54
50 48
63 43
61 95
21 3
91 77
91 55
45 92
60 64
1 28
50 47
61 87
59 71
49 57
43 22
52 74
59 98
21 84
28 42
92 96
57 82
64 7
45 25
54 50
60 18
1 3
28 72
47 18
79 35
23 77
59 13
52 17
12 21
75 25
17 62
18 18
68 25
26 8
53 44
3 55
5 47
59 27
6 48
93 71
86 68
27 20
12 28
61 69
41 48
1 74
24 31
36 62
30 48
11 21
90 25
72 98
9 2
36 64
75 32
94 16
17 47
52 51
100 80
8 85
34 11
5 62
22 67
38 93
96 33
69 13
92 86
17 57
48 29
100 37
30 89
62 69
100 15
26 59
96 47
88 89
94 75
57 90
96 52
84 45
20 19
32 75
37 35
36 39
61 82
98 20
18 65
44 8
41 76
25 84
29 66
50 71
80 62
72 1
61 85
54 53
87 20
8 83
100 88
67 84
39 62
74 49
18 64
64 6
52 31
57 75
3 36
61 65
95 40
69 44
48 87
35 60
79 71
89 37
76 56
96 63
99 26
77 71
17 53
94 89
82 38
82 52
39 16
84 24
65 49
10 17
92 8
83 95
3 88
94 39
31 7
86 74
5 100
66 49
79 75
82 100
86 16
58 96
97 89
21 39
77 27
21 55
29 94
92 16
26 37
87 54
93 6
11 15
63 52
26 24
72 24
30 53
75 34
72 76
8 58
22 44
99 71
9 33
74 1
30 59
89 32
7 3
33 9
66 49
100 57
89 83
48 7
60 14
59 93
44 99
32 69
77 90
88 76
58 11
81 20
99 89
24 24
22 37
79 76
79 99
25 61
45 99
26 54
54 27
62 81
97 64
63 88
44 49
92 33
97 89
33 55
39 98
65 98
5 99
26 52
8 1
100 53
11 32
4 25
38 78
79 38
98 50
50 71
95 93
55 1
40 30
33 51
11 48
62 31
81 64
35 34
93 12
16 39
17 87
1 28
81 90
88 32
31 93
19 74
45 41
66 37
61 2
60 70
21 99
94 29
11 100
99 82
84 85
59 100
52 54
66 53
70 2
86 80
6 71
87 56
12 75
100 41
53 99
79 73
97 47
18 37
44 26
17 31
81 97
88 100
58 24
14 98
94 5
40 32
79 88
23 4
92 87
82 48
75 62
36 22
4 16
17 65
35 95
50 1
85 55
64 94
92 86
65 18
47 16
24 61
37 47
46 59
91 12
64 10
79 7
92 77
95 99
31 85
49 67
62 87
25 33
81 95
74 79
50 34
71 3
4 36
14 87
100 76
46 59
69 78
36 24
15 41
60 43
27 11
14 12
70 15
66 78
85 24
27 7
8 90
41 3
36 90
58 50
47 93
83 26
44 88
23 6
16 80
39 74
4 81
93 42
49 76
59 73
6 14
4 15
33 17
44 46
30 70
57 5
12 3
10 78
16 29
14 57
18 32
31 14
4 25
42 65
91 91
40 71
86 14
18 98
4 13
22 46
93 93
2 11
50 41
98 91
33 42
36 11
67 22
51 55
98 18
67 46
3 81
88 44
62 36
8 27
10 32
43 49
53 96
18 50
63 37
9 66
38 61
48 25
70 63
76 75
85 37
48 17
15 12
81 62
32 99
90 82
63 8
61 52
33 22
21 73
2 47
51 45
40 26
6 9
67 83
13 83
46 78
97 44
41 83
48 46
97 60
5 44
82 22
23 96
61 28
85 92
37 33
3 65
69 22
55 90
90 34
12 16
87 6
56 40
1 91
1 4
7 44
76 87
22 44
76 45
37 92
43 80
50 52
70 71
83 41
71 35
58 28
97 62
71 99
15 84
89 86
83 76
89 50
81 95
35 89
88 86
90 90
16 76
80 87
49 82
10 45
18 86
100 95
64 36
31 95
97 74
8 44
60 35
31 49
97 50
45 78
64 93
39 32
38 19
11 30
15 84
92 67
84 93
13 66
2 24
55 48
24 83
9 80
59 31
25 68
6 28
44 21
10 67
88 49
60 90
90 42
52 54
15 93
54 40
86 89
93 27
58 13
48 86
49 68
24 75
7 32
18 19
39 51
38 50
37 99
74 74
46 33
4 97
95 58
77 95
66 48
78 33
37 2
95 13
17 41
19 91
81 92
39 19
38 1
65 61
87 20
74 38
68 20
77 31
34 43
40 34
30 58
82 80
57 57
59 14
39 95
72 82
89 84
87 6
84 54
1 72
6 46
38 75
39 91
4 16
85 87
30 54
2 94
39 13
31 77
43 26
74 20
18 12
45 49
49 6
42 10
14 95
80 77
97 25
91 80
69 49
37 75
15 3
35 6
29 23
57 34
44 85
27 70
88 52
74 60
38 78
5 72
84 58
36 14
14 98
40 62
28 45
54 26
1 45
78 52
97 13
99 74
86 50
79 89
92 43
3 20
58 24
33 7
41 41
58 20
50 89
51 4
85 33
20 94
25 11
54 42
80 7
66 34
55 56
61 31
92 2
97 24
86 78
91 80
83 82
56 27
90 70
82 21
81 90
31 18
64 87
10 77
52 40
1 79
20 72
96 8
14 14
54 54
64 74
5 52
45 61
32 28
9 13
91 63
54 38
37 10
21 19
100 98
10 78
89 54
90 47
59 30
62 48
72 10
5 57
15 38
6 56
46 29
39 93
14 50
30 80
62 56
30 76
25 49
80 49
78 17
96 19
20 82
65 91
68 23
38 66
31 92
45 53
20 32
28 64
12 73
23 81
27 36
41 1
33 65
58 85
29 67
48 92
49 60
70 29
14 90
13 84
58 26
35 51
50 95
89 32
67 84
47 95
5 38
45 87
45 13
72 69
71 52
56 67
72 39
80 43
30 98
14 81
23 7
81 12
78 54
73 41
88 81
65 44
32 36
86 8
18 15
93 98
51 18
73 46
20 39
95 63
70 48
70 21
90 17
66 22
23 52
25 57
67 14
21 20
55 84
37 80
5 27
62 32
28 58
40 47
60 41
68 76
98 8
28 40
17 89
37 2
50 61
10 68
69 94
48 57
45 4
22 66
41 75
83 9
46 30
46 89
51 36
5 43
55 62
49 98
88 42
33 96
76 7
98 49
90 95
46 72
18 15
27 75
90 31
58 20
2 24
5 99
81 47
52 35
44 31
78 98
60 14
51 83
75 56
5 16
93 48
59 43
73 92
44 95
86 27
61 54
45 89
92 6
93 68
78 38
2 16
90 7
92 39
36 9
75 48
65 5
90 85
80 71
58 61
56 50
55 34
17 33
65 28
93 3
5 78
70 72
47 94
49 13
82 39
53 5
4 23
50 64
41 85
12 48
67 93
34 22
52 66
17 55
84 45
8 34
14 78
46 48
38 61
85 40
35 27
66 55
49 3
91 79
8 11
24 8
99 2
44 68
54 76
89 45
3 49
14 75
15 42
68 75
20 83
93 52
73 5
46 59
22 75
52 66
76 80
37 65
15 6
52 58
85 34
32 100
98 11
3 13
62 97
32 36
99 76
13 51
64 62
38 45
61 4
97 58
77 63
91 67
68 95
50 70
69 51
48 5
23 23
70 35
4 89
80 95
87 13
20 88
84 47
46 12
24 78
48 6
46 81
10 24
18 100
25 4
18 90
85 60
25 91
3 5
38 74
33 93
20 71
51 41
21 45
38 16
18 81
37 66
54 70
38 15
92 13
23 60
70 1
20 38
49 49
6 50
25 18
4 63
58 50
100 43
64 23
56 41
69 12
34 75
36 92
71 21
1 30
17 39
99 52
100 93
66 89
80 61
73 67
98 42
42 44
94 64
45 55
47 69
79 56
58 51
94 85
87 66
47 39
10 12
75 69
96 65
91 32
19 96
15 94
70 75
80 84
90 4
85 57
20 12
32 57
32 47
19 44
74 46
67 65
4 40
84 85
13 68
80 96
90 82
95 43
39 29
68 33
48 31
23 67
35 50
61 4
95 97
26 56
64 52
46 70
39 94
90 90
49 63
49 84
93 89
22 24
56 68
35 64
77 55
100 57
63 88
76 90
30 63
54 39
14 98
27 25
58 66
55 58
33 72
73 20
83 86
78 81
82 56
75 97
62 7
12 25
86 94
84 15
70 70
59 27
8 66
41 94
57 21
67 11
25 83
63 4
88 28
54 98
54 19
95 42
80 23
83 8
2 58
39 14
88 57
62 24
38 61
21 15
81 94
87 45
90 9
44 48
92 26
88 63
20 71
83 6
57 2
61 33
57 24
30 17
52 89
70 23
36 74
77 32
91 21
36 93
94 72
50 48
44 99
73 66
41 69
62 32
14 45
37 12
31 17
53 47
34 13
7 41
63 89
98 18
30 58
49 80
98 39
89 38
22 59
79 9
91 68
25 6
88 51
44 47
84 82
99 33
33 52
3 35
33 47
5 66
49 1
89 35
45 53
87 89
52 59
3 20
57 88
81 19
4 67
85 37
10 81
29 75
98 54
4 35
52 18
44 5
91 55
23 96
58 8
27 55
87 91
33 56
42 21
55 64
39 97
100 76
92 59
35 56
48 97
13 55
45 68
32 57
1 53
7 42
65 33
98 78
6 43
22 54
32 43
29 18
72 8
23 89
25 63
26 74
18 20
78 49
22 97
62 79
1 100
1 67
24 46
20 3
95 49
44 60
63 91
28 5
84 100
42 4
22 23
1 26
66 14
10 24
70 27
56 74
39 64
64 98
19 13
91 96
65 1
56 52
49 81
18 13
39 21
35 84
50 42
35 26
56 95
74 74
98 61
66 69
32 6
41 33
4 28
38 71
100 67
7 9
67 16
2 24
37 99
63 47
4 99
56 85
74 26
89 55
46 31
59 40
52 9
93 100
48 22
70 9
56 57
93 72
51 55
15 35
61 55
11 59
67 42
92 49
61 73
17 7
15 95
61 62
35 98
49 81
50 23
44 91
84 70
45 8
91 4
71 26
76 60
51 17
88 50
80 86
64 70
97 26
35 59
92 30
31 88
65 29
33 75
14 92
67 41
34 3
35 18
35 64
73 56
99 57
73 91
58 21
62 20
8 39
12 20
30 4
52 15
90 11
59 24
85 60
8 17
69 94
53 94
81 45
96 13
91 26
76 55
66 80
28 23
50 30
61 89
83 53
97 13
10 16
54 40
58 51
25 98
36 70
56 84
35 42
8 88
17 11
84 72
4 93
18 85
20 17
1 55
81 25
76 93
55 85
72 8
50 82
36 3
41 68
52 9
32 60
96 88
55 80
21 1
62 79
31 95
43 71
46 36
67 29
62 39
9 58
91 67
3 89
33 14
85 43
80 77
32 20
85 84
88 89
77 46
13 22
31 24
68 59
67 34
56 74
72 39
5 63
14 29
12 17
76 20
47 56
72 27
79 58
37 1
75 26
79 97
55 85
80 30
70 86
35 44
95 18
29 88
3 26
40 46
8 41
76 58
93 65
49 85
71 88
4 24
55 73
19 39
24 45
85 40
78 73
63 9
34 83
46 74
35 96
43 38
76 55
6 72
30 7
57 31
95 45
9 95
73 89
65 33
54 89
21 49
96 8
47 1
15 2
24 10
36 79
91 15
89 42
44 39
55 30
8 94
94 56
96 71
1 69
91 68
1 69
65 36
34 48
55 3
88 14
41 83
6 56
40 4
48 75
76 30
95 53
39 4
46 10
24 83
73 91
39 49
87 45
45 44
67 82
57 29
4 99
51 69
29 90
53 66
72 90
83 16
15 85
79 35
73 21
96 8
39 10
14 28
89 24
62 50
7 48
43 1
51 81
25 68
12 41
54 45
54 78
64 83
29 64
71 1
43 57
65 84
82 41
66 55
69 84
40 10
61 24
42 80
36 37
60 16
26 74
10 77
5 67
79 10
93 43
37 35
25 24
66 28
78 21
62 54
79 16
27 43
60 52
66 60
5 7
94 24
71 8
39 19
71 99
78 59
14 57
36 58
56 45
51 48
26 87
32 64
51 50
23 98
23 8
1 12
79 12
9 10
38 60
66 35
92 65
85 99
73 79
99 24
50 53
61 65
77 18
88 82
73 37
95 2
42 79
59 65
77 13
12 53
40 79
42 45
89 72
99 83
23 46
9 52
35 72
57 64
87 30
52 74
60 23
42 75
1 32
17 95
2 21
28 5
54 12
29 17
45 9
87 18
42 45
22 27
32 18
64 72
64 4
76 38
61 49
55 24
19 94
83 37
26 82
56 16
8 22
97 60
11 46
99 39
63 85
24 59
34 92
86 69
36 51
83 8
64 96
98 29
68 11
18 58
81 11
68 4
63 80
63 57
38 62
84 91
64 20
62 73
69 31
82 51
40 31
34 23
49 13
81 5
53 82
46 43
48 27
3 2
72 5
98 20
61 44
22 65
27 68
22 66
13 53
100 48
36 53
18 70
62 81
43 10
7 54
90 53
38 46
40 43
54 23
17 60
49 97
69 69
94 76
11 69
30 88
66 99
86 100
79 10
29 47
64 60
3 52
3 78
50 5
11 29
41 78
26 17
87 63
84 75
45 11
73 2
96 78
79 11
76 38
1 91
42 72
71 48
74 10
30 17
82 45
75 31
29 41
75 40
37 59
43 74
87 80
87 59
80 34
96 51
1 67
50 60
56 40
94 37
25 14
35 59
4 17
51 62
79 1
20 32
10 76
77 85
65 94
32 19
49 22
84 37
56 71
78 37
2 29
49 19
36 65
71 53
70 82
4 95
31 35
39 89
4 4
49 25
58 14
99 63
14 57
60 3
31 11
42 24
3 71
57 44
87 64
85 90
23 93
27 5
35 18
16 77
52 71
34 61
8 38
41 84
29 59
88 11
49 62
7 67
54 23
20 28
51 40
4 2
11 45
34 93
4 81
68 81
60 66
79 25
34 63
17 55
48 96
76 25
9 68
20 10
100 42
34 32
97 61
79 53
67 59
89 70
70 50
85 57
21 49
57 11
68 47
5 26
40 20
25 48
1 81
44 15
95 4
2 82
62 23
78 99
84 83
2 53
61 45
54 42
91 92
59 76
29 69
45 5
9 30
60 22
6 53
32 79
15 39
63 49
48 63
46 88
34 19
82 28
76 44
93 14
55 44
70 24
79 23
25 81
18 74
65 95
60 3
38 14
75 56
16 39
33 5
6 7
29 8
65 14
28 22
19 19
32 48
54 90
61 97
72 16
57 48
89 59
13 96
96 70
9 16
11 23
77 27
56 36
79 72
40 2
91 72
3 78
63 91
56 19
98 100
90 91
92 41
17 19
67 10
68 1
3 48
64 72
88 38
36 45
81 17
24 77
30 96
47 28
65 51
37 9
7 6
71 53
18 44
8 76
69 23
38 39
62 40
96 95
6 12
29 25
6 62
83 76
32 51
86 7
33 74
68 11
30 50
3 68
84 29
8 22
17 82
52 5
48 82
63 82
22 24
16 99
6 31
42 63
67 71
78 79
53 37
53 69
89 47
92 65
70 39
16 48
48 47
97 23
9 70
81 3
85 67
39 57
67 65
99 46
29 10
11 78
22 46
37 22
82 90
15 100
99 58
95 9
98 63
72 91
22 26
100 1
59 29
1 30
43 83
31 51
72 68
64 27
27 32
49 80
17 64
61 3
49 37
83 81
52 17
29 14
4 47
85 98
18 27
50 77
93 98
19 58
43 77
67 74
22 66
10 68
73 75
56 70
35 49
27 46
52 2
20 19
6 61
40 80
28 77
25 66
95 18
16 39
39 87
82 75
50 76
75 51
40 20
6 49
79 60
16 7
87 54
85 93
61 21
6 32
91 57
10 43
27 96
86 67
27 80
31 91
91 24
19 5
62 88
35 10
38 52
82 15
49 32
99 46
5 99
32 34
77 8
24 1
43 55
30 99
29 71
71 71
17 43
10 87
77 21
9 14
90 6
3 68
9 35
96 82
87 92
83 40
55 44
29 78
18 88
83 42
25 8
13 87
37 39
13 65
63 50
51 61
4 39
94 19
16 22
66 26
68 88
23 66
21 81
33 61
47 98
95 42
49 65
61 93
6 94
68 7
65 60
72 43
43 10
73 82
42 55
64 83
91 28
13 94
85 83
25 53
63 62
97 20
46 11
77 35
55 34
92 5
36 61
37 65
27 83
28 21
45 72
88 81
43 72
99 27
73 69
93 40
5 26
52 92
33 17
1 42
23 50
23 56
95 32
61 61
95 93
62 4
68 7
64 91
66 57
18 81
69 20
54 15
17 95
98 63
1 8
83 32
26 66
9 64
2 42
90 22
88 31
97 67
37 23
39 21
95 91
43 95
15 41
97 99
40 98
62 72
48 46
26 72
56 10
50 53
11 68
90 33
37 6
65 96
46 29
94 52
93 81
44 67
32 82
53 38
59 38
62 66
49 6
79 95
95 59
19 45
65 57
4 92
36 92
18 84
19 3
39 91
22 34
30 45
89 52
6 50
3 64
59 56
42 87
12 28
63 6
9 53
94 78
15 16
94 87
84 33
75 82
71 92
81 23
96 33
8 29
9 33
26 15
53 63
41 37
87 98
18 52
29 66
6 100
49 97
29 29
52 30
88 49
28 16
8 91
64 32
80 86
8 93
96 85
100 79
32 81
64 86
54 100
53 75
38 18
52 42
10 27
26 11
89 87
44 62
4 78
64 62
94 86
22 43
82 8
84 97
32 95
76 84
32 59
9 44
98 17
29 6
75 51
13 92
21 43
64 28
39 34
12 7
28 16
97 25
56 37
24 77
12 63
51 92
93 34
95 81
27 72
5 36
92 85
14 62
55 77
22 77
20 41
62 29
98 93
8 17
58 22
55 77
65 16
37 76
51 62
60 6
93 27
80 2
56 84
76 49
66 2
83 57
99 21
38 49
67 29
39 98
88 13
47 31
83 11
50 65
80 87
74 37
72 48
58 44
10 69
91 84
100 57
85 70
13 91
57 13
61 86
73 94
19 60
33 7
23 65
55 86
8 74
88 32
99 38
8 93
84 14
60 18
48 100
20 60
20 94
41 23
73 53
53 62
26 54
10 39
7 9
2 86
41 34
83 49
93 42
23 2
82 75
56 45
93 79
83 74
43 66
79 41
63 43
78 69
59 27
44 96
2 95
14 95
52 47
6 68
75 87
38 44
59 92
18 47
88 26
19 58
42 39
99 18
7 82
54 74
9 94
54 50
17 43
31 17
23 9
81 17
83 92
99 28
95 57
65 4
85 11
36 41
86 80
95 7
52 31
12 69
66 4
5 56
20 74
8 13
84 57
58 70
15 1
72 97
86 75
26 72
89 33
1 74
3 72
89 58
92 90
7 33
88 31
42 66
66 83
98 26
92 16
87 98
49 17
22 2
52 61
46 14
24 40
98 61
32 94
35 62
29 77
80 8
62 100
40 35
49 44
72 74
88 15
16 96
86 64
83 90
72 6
42 50
33 96
64 79
42 10
87 56
76 91
71 36
24 58
13 94
63 83
50 10
85 36
11 20
78 51
9 67
46 61
53 79
18 92
76 75
35 1
31 16
50 7
57 15
99 93
47 85
61 99
65 78
43 68
20 18
83 23
96 82
72 33
56 99
89 24
61 80
90 9
16 73
63 80
55 85
29 88
45 66
86 76
14 27
9 9
15 23
23 52
97 36
6 25
87 26
57 35
41 7
46 73
17 99
23 40
86 85
97 57
53 46
27 77
4 23
18 17
5 16
29 83
47 43
33 47
40 67
88 30
32 45
35 58
84 98
77 59
49 78
98 2
25 62
70 47
89 56
26 56
52 18
76 86
89 58
62 67
41 53
42 32
39 5
36 40
44 61
39 100
47 15
73 72
27 100
28 60
33 37
73 100
50 90
58 27
59 99
92 78
69 90
25 80
64 18
45 56
63 34
36 78
94 99
31 87
72 31
81 33
40 30
85 3
12 53
94 42
44 34
54 100
84 51
44 67
49 15
76 73
72 95
59 70
18 60
74 59
86 68
65 88
11 100
75 13
58 77
48 68
95 32
65 49
49 92
14 75
70 88
6 3
45 63
86 34
21 65
95 54
30 73
7 33
30 1
95 67
55 8
6 38
80 25
57 32
67 41
1 1
68 87
60 84
20 55
13 65
97 70
44 7
24 29
52 54
71 16
90 17
59 67
21 29
38 30
1 69
97 52
55 20
25 40
41 46
60 92
13 81
54 45
86 94
66 96
89 33
25 1
87 56
83 7
61 81
30 28
93 63
56 54
58 82
13 39
41 98
91 95
28 53
92 31
59 41
86 85
39 100
84 24
6 66
20 81
79 21
28 24
7 57
11 73
1 2
11 55
23 46
94 10
37 45
81 52
12 62
85 57
23 30
87 83
70 78
8 93
32 48
15 64
25 83
98 31
19 44
15 18
83 50
83 10
44 37
1 30
25 62
52 43
10 88
21 68
42 71
98 86
59 84
59 20
6 7
51 72
13 86
79 37
28 88
6 90
61 18
73 73
45 80
85 46
10 88
39 11
67 42
2 54
82 18
7 54
91 59
43 36
85 33
28 6
85 44
4 82
25 71
32 69
32 18
47 66
48 87
23 70
77 3
11 54
37 5
91 53
7 85
82 82
90 70
92 85
77 33
13 11
14 70
94 4
26 94
59 76
76 92
44 92
60 77
12 48
47 73
18 100
43 61
85 79
86 50
9 15
93 35
68 90
45 8
12 50
9 89
3 47
21 93
41 26
71 95
44 62
56 38
48 82
15 62
11 9
64 26
70 72
9 72
29 19
6 41
66 50
52 10
29 66
67 55
5 84
11 62
97 62
29 81
14 18
20 39
14 74
65 3
98 38
55 36
15 75
41 68
26 76
30 93
54 9
98 49
52 66
80 46
81 87
61 79
61 12
40 30
100 47
50 67
99 99
35 85
36 98
7 29
59 2
37 69
86 77
84 19
9 18
90 44
66 66
53 71
64 45
13 47
37 91
55 78
89 72
19 1
87 51
85 7
29 73
63 23
41 47
11 84
74 97
82 40
42 61
100 68
33 57
81 96
16 61
74 96
98 7
47 39
19 4
37 95
39 25
14 10
15 55
44 88
68 30
20 37
89 11
76 12
36 3
71 39
83 68
94 3
53 87
43 2
66 4
75 81
62 70
82 14
9 59
31 30
97 46
28 66
84 39
19 66
52 25
45 86
52 39
54 37
90 19
11 76
92 65
56 37
24 51
47 5
9 51
88 34
50 62
87 40
58 39
24 8
21 79
53 59
65 42
90 54
89 38
19 21
34 81
13 24
20 48
70 16
88 67
45 26
20 28
80 10
74 49
64 65
18 83
79 32
85 80
82 2
43 70
79 77
69 16
7 80
21 63
68 22
55 35
29 3
71 23
46 22
15 85
82 57
61 99
79 19
36 36
86 50
56 85
31 4
10 16
89 72
75 36
22 43
46 10
68 19
55 61
83 4
4 51
23 57
33 97
35 21
90 28
81 48
71 4
89 94
90 31
83 49
90 51
35 50
44 73
37 36
59 48
60 74
24 26
70 96
62 47
49 86
23 58
97 32
58 1
9 35
7 11
1 1
26 72
29 56
90 73
15 4
87 58
89 5
10 30
46 53
33 50
44 60
82 91
97 19
51 93
39 7
4 91
100 43
58 57
77 4
86 5
40 87
51 29
84 91
80 97
3 82
26 22
77 27
80 95
51 22
17 6
96 77
19 79
12 59
69 44
61 27
71 76
4 72
54 35
43 52
38 57
1 83
43 10
71 86
5 66
58 82
74 6
32 18
71 90
24 97
92 24
93 94
10 63
30 97
65 35
42 52
86 46
70 72
61 84
58 65
98 84
83 88
2 24
69 97
65 51
95 39
96 3
53 53
89 33
57 74
96 80
44 75
6 7
31 45
60 39
60 42
62 45
28 54
78 38
49 3
79 33
96 70
1 87
15 96
52 67
2 24
8 33
63 77
75 33
61 76
24 10
53 69
24 9
85 73
98 44
22 28
69 33
58 48
25 77
70 90
1 96
5 2
99 96
45 62
44 70
11 13
61 36
15 91
13 46
71 23
21 89
88 32
93 85
51 16
96 78
58 96
99 3
56 78
84 18
95 44
5 64
78 32
16 51
19 35
12 81
51 1
47 86
59 15
5 2
18 3
72 77
70 58
58 18
27 91
94 29
93 84
51 78
93 85
35 38
16 41
24 94
76 36
35 22
42 18
45 81
32 36
65 19
45 36
6 55
64 65
3 27
66 70
6 82
73 36
42 3
64 22
4 42
41 100
78 78
94 29
60 63
4 64
38 65
64 86
56 49
71 87
15 10
39 84
56 62
92 21
4 45
52 71
21 51
6 9
21 89
49 88
73 27
57 19
36 78
69 62
88 49
57 5
74 35
90 37
71 94
80 12
88 45
85 79
75 19
28 28
74 82
47 19
38 65
80 59
93 66
8 14
20 67
15 81
90 81
53 4
6 90
18 42
92 27
37 22
11 99
78 23
87 99
54 97
49 45
16 28
87 37
74 31
1 25
80 43
67 99
94 82
21 75
22 55
88 85
39 59
74 61
30 47
100 12
15 29
86 44
58 89
70 96
24 84
42 80
79 32
37 68
25 24
94 39
19 74
62 44
43 49
82 13
31 14
81 13
50 94
68 78
24 70
11 6
24 44
90 55
94 41
17 17
68 75
15 28
63 20
93 46
6 71
27 3
99 96
16 66
56 61
72 92
65 74
54 54
37 8
77 91
78 70
42 5
75 73
34 4
12 2
94 59
5 11
7 49
27 51
1 51
37 9
2 61
90 82
11 65
52 91
52 87
41 76
48 67
99 56
68 6
37 98
79 62
76 7
12 11
91 86
5 32
93 52
44 29
13 95
66 74
62 68
65 96
43 47
16 95
21 25
68 65
22 89
9 45
91 91
97 91
1 94
98 83
25 76
66 41
43 81
4 69
32 91
11 53
62 21
70 66
49 93
73 11
27 59
22 64
41 72
88 75
100 91
50 98
33 3
15 7
25 88
87 73
43 28
84 50
86 48
47 27
7 98
76 28
56 33
46 46
81 44
66 54
14 52
54 84
78 62
48 66
71 33
39 63
81 77
39 1
9 86
11 24
44 14
68 7
75 27
72 2
82 99
21 4
22 91
53 44
18 70
62 72
32 49
28 12
95 60
92 45
4 14
98 86
95 100
19 95
87 57
74 36
67 79
76 51
16 29
7 71
23 34
85 66
56 23
93 92
19 8
92 4
21 65
16 51
10 69
11 59
26 43
75 19
74 12
38 20
21 89
100 18
60 97
27 83
61 34
61 7
60 45
67 75
42 29
4 73
52 65
55 23
11 15
1 70
57 63
3 81
81 90
63 71
40 30
18 34
63 75
9 93
30 6
13 10
34 54
93 70
53 93
46 91
80 80
59 98
30 63
29 79
49 59
43 3
2 87
77 85
99 7
54 97
72 68
16 9
33 98
99 78
44 14
82 69
24 67
46 47
37 3
63 85
14 100
10 10
12 30
28 22
73 79
20 97
5 92
24 58
54 16
60 34
51 65
11 48
6 98
47 38
37 60
48 37
45 54
94 100
24 87
45 13
46 97
52 7
48 31
5 8
84 7
61 49
85 17
75 48
10 26
11 47
78 97
4 100
30 49
21 78
21 94
4 31
17 90
28 70
4 15
76 10
62 15
92 92
11 9
68 49
12 44
60 26
14 68
17 43
46 24
79 99
98 90
33 84
98 19
62 1
45 5
10 20
71 14
96 15
80 93
63 38
74 62
68 15
30 56
22 1
61 81
32 31
89 49
8 41
32 22
1 80
93 24
92 55
57 67
73 24
45 40
63 98
41 17
13 95
24 47
21 66
74 48
59 71
43 55
2 80
55 44
63 48
75 29
79 65
83 41
60 19
10 99
24 44
89 18
31 25
98 36
99 60
10 81
96 53
53 38
86 98
87 40
15 50
27 25
7 90
46 9
38 9
82 15
33 100
45 48
11 88
81 8
59 91
75 6
14 93
36 70
92 84
22 42
83 15
83 88
69 79
53 36
2 97
39 6
43 52
82 75
74 96
76 61
30 86
71 21
14 77
67 55
81 42
62 83
91 69
33 66
46 97
95 58
54 10
52 6
45 87
4 9
77 35
4 40
51 80
32 6
36 61
83 62
44 98
32 67
89 20
42 11
48 3
67 33
38 79
42 41
87 73
72 1
31 96
28 100
33 72
29 61
17 13
52 49
67 25
3 8
87 60
96 67
31 82
17 72
50 35
17 64
73 42
88 65
60 29
70 71
95 49
20 98
3 48
14 75
80 70
35 68
33 81
70 26
41 11
10 54
50 33
6 15
80 18
44 25
96 47
81 14
24 61
66 6
39 71
4 100
90 52
10 57
36 52
40 45
12 74
94 81
1 42
5 88
3 44
40 13
35 89
82 97
16 87
48 7
4 100
95 41
79 52
48 6
56 17
55 19
11 100
26 80
19 21
95 60
74 26
83 35
4 91
35 63
34 20
61 57
31 9
85 94
52 91
62 47
80 93
92 35
50 71
93 31
55 22
92 85
82 98
8 61
72 59
13 46
84 82
74 71
81 21
10 76
6 47
64 89
75 69
59 35
45 6
77 80
35 90
65 72
16 61
85 77
23 10
45 31
77 26
76 55
56 63
62 70
41 1
68 70
100 86
61 78
24 58
79 73
100 20
30 65
18 36
26 37
1 90
38 100
71 5
89 20
52 71
92 82
94 25
81 53
37 38
53 63
47 33
24 54
17 2
12 60
41 9
31 23
96 21
40 75
19 16
94 75
80 65
56 78
15 36
48 10
3 77
91 20
35 22
49 69
100 46
40 50
41 23
79 46
19 76
80 85
92 50
83 73
79 80
12 92
72 10
55 89
78 2
32 58
25 29
86 65
36 42
32 73
48 72
24 7
15 85
24 97
20 79
44 55
53 31
62 3
60 65
25 63
84 7
44 79
43 70
70 30
11 49
9 65
17 36
13 88
50 43
37 50
69 63
90 92
42 89
8 81
87 16
88 88
75 72
47 75
73 33
34 23
39 85
69 34
30 49
72 49
15 53
21 6
25 18
99 29
79 35
52 22
32 25
52 35
67 59
75 14
86 2
84 23
67 72
53 30
40 98
93 68
71 17
2 74
90 6
88 4
6 89
53 89
51 43
11 12
83 45
42 5
7 45
91 64
80 54
55 23
39 97
72 42
28 57
78 70
61 85
23 69
33 28
27 33
32 94
46 32
43 72
30 13
9 42
83 100
14 85
90 18
93 23
4 82
1 94
48 10
26 93
97 70
57 50
52 70
25 75
24 92
21 36
100 51
43 57
32 31
22 39
6 35
50 29
82 47
6 44
82 18
95 7
65 57
82 92
74 6
6 4
35 7
26 5
82 77
75 58
79 2
49 57
38 71
82 18
43 61
90 14
100 87
73 57
65 92
68 69
38 92
32 53
74 11
41 43
7 77
52 2
18 65
52 37
16 33
1 92
14 43
70 11
14 80
56 72
84 1
33 39
16 88
69 66
4 88
61 33
46 51
44 40
49 69
64 16
80 37
18 53
50 48
44 95
50 73
18 48
87 50
61 16
52 59
78 44
4 33
56 3
65 83
41 14
11 93
73 10
69 61
25 12
11 31
99 37
10 30
86 70
93 85
51 97
7 33
70 24
20 2
13 13
2 33
66 62
3 25
4 73
5 32
61 50
62 65
13 81
93 69
70 61
80 30
34 32
53 91
18 63
33 69
42 65
37 61
13 97
58 46
33 91
82 76
97 49
43 46
2 99
14 7
95 84
44 13
45 23
62 8
53 80
53 15
7 42
46 69
94 69
8 16
40 66
34 8
67 94
17 40
61 29
100 44
19 79
7 48
45 69
54 31
49 57
31 30
40 88
73 86
88 19
75 35
97 95
63 89
6 92
73 37
51 46
12 57
3 51
44 71
41 47
24 59
20 65
90 69
31 44
64 4
28 89
25 41
26 52
25 32
16 46
81 16
37 85
83 83
58 35
56 45
53 40
67 21
36 31
36 4
18 100
57 72
41 52
11 52
54 68
34 34
47 49
66 62
17 31
25 28
64 77
75 98
97 86
9 67
97 36
56 7
14 79
6 23
73 5
85 83
35 60
98 27
100 6
1 56
69 71
79 59
80 66
73 5
43 62
29 29
66 70
60 1
6 58
76 18
36 76
24 47
89 69
83 4
24 79
11 89
65 28
89 82
54 94
51 38
73 79
4 67
63 42
86 69
56 2
67 13
58 95
20 41
29 2
35 30
85 93
82 4
32 54
20 15
64 42
70 67
6 65
41 14
89 98
95 41
90 28
17 76
20 81
90 30
65 47
4 12
97 71
61 24
63 12
98 2
75 36
58 21
15 84
27 41
53 3
31 55
20 8
6 25
86 12
66 29
51 60
15 34
50 96
6 69
93 59
6 57
38 57
5 83
33 6
81 22
6 14
58 44
76 97
81 3
53 50
10 16
31 71
42 11
61 83
19 47
79 89
65 42
14 13
76 44
76 14
33 45
47 51
98 57
30 44
36 80
66 29
61 90
25 96
92 81
1 39
42 33
31 29
50 11
80 88
6 4
83 73
53 2
69 38
41 7
36 99
74 43
85 30
88 89
16 98
55 28
58 66
48 62
24 65
1 9
40 54
25 72
66 42
54 16
84 100
65 1
74 70
66 16
6 73
73 4
34 29
73 51
20 38
57 32
53 74
3 66
31 29
15 66
80 59
85 77
32 91
53 100
86 2
25 54
24 25
91 96
94 26
41 26
37 36
75 26
35 9
82 100
72 64
20 63
88 71
50 81
93 26
69 90
48 47
47 23
67 57
78 100
65 4
54 54
65 75
100 33
18 26
51 44
33 11
73 33
73 84
37 72
90 67
4 41
11 41
28 49
20 30
27 28
3 100
6 15
27 40
85 42
7 78
2 78
45 56
3 91
17 58
99 80
37 100
4 52
80 59
44 42
57 2
12 63
75 72
54 43
37 100
22 32
22 7
29 55
96 39
86 93
12 71
10 88
22 43
90 14
52 18
26 32
28 83
19 98
32 86
23 73
31 97
4 98
21 33
28 81
13 47
81 8
30 75
78 78
7 93
65 79
90 99
88 97
71 94
16 14
80 8
13 24
20 2
87 33
79 4
47 41
100 85
6 77
40 10
97 45
89 19
5 77
19 46
78 91
13 34
5 71
30 44
26 66
3 45
38 92
47 37
4 48
48 85
12 18
37 24
71 54
20 47
14 74
90 95
22 68
65 36
1 78
84 40
80 60
58 1
52 51
33 27
58 97
61 62
17 45
78 49
34 71
97 7
34 94
26 95
8 5
90 28
85 64
25 7
61 86
15 22
97 6
5 83
52 27
31 40
7 51
11 50
73 1
90 61
89 5
46 90
91 100
40 87
1 17
86 100
31 60
77 24
50 65
80 92
31 19
21 61
67 22
73 56
46 35
19 26
32 62
1 40
6 85
6 7
18 74
30 56
72 20
70 77
84 70
19 22
3 52
28 85
57 97
47 57
53 87
7 14
5 93
53 56
4 40
46 39
59 18
65 18
90 40
55 33
99 65
42 95
46 20
10 61
28 62
88 18
86 34
80 79
71 81
26 15
74 24
19 28
55 5
73 20
65 65
46 76
83 65
49 32
90 11
87 81
89 37
28 21
10 38
76 50
52 61
23 92
20 54
68 17
99 49
86 69
52 87
50 9
39 88
10 62
40 44
13 1
96 84
38 85
100 53
88 89
100 20
99 17
82 1
23 74
48 43
10 1
99 82
45 7
89 59
9 5
11 23
62 46
28 76
60 61
58 2
96 54
88 73
43 57
8 99
3 44
100 31
15 40
60 47
63 90
90 65
94 59
6 82
10 42
20 31
32 1
53 34
82 69
35 89
57 54
35 83
73 3
60 60
28 29
27 74
88 1
93 40
99 46
7 65
96 47
60 92
52 89
38 68
25 85
44 95
15 29
54 6
41 44
31 72
10 14
98 57
68 91
74 71
72 71
76 59
34 85
91 74
98 97
99 2
28 32
52 49
55 69
96 67
47 79
59 72
41 22
5 50
31 14
36 51
1 86
17 91
62 91
29 84
86 17
71 30
47 65
1 87
20 80
66 83
68 5
16 85
77 82
4 87
70 57
14 68
66 41
18 56
92 28
71 65
52 49
76 17
42 4
87 68
1 80
1 28
64 66
35 11
4 17
95 19
85 99
58 36
50 83
39 36
61 76
34 54
81 32
12 21
12 45
15 21
74 11
67 64
59 32
37 31
38 8
45 100
81 64
46 26
43 99
69 48
19 30
9 63
34 44
62 88
74 11
49 56
22 33
61 32
46 29
51 50
76 60
28 2
64 38
46 82
75 38
7 76
90 7
80 72
95 24
10 40
67 73
82 21
82 72
12 95
12 84
32 95
37 40
70 56
44 75
59 16
56 12
67 59
90 59
88 94
61 45
90 67
87 55
29 70
53 62
17 96
43 56
74 54
55 21
52 31
82 86
31 21
99 75
25 63
33 39
5 95
78 22
74 24
76 67
88 2
74 100
15 16
23 63
83 47
43 33
98 34
93 49
73 17
75 51
12 9
66 38
93 59
14 81
3 26
85 78
62 52
38 75
85 81
23 46
52 68
19 40
33 99
26 78
37 91
72 64
76 59
42 26
81 10
54 57
27 99
61 28
74 22
53 79
9 15
41 47
84 27
29 21
23 100
77 11
47 70
13 63
34 48
58 52
75 90
28 71
4 40
85 92
97 28
62 19
31 83
30 60
49 22
12 96
94 92
8 36
28 10
21 74
34 30
4 94
79 45
26 97
69 80
16 85
80 25
30 29
55 51
26 83
45 97
74 79
12 91
90 78
82 17
80 26
96 10
58 39
78 25
19 51
79 44
63 30
18 91
22 51
65 78
36 73
92 35
21 28
10 7
19 77
25 5
91 69
36 75
61 79
67 66
37 57
41 79
49 13
64 63
60 81
20 11
29 90
87 76
53 18
78 76
94 13
24 60
35 34
42 19
46 93
28 21
92 22
15 88
21 83
85 4
64 76
3 18
5 21
85 76
5 91
79 70
45 68
40 65
16 29
51 58
63 95
7 28
26 74
47 34
58 4
71 48
61 42
16 11
83 68
29 37
13 68
48 42
2 77
16 59
93 75
46 23
41 36
55 17
68 98
77 2
93 62
24 99
77 42
88 11
83 49
91 72
82 51
25 70
8 9
87 54
11 91
20 55
55 81
16 90
88 74
28 21
49 75
58 26
21 90
18 27
34 5
44 71
4 41
32 23
33 33
9 78
90 91
2 46
28 51
89 65
85 73
40 71
35 92
7 13
71 62
7 62
99 40
88 48
45 47
16 54
92 92
64 33
43 100
64 91
46 79
95 94
54 68
25 34
28 71
33 5
17 11
57 45
28 94
85 9
41 28
45 99
12 89
82 94
5 49
74 44
87 89
16 53
35 98
91 8
4 91
66 92
26 47
58 43
41 74
59 77
77 53
73 87
17 26
82 12
59 75
35 21
20 33
50 24
13 46
53 98
14 17
2 100
27 41
11 80
9 63
64 90
1 16
21 67
91 83
10 72
89 31
54 88
83 11
91 58
47 35
31 43
22 83
83 93
8 48
15 76
89 83
32 97
74 90
90 26
39 74
34 28
34 31
1 33
62 56
56 78
35 87
7 87
71 7
29 33
20 52
52 4
40 78
27 24
68 61
31 23
77 81
94 9
90 16
99 79
37 52
30 36
45 85
2 39
61 78
7 15
97 84
7 89
79 33
87 59
33 100
76 34
28 7
68 11
30 40
18 23
72 79
93 100
81 41
63 18
20 58
40 79
12 79
9 90
24 26
22 93
75 44
58 93
6 83
15 57
47 10
21 46
76 91
97 67
32 67
95 11
4 57
31 16
44 36
100 81
90 31
98 57
84 88
93 61
83 22
68 9
46 17
77 26
58 40
74 75
85 21
12 12
25 98
6 21
87 17
53 3
35 19
89 92
77 85
8 23
33 76
19 50
73 95
75 8
62 52
91 64
64 48
91 50
5 4
21 95
17 9
93 42
71 26
57 24
49 57
59 20
8 97
33 79
51 32
90 83
97 3
62 47
69 46
73 22
10 31
2 92
67 41
19 13
67 14
50 83
32 54
82 10
61 60
77 98
30 53
76 78
12 48
15 52
24 86
29 44
98 59
91 86
67 65
16 15
22 53
93 90
54 83
68 8
38 29
4 26
51 48
80 22
92 92
14 54
67 23
98 65
2 75
64 89
27 48
34 43
56 43
81 99
44 51
25 95
94 93
83 38
70 68
78 90
9 92
61 44
97 94
97 99
59 9
85 4
74 86
20 33
35 7
62 9
19 65
11 89
58 3
100 74
40 17
43 60
96 50
21 26
82 8
59 97
55 90
26 31
68 20
68 43
61 80
48 8
94 82
73 65
63 48
67 8
1 52
94 63
21 70
82 6
1 78
42 2
28 90
65 70
86 88
10 13
95 57
32 3
74 80
70 56
86 54
23 23
71 33
19 33
54 48
12 69
46 64
2 49
5 51
18 98
48 2
19 79
77 86
31 83
6 12
38 98
44 59
64 6
75 94
35 18
79 29
68 3
41 69
49 81
74 64
89 3
2 5
69 96
30 78
26 3
77 100
59 64
17 45
16 32
52 55
10 15
38 40
12 45
77 64
21 92
3 93
31 99
3 79
54 32
94 55
41 92
18 92
16 42
71 39
93 41
23 29
7 54
28 29
83 15
71 74
34 98
23 70
51 28
22 24
90 4
100 34
97 61
38 31
95 5
24 69
95 91
2 61
46 55
92 7
19 40
50 60
31 37
2 36
28 89
17 27
84 15
40 30
85 100
58 22
3 44
45 56
53 86
36 76
69 70
90 31
39 67
96 20
96 9
79 42
96 100
98 85
85 82
47 49
39 6
8 96
39 34
31 22
84 51
51 89
67 78
82 89
62 43
64 89
17 72
45 89
21 14
14 88
92 91
7 71
55 91
82 34
21 91
7 53
83 52
82 80
45 5
17 65
20 92
95 86
54 51
99 98
88 42
60 98
79 84
10 23
89 50
58 37
33 5
90 15
22 63
68 28
3 84
81 72
19 76
70 54
63 56
75 17
56 36
89 83
95 4
17 18
58 11
5 53
84 15
23 38
46 85
23 34
81 69
94 12
70 15
33 18
50 53
10 11
83 62
100 55
25 31
17 57
89 38
45 52
97 43
16 27
71 37
74 59
93 42
66 26
98 51
33 17
11 22
81 86
21 50
42 70
67 14
23 89
38 77
82 59
42 39
99 18
80 63
42 90
16 69
81 1
42 56
100 95
65 18
73 34
44 9
21 83
10 57
47 43
98 42
37 1
100 92
48 17
27 58
81 40
23 25
22 22
53 39
14 58
83 15
88 40
20 71
95 12
14 16
77 66
85 89
40 61
68 12
46 33
59 44
80 74
32 39
42 98
88 52
97 38
13 39
64 72
90 63
64 32
76 7
87 77
16 88
80 42
23 6
7 72
47 84
86 66
91 70
37 48
89 74
39 34
77 79
36 85
44 86
35 25
52 76
5 13
3 83
10 28
73 2
93 79
8 35
4 100
88 51
18 74
47 23
92 31
98 15
39 79
85 96
5 56
49 2
4 56
79 82
40 5
76 7
95 69
43 32
58 8
64 53
58 72
1 33
14 38
29 47
3 27
5 67
59 9
22 28
78 87
7 40
64 86
63 72
53 63
24 21
84 84
50 56
25 49
77 11
100 13
62 78
68 33
39 93
18 2
43 89
30 99
29 51
88 30
27 44
25 92
3 12
3 70
80 72
28 33
28 10
33 67
55 38
98 21
98 80
74 59
16 44
84 15
29 64
99 76
86 18
97 47
11 45
69 70
40 27
17 52
38 1
98 28
61 7
49 4
43 44
92 87
11 22
12 53
4 27
52 51
52 89
80 13
34 9
81 29
2 5
100 1
50 1
82 56
15 68
78 94
54 25
58 89
59 90
92 79
14 35
64 37
1 97
30 16
29 19
21 56
76 82
26 28
22 90
76 23
9 12
21 78
40 6
1 40
5 30
90 88
5 99
73 4
4 97
37 98
60 15
14 31
69 33
80 27
63 56
44 62
14 77
9 44
13 62
9 27
15 74
46 54
44 33
83 71
58 77
73 43
72 11
8 75
81 11
20 6
89 61
29 13
41 2
11 12
18 14
84 48
96 94
57 73
34 49
41 22
99 47
33 8
23 70
51 53
5 86
43 57
30 49
74 53
52 38
32 56
69 99
84 26
34 17
42 51
80 24
23 92
54 86
62 69
2 97
24 77
60 16
51 27
9 49
48 65
32 63
57 12
25 47
22 74
74 49
7 5
29 14
17 39
53 40
45 56
42 62
61 36
6 45
43 72
52 54
81 6
88 13
88 74
55 39
24 76
70 16
47 84
7 21
20 83
81 13
39 32
51 39
78 20
49 24
10 91
42 55
96 86
24 89
75 67
91 45
53 22
19 22
19 24
34 23
48 31
5 28
34 67
41 93
62 99
2 46
35 47
23 69
93 91
34 56
53 30
17 73
55 32
38 91
77 73
20 3
88 99
17 24
66 55
76 34
34 7
30 66
73 3
86 14
77 1
6 7
86 45
13 20
93 46
94 42
83 67
20 51
34 22
13 100
50 93
14 62
18 15
56 14
25 65
35 37
96 22
25 17
74 87
47 100
88 22
16 57
31 23
89 63
97 71
6 41
66 43
56 78
85 52
96 63
50 88
34 38
30 59
70 37
46 10
22 27
98 83
36 7
33 71
25 70
93 4
30 32
83 1
58 3
24 27
10 82
81 2
39 29
40 92
23 79
99 50
34 52
94 69
93 2
42 36
24 74
44 29
68 36
62 58
55 54
66 14
89 47
1 55
14 34
16 97
30 87
9 68
16 19
93 76
51 13
91 10
88 16
62 59
56 75
48 87
3 4
12 83
18 66
99 55
62 68
19 42
16 66
28 26
49 69
9 12
59 85
35 87
33 85
87 31
20 69
12 60
29 48
27 8
57 94
72 69
5 46
70 39
50 7
71 44
68 72
6 66
10 78
72 97
23 38
30 80
34 80
67 88
66 32
55 17
30 19
49 95
54 80
72 51
43 90
55 15
82 59
10 55
29 31
35 84
96 2
24 5
53 61
74 1
75 88
97 37
88 92
52 69
24 62
51 80
100 83
46 39
45 80
54 47
98 55
4 6
86 81
12 6
38 68
100 20
38 90
75 79
82 94
40 20
28 19
30 69
3 70
76 59
92 13
66 55
58 65
92 76
55 82
24 17
77 68
2 8
44 53
16 87
22 44
49 69
19 94
7 67
98 18
76 97
35 45
32 1
85 49
34 26
20 56
34 35
2 77
96 3
49 25
76 65
29 83
16 98
73 23
92 32
87 47
92 54
58 3
91 51
15 10
97 81
4 88
31 64
38 76
1 43
3 76
53 80
25 47
25 31
81 37
79 51
82 97
6 25
36 9
14 36
49 23
85 56
71 70
99 17
22 54
78 51
50 57
54 22
63 27
89 75
25 79
40 20
11 48
35 56
43 51
66 53
45 79
87 13
62 59
51 10
74 9
77 24
20 48
59 51
11 35
10 54
97 27
91 75
19 85
24 23
64 21
6 85
31 24
51 29
17 100
9 81
33 33
18 85
17 72
49 81
95 57
34 44
58 64
9 3
62 63
59 59
58 59
88 42
52 31
17 96
17 100
14 53
55 3
18 65
62 20
12 80
44 92
71 45
54 10
92 82
44 37
30 38
65 83
69 53
53 53
28 14
34 86
76 31
27 29
8 98
92 73
48 24
38 47
30 44
3 79
20 22
65 75
74 64
89 3
80 78
61 37
37 48
83 94
4 63
44 16
19 79
45 26
58 57
95 87
32 76
36 92
53 18
8 9
77 54
61 47
61 3
88 19
80 20
59 22
55 43
4 21
69 1
95 66
50 45
77 82
52 11
45 59
54 27
79 82
43 79
82 94
90 56
79 89
95 51
92 71
59 18
19 7
97 64
67 11
96 84
48 43
24 89
23 90
72 43
91 67
28 38
96 82
65 89
97 28
70 95
18 3
85 10
86 65
81 53
27 9
23 26
71 31
68 25
26 97
35 5
26 49
18 36
37 23
65 57
62 88
95 64
22 61
64 23
100 24
55 94
73 61
20 28
42 2
59 95
59 62
64 61
11 100
100 95
70 20
8 82
81 24
59 52
40 86
90 49
60 41
73 78
5 72
66 83
61 56
83 61
54 23
32 67
90 61
27 1
58 39
93 49
75 81
53 9
46 81
71 43
63 15
100 12
81 72
26 78
84 53
30 21
11 88
36 100
86 44
71 32
58 37
19 91
96 94
24 58
34 68
23 39
53 19
46 96
3 97
58 62
28 48
84 24
32 91
41 71
27 68
75 41
54 60
86 76
83 60
100 12
98 54
61 31
79 78
25 54
45 76
80 52
8 96
14 50
38 81
87 57
74 38
59 38
69 23
40 31
26 42
51 43
47 43
70 25
16 84
69 52
68 88
71 9
22 18
56 95
97 89
84 44
15 92
63 86
75 11
10 46
15 46
56 42
100 33
21 46
56 34
83 53
43 42
100 85
37 45
41 4
16 81
6 88
96 33
73 24
62 77
65 76
3 45
48 31
54 98
26 90
47 80
89 65
51 55
68 56
41 97
76 67
25 72
79 95
33 52
28 21
17 90
89 25
26 6
24 89
9 51
88 98
25 28
81 30
38 15
59 72
100 16
91 38
12 99
14 90
69 33
70 13
22 56
40 55
17 49
37 11
4 93
88 52
22 57
6 76
40 40
73 61
97 58
81 38
32 19
95 58
30 1
24 79
54 24
7 15
100 83
32 17
56 67
63 25
16 60
37 7
51 75
41 87
49 14
91 9
88 10
73 7
70 45
35 76
40 91
91 45
85 45
43 34
83 42
36 14
8 60
85 61
23 43
34 80
86 14
78 40
34 95
60 55
25 79
21 51
3 62
50 90
58 17
61 57
68 78
70 24
88 44
92 12
96 21
21 88
56 79
4 5
18 4
48 55
40 33
18 53
60 67
79 32
56 62
68 88
80 49
78 1
29 10
3 90
77 11
61 19
68 38
19 52
29 61
51 29
76 5
5 87
11 43
19 76
50 62
67 19
21 2
54 98
43 84
4 24
14 77
10 37
33 93
11 19
23 12
82 19
31 37
52 54
3 96
43 27
80 92
25 83
58 12
48 96
59 99
43 49
49 72
45 99
19 37
77 78
85 48
21 11
86 97
7 43
31 44
67 83
14 86
12 100
85 21
81 54
46 74
25 62
19 74
56 3
32 32
38 33
96 55
71 1
14 1
49 64
4 89
24 8
31 14
75 70
57 36
14 39
30 39
83 88
85 84
79 15
95 5
1 90
16 12
47 78
27 51
33 54
45 4
73 89
60 34
36 75
79 39
75 61
37 40
28 91
56 66
56 15
42 14
51 86
35 72
9 74
17 63
2 74
40 58
94 20
9 68
31 57
92 36
62 88
42 75
47 91
65 44
20 32
70 90
17 79
13 2
49 88
27 20
38 33
87 49
20 54
64 30
48 8
53 75
71 53
5 38
16 43
13 5
49 53
99 90
6 39
20 85
21 88
29 39
1 14
87 81
48 18
78 56
69 17
92 59
58 26
7 55
72 92
52 57
96 33
89 99
74 74
15 42
42 13
9 4
48 47
24 67
85 9
71 24
50 15
2 74
10 74
1 25
46 36
61 65
38 29
39 100
69 64
72 56
67 38
82 15
22 27
87 53
7 94
71 72
70 62
26 30
71 72
17 58
93 89
88 19
15 66
35 89
56 31
77 56
34 10
17 6
66 96
77 13
85 89
81 46
62 78
39 29
15 57
21 46
97 39
43 11
26 52
8 79
18 42
