10000 43
9 33
4 50
20 9
65 54
13 64
69 74
40 38
53 43
59 4
24 70
56 100
62 64
68 22
22 4
32 92
16 28
8 5
55 17
7 35
28 98
64 54
15 4
11 46
89 43
65 20
55 85
22 28
12 25
100 88
52 9
17 29
19 50
74 6
10 91
12 19
36 83
82 85
80 89
56 65
68 100
68 96
20 73
79 73
63 77
68 57
51 70
90 12
20 42
11 77
2 77
78 54
80 29
77 84
24 7
43 42
70 57
66 84
49 59
86 79
24 74
50 14
75 60
31 12
97 41
23 34
77 99
5 33
65 12
77 9
32 72
85 86
17 51
27 45
68 74
11 57
54 33
56 36
39 73
46 75
18 7
33 46
73 74
23 9
2 97
27 2
9 68
12 80
59 75
91 26
64 11
66 19
85 47
32 41
14 84
86 25
14 87
69 69
92 85
49 28
42 6
40 80
51 63
46 17
70 9
67 83
25 89
77 16
35 37
83 45
14 19
49 55
62 41
98 2
92 98
50 15
79 36
5 46
92 91
1 72
99 48
67 40
58 60
29 92
99 3
89 47
88 51
19 8
28 77
21 42
21 3
59 36
59 44
77 73
48 28
28 36
82 75
3 70
18 45
82 48
25 20
38 26
56 46
21 47
86 88
88 24
72 33
46 34
46 30
30 73
83 48
31 34
77 26
27 94
11 95
62 37
34 10
8 49
34 43
51 1
22 64
8 5
13 31
66 18
98 79
20 84
61 45
23 89
34 24
15 46
75 55
16 82
100 14
22 99
80 63
58 88
86 61
8 69
81 32
34 90
62 46
41 10
82 96
81 62
75 36
36 37
45 74
97 30
52 13
40 23
74 14
55 84
5 14
91 25
11 30
51 78
100 67
35 73
11 55
85 94
91 12
72 20
84 83
55 73
13 95
36 22
51 32
70 52
52 53
82 100
20 58
42 48
41 68
95 15
84 43
14 22
50 19
30 56
30 31
23 24
24 42
91 34
72 74
10 94
90 24
68 29
51 82
91 11
21 27
75 67
72 97
27 86
73 49
53 66
3 25
18 25
73 87
17 20
49 1
28 72
19 25
19 54
62 11
8 22
73 99
19 23
56 96
79 46
51 96
58 34
64 55
24 1
56 64
91 20
63 78
18 7
6 65
75 10
24 17
71 54
82 28
56 54
9 49
9 5
11 77
3 88
23 54
42 48
82 67
75 62
83 3
6 20
77 37
42 75
90 81
9 23
55 7
4 36
73 1
93 67
49 75
38 74
36 35
79 36
99 92
73 91
59 77
25 32
60 99
58 78
16 53
36 9
34 95
44 69
96 47
53 39
54 78
12 23
100 54
15 24
65 25
94 70
61 48
46 69
46 36
91 22
14 50
66 72
83 12
71 55
38 48
14 67
34 32
38 88
15 3
31 40
98 74
96 10
64 39
13 54
96 34
83 50
94 77
58 7
10 11
100 56
63 3
41 50
77 5
95 42
87 81
69 87
84 71
84 9
4 94
16 57
54 61
74 10
18 42
44 77
48 9
55 7
97 14
94 73
78 24
4 65
55 68
11 56
70 47
42 95
47 92
33 21
94 47
44 89
93 10
38 64
19 26
37 34
88 26
85 7
50 68
30 90
31 37
40 87
39 81
82 14
11 48
44 6
78 13
89 4
9 33
90 33
75 11
85 43
11 86
24 35
84 54
93 94
65 10
30 32
25 71
33 18
6 97
7 8
39 79
60 38
74 68
29 24
51 80
57 40
31 40
96 21
21 72
49 28
80 91
91 97
61 63
87 98
53 69
88 57
93 19
86 20
75 83
3 33
39 46
27 49
90 51
9 75
76 73
93 36
55 71
55 28
21 80
93 21
70 50
65 14
52 8
73 44
98 95
26 66
99 6
14 39
91 11
97 9
81 74
8 85
84 53
45 3
41 9
13 59
29 47
28 81
76 68
5 36
39 61
50 32
21 89
73 83
17 90
100 56
34 12
55 73
23 94
15 37
32 59
28 22
91 39
15 81
18 97
50 50
41 57
29 46
86 89
92 88
29 84
40 72
34 71
90 13
22 94
75 82
92 14
65 4
49 17
56 21
17 76
55 86
54 11
52 70
26 61
70 46
64 52
94 35
54 20
61 100
65 58
18 70
15 78
51 45
13 77
73 35
28 2
92 4
73 74
99 84
73 35
84 28
59 77
40 42
35 76
91 95
93 29
25 52
3 62
97 64
43 12
55 2
43 69
99 32
52 63
35 35
9 70
95 3
50 90
25 89
63 49
31 22
35 28
78 59
68 3
59 60
34 81
74 75
98 8
48 51
29 51
63 89
47 98
41 60
83 64
82 73
34 93
13 83
97 84
2 48
38 19
57 22
54 49
70 58
73 1
28 95
22 21
37 41
57 94
47 5
45 41
17 31
98 22
76 90
73 33
5 14
1 24
34 78
61 46
70 8
71 98
2 24
96 62
90 47
89 57
41 19
83 73
39 80
89 92
74 91
95 33
63 5
92 36
57 41
36 64
29 22
32 81
20 89
64 97
75 7
92 83
18 7
4 54
56 60
69 47
14 84
44 68
34 28
73 80
99 33
29 62
20 87
46 54
21 87
14 98
35 38
14 56
75 57
92 29
57 51
65 23
66 49
66 57
53 5
58 81
57 75
17 21
88 66
61 91
90 98
67 77
91 86
24 68
40 99
90 100
71 53
1 40
40 25
79 37
48 64
39 23
39 76
30 54
23 11
47 50
79 98
93 93
60 99
55 71
92 23
88 77
34 61
63 98
17 56
64 59
13 65
25 35
56 87
4 45
14 44
43 26
94 54
24 87
11 63
86 19
99 64
84 21
51 39
15 12
23 15
67 85
55 38
35 95
32 80
50 98
94 78
85 43
34 48
86 41
22 33
71 26
18 69
73 99
29 3
85 7
91 70
95 94
74 54
71 42
90 66
99 35
50 68
58 57
72 99
56 98
1 52
30 89
21 77
61 6
5 28
97 55
86 10
45 38
60 17
51 46
30 2
62 66
58 87
96 71
21 45
32 13
35 1
30 26
43 66
43 21
95 83
17 69
76 65
91 33
10 7
23 49
22 4
11 43
53 12
23 90
89 50
96 25
10 23
19 26
21 42
27 17
75 65
77 75
40 7
43 84
87 49
52 74
89 29
30 2
11 44
14 2
63 63
15 34
69 59
13 67
91 74
88 53
37 96
6 13
27 28
46 66
72 48
3 34
87 64
43 97
33 82
55 54
11 68
80 60
81 54
45 49
97 70
50 13
24 50
55 95
76 49
65 58
10 43
54 97
98 65
24 75
29 22
47 71
78 92
45 70
96 49
1 44
57 59
61 14
80 75
16 14
17 22
71 18
49 74
10 22
32 4
92 29
8 4
33 93
39 40
73 88
25 64
55 2
76 14
72 14
55 19
20 86
23 4
11 20
96 1
87 32
53 4
50 25
33 50
25 51
35 92
7 28
6 88
19 54
63 86
55 31
38 52
94 90
76 49
34 14
34 44
25 23
38 52
14 57
10 84
12 25
48 45
6 23
10 20
5 49
62 58
43 98
82 49
19 63
90 10
45 57
93 57
28 73
66 84
68 22
42 30
96 28
89 72
97 36
25 17
70 8
1 68
7 97
96 69
53 71
24 93
30 2
1 95
45 78
99 15
27 67
77 1
46 25
83 55
82 29
42 64
84 8
31 96
50 35
71 77
62 71
1 8
56 2
36 43
61 82
87 94
29 92
33 52
24 85
76 91
13 53
65 50
77 73
90 42
43 81
54 75
31 47
47 78
95 3
10 50
63 32
78 12
14 92
43 48
30 41
93 89
23 39
30 64
10 15
93 26
91 29
9 5
57 3
97 41
89 14
11 26
98 23
71 62
49 43
28 72
58 51
87 65
3 7
5 67
76 14
73 28
22 53
6 92
21 71
34 15
60 78
51 42
61 27
67 59
95 58
87 31
74 46
28 34
9 22
68 45
35 61
34 31
58 51
71 9
44 6
88 80
67 83
93 10
39 78
12 38
1 67
76 80
22 94
13 14
2 8
35 27
72 93
7 21
77 23
33 80
61 12
20 23
55 80
95 51
63 19
40 14
13 81
99 81
33 22
59 4
82 96
64 1
2 97
11 2
85 60
85 19
43 69
55 43
68 10
43 40
74 66
87 38
84 63
61 93
91 72
40 54
94 98
53 9
56 75
66 51
83 98
9 79
37 75
29 21
32 1
33 87
62 98
29 29
65 24
19 71
8 45
3 31
7 82
76 22
74 82
14 47
19 89
9 23
16 13
86 56
41 73
9 24
62 30
7 27
78 61
87 33
57 46
90 47
25 18
11 48
46 39
13 17
1 77
34 22
33 11
73 60
86 99
78 1
79 28
66 81
24 69
58 30
4 74
40 18
88 63
87 26
59 33
85 74
50 38
26 86
33 72
99 93
20 59
93 28
6 13
100 64
53 60
84 26
53 59
51 97
62 24
68 90
19 64
97 60
91 42
3 83
15 32
34 29
84 15
76 32
52 47
38 39
95 76
88 84
50 99
76 92
93 100
95 85
91 42
95 72
33 23
30 89
82 59
88 40
40 37
67 86
56 22
75 70
93 19
79 37
3 85
41 68
30 73
66 79
52 6
94 52
33 78
45 31
6 68
22 73
85 74
43 31
100 52
96 2
97 29
7 24
95 41
79 24
99 57
40 67
45 20
91 56
10 3
9 76
28 74
18 48
25 70
6 25
6 44
25 3
68 97
77 44
92 65
24 57
97 19
4 60
42 31
82 91
49 51
33 1
19 30
9 48
76 11
80 43
84 70
2 98
40 44
16 5
83 14
1 14
85 78
90 3
57 39
45 7
27 95
58 52
52 34
32 61
98 26
32 35
80 26
60 95
55 86
29 55
18 89
21 34
44 58
70 95
18 37
26 29
21 100
5 95
9 82
7 61
39 20
24 71
90 4
38 40
100 98
41 45
10 67
39 58
73 64
76 76
99 27
78 26
65 26
60 79
41 4
41 39
46 90
40 70
61 82
40 80
16 53
70 2
31 95
78 7
34 2
94 35
85 8
91 38
69 82
61 46
89 12
32 88
10 86
78 71
87 65
72 8
62 6
96 22
87 66
58 93
53 38
87 90
43 88
35 48
35 94
61 1
59 87
12 68
87 90
61 29
25 13
60 86
95 65
26 63
3 22
91 58
62 45
47 61
20 65
15 69
89 88
4 51
36 5
70 1
16 71
27 98
4 95
52 84
88 44
64 66
83 40
69 40
12 91
75 19
46 9
90 100
93 30
74 52
69 97
17 52
12 28
25 74
73 44
18 78
76 63
68 1
26 82
49 99
38 80
16 98
42 47
1 46
77 12
38 27
37 24
42 13
27 84
69 19
60 75
2 11
94 55
91 7
20 51
76 78
9 65
2 65
45 34
69 55
72 4
48 24
10 55
44 91
18 38
72 66
63 85
55 27
34 91
44 16
91 13
3 69
47 80
66 25
96 76
1 7
86 33
99 77
47 7
54 83
52 72
4 72
19 2
13 1
64 78
32 29
72 69
24 76
96 69
92 50
79 77
23 82
44 16
50 2
58 37
85 29
51 63
29 75
97 82
75 71
42 20
87 15
96 12
46 57
32 64
5 92
18 59
3 44
99 18
36 43
35 33
20 70
37 11
27 49
64 4
19 54
97 75
70 23
96 82
50 12
67 76
74 10
25 86
46 97
44 17
54 80
31 30
51 2
14 91
81 87
17 64
67 4
17 50
53 64
54 55
60 18
95 8
63 98
57 97
60 21
49 44
50 24
97 25
76 73
15 20
94 34
79 10
76 20
43 95
98 67
21 43
84 93
31 23
87 81
69 19
40 7
2 98
23 34
88 47
17 93
39 94
41 75
26 23
66 72
64 75
71 56
9 39
15 6
76 52
55 74
67 39
46 95
68 16
10 55
36 52
90 36
61 8
86 21
94 32
61 89
93 41
53 97
57 65
31 57
98 46
62 85
40 52
13 57
40 95
96 29
42 95
44 48
13 90
14 75
44 87
37 42
50 33
51 33
2 11
89 67
95 67
53 12
12 36
6 85
81 18
41 14
8 40
54 81
89 42
82 30
11 32
21 70
64 19
2 92
32 42
42 97
60 12
51 84
39 56
65 81
4 71
87 17
67 96
80 29
29 51
60 70
61 86
3 87
23 69
75 81
41 50
2 41
20 44
70 33
49 33
36 1
57 43
28 74
75 16
33 5
48 80
77 63
41 85
13 73
37 40
38 40
51 21
98 43
67 15
57 83
48 77
78 1
72 7
59 78
74 48
76 81
41 77
22 22
19 22
65 82
96 13
38 16
4 26
95 19
88 96
20 49
29 24
91 29
62 51
71 17
13 19
47 54
91 33
86 93
47 1
53 34
93 100
69 34
38 28
62 39
36 66
32 78
1 100
10 97
43 44
97 11
27 17
12 61
23 58
96 36
77 54
45 77
67 45
24 77
35 66
70 38
76 88
45 48
19 89
94 93
71 11
57 29
54 97
99 38
91 41
80 98
97 49
75 91
24 22
48 92
74 89
76 76
11 25
75 86
83 79
47 65
80 15
93 33
86 18
42 97
67 3
48 49
15 7
50 58
72 79
15 40
88 97
24 30
12 97
3 89
35 94
17 52
91 10
11 32
89 85
27 55
20 23
26 32
92 85
30 47
86 46
46 44
45 70
59 16
5 6
20 19
20 69
68 5
41 64
81 51
39 6
3 49
37 79
98 48
1 77
25 2
74 91
43 78
74 21
31 91
37 66
34 21
41 11
52 22
40 57
99 76
49 22
23 34
83 29
94 67
63 14
52 60
3 29
99 60
98 44
15 54
97 75
4 13
68 91
24 93
24 28
31 87
82 86
27 19
80 92
25 76
12 81
39 10
60 82
29 32
89 17
26 25
50 13
88 12
99 47
26 65
81 56
78 36
53 67
14 68
8 60
86 45
91 69
82 29
27 65
16 95
86 12
65 98
11 10
38 23
26 65
86 67
93 59
62 16
89 44
54 58
69 2
78 57
14 65
51 98
25 38
34 6
52 71
57 52
14 47
83 26
6 54
2 6
4 24
25 46
46 80
48 17
49 17
12 69
28 13
44 99
31 23
17 98
15 43
24 35
41 32
36 73
98 3
89 61
6 87
3 57
14 45
83 3
63 13
97 15
88 66
97 52
77 98
38 13
38 88
1 63
2 32
88 37
31 47
18 92
56 87
65 97
10 87
72 94
83 92
91 64
74 75
71 27
13 55
50 83
80 29
37 30
81 91
89 14
74 61
12 62
100 86
47 59
84 7
51 100
14 87
37 61
12 97
49 5
18 33
64 89
58 82
62 29
100 37
31 60
83 22
62 1
39 34
48 24
88 46
9 31
30 42
17 64
66 28
26 5
76 72
77 98
90 27
12 83
22 40
55 71
37 31
22 39
84 73
57 22
99 57
7 72
41 85
3 97
10 43
63 85
84 85
29 47
20 2
64 7
100 18
38 56
63 21
93 92
21 23
34 5
61 30
1 88
57 78
5 59
25 33
22 48
88 54
94 52
67 21
22 42
62 77
100 24
58 91
3 93
4 61
62 11
70 2
20 25
56 17
54 75
84 48
4 88
93 40
59 61
61 76
80 49
19 23
34 3
96 38
73 71
91 31
38 85
100 43
70 59
87 55
22 69
11 82
81 57
50 8
63 13
83 38
81 31
70 55
29 56
64 100
14 29
72 79
85 87
98 32
78 35
15 29
36 52
55 55
90 100
35 87
42 2
87 87
82 98
37 56
93 45
69 20
38 82
31 92
100 85
40 47
44 47
49 61
46 33
64 42
73 52
64 71
28 5
30 58
60 8
83 14
35 53
83 27
46 39
68 48
39 66
78 51
80 75
24 85
69 40
85 67
23 69
12 1
30 7
3 98
55 99
10 1
23 86
74 6
33 5
12 98
76 90
87 57
34 37
91 25
17 70
39 26
10 6
34 74
37 7
33 76
10 40
69 80
55 64
17 36
56 25
52 43
91 8
7 22
84 97
99 64
20 7
88 33
2 73
23 67
29 41
3 61
32 33
49 48
77 40
19 38
71 44
30 3
36 66
36 23
98 48
47 66
84 28
62 56
35 38
20 82
97 7
76 95
86 17
83 39
50 55
71 47
13 71
85 60
7 48
89 46
7 94
85 30
76 44
88 5
77 20
7 47
79 19
23 93
77 86
12 26
8 55
67 38
49 18
92 6
91 24
59 46
100 84
27 40
36 4
51 87
31 24
14 87
44 83
8 96
19 65
36 8
12 5
85 69
78 77
7 73
27 48
4 80
36 29
33 8
54 28
72 10
94 47
66 56
1 57
89 53
31 87
91 29
59 99
27 7
100 12
27 86
40 31
90 55
96 44
79 23
5 17
18 82
45 88
74 1
68 77
55 2
6 65
32 33
5 69
69 65
15 87
16 33
2 71
17 14
13 33
40 7
83 38
73 12
92 59
44 93
93 58
79 100
79 94
60 59
18 77
77 12
9 69
27 49
14 82
39 74
62 38
45 46
98 99
89 44
19 26
9 30
49 4
16 17
31 14
37 87
19 40
65 35
52 66
98 28
95 52
79 85
94 97
31 42
27 71
81 40
75 3
44 80
81 78
28 5
86 30
31 94
53 75
2 22
29 23
96 75
78 25
7 18
97 52
74 26
96 99
1 50
37 34
99 16
59 63
84 31
21 27
62 86
56 28
93 10
63 21
20 84
26 51
21 83
90 12
75 38
55 64
86 42
52 33
8 29
86 55
73 76
87 48
75 30
46 16
89 6
40 98
34 80
34 17
23 40
91 81
30 57
87 14
21 19
17 73
29 25
53 98
31 73
65 50
2 14
91 3
4 55
20 32
81 5
70 93
24 50
79 83
64 78
42 55
38 69
48 37
65 88
44 75
21 40
83 17
8 1
23 23
51 13
81 100
62 87
61 20
91 13
78 5
29 73
12 30
49 90
39 9
93 18
59 88
50 87
99 97
50 2
33 67
48 65
40 40
34 88
30 95
28 95
9 72
52 79
50 71
67 5
93 35
68 32
23 18
65 76
78 74
10 13
54 70
17 36
29 37
48 90
43 99
63 89
52 94
16 55
98 93
72 57
50 15
100 26
30 49
20 46
37 47
43 71
21 43
36 98
10 87
56 88
97 39
2 6
30 98
17 23
55 90
45 76
63 18
35 100
72 33
50 89
8 97
44 16
83 10
69 37
37 62
36 56
55 15
88 56
49 72
33 82
26 34
40 42
9 57
39 11
57 93
37 20
7 10
86 62
98 14
62 52
91 76
95 44
74 83
1 32
70 84
82 83
31 9
81 46
91 8
3 41
10 18
42 84
91 32
51 32
57 54
87 86
7 11
46 31
49 88
36 61
14 36
33 22
98 76
95 54
19 12
61 12
27 24
55 10
50 89
9 94
31 68
74 88
43 3
40 68
5 16
40 82
91 56
56 31
50 34
34 24
16 48
97 78
73 17
11 85
78 36
32 96
7 95
55 49
50 65
40 70
76 71
80 92
65 59
13 61
72 25
41 43
88 59
82 35
24 32
82 64
25 9
52 51
57 92
54 51
99 6
68 77
93 47
27 91
61 7
78 39
63 97
2 10
85 53
63 76
91 81
79 55
69 17
64 14
55 25
49 61
3 91
75 74
42 7
81 43
65 81
1 25
79 83
18 31
61 98
58 90
57 91
66 20
43 22
33 34
37 2
96 32
15 34
76 70
49 87
28 30
93 54
82 74
82 92
98 34
74 22
19 71
39 63
67 72
41 15
31 35
86 81
93 6
7 32
18 93
62 77
17 67
80 33
27 85
7 55
79 81
7 76
69 47
1 78
51 17
11 58
71 79
30 15
19 74
32 36
92 18
4 97
39 37
26 69
36 75
49 66
37 32
21 55
76 55
59 24
20 88
88 87
43 84
26 77
21 44
86 58
50 11
28 33
95 26
6 24
51 24
63 81
90 57
22 48
29 79
73 100
95 23
70 89
79 40
24 58
58 58
81 40
67 27
81 81
66 73
82 6
62 2
35 92
35 1
67 8
88 11
33 65
40 40
53 81
26 6
21 18
61 86
100 34
14 93
9 5
39 100
93 8
76 94
51 3
55 26
71 29
48 63
73 49
5 98
100 6
57 36
64 20
57 99
93 91
28 29
100 46
62 4
3 1
3 79
27 56
93 65
41 93
65 66
48 25
24 39
54 100
24 80
49 13
38 23
88 11
12 58
40 23
7 69
58 89
27 78
60 73
5 68
15 48
29 97
84 73
29 97
31 89
90 49
4 21
77 10
70 58
81 84
57 99
33 32
71 25
21 58
30 24
71 98
53 39
29 89
20 53
91 100
85 19
59 32
18 38
67 33
69 68
4 77
41 68
7 99
72 66
45 55
84 28
21 35
18 84
41 66
13 25
86 92
48 78
66 22
62 69
10 31
74 44
52 61
95 95
49 43
16 72
25 42
3 39
73 82
62 26
72 63
33 95
51 94
5 1
76 73
85 36
20 61
45 94
85 77
7 61
35 21
92 35
83 63
92 91
36 58
20 70
63 71
70 94
73 25
71 9
83 56
99 6
65 25
93 93
69 30
98 80
11 61
18 10
57 70
29 17
48 10
10 64
47 33
20 42
95 52
33 99
8 69
72 77
10 3
30 20
33 44
41 47
87 51
55 59
47 87
35 60
26 1
18 38
77 90
34 95
21 98
72 25
85 100
68 42
14 15
48 9
16 76
23 87
53 44
10 38
85 10
30 66
23 83
32 28
50 80
80 2
30 74
86 26
35 16
33 56
79 33
17 1
52 76
55 12
55 5
79 56
48 79
75 15
30 40
93 69
37 66
83 56
96 93
84 98
58 96
38 17
61 96
75 17
37 73
30 69
43 51
44 44
74 94
88 90
96 29
47 34
94 59
19 83
67 4
10 45
31 82
10 100
42 52
57 82
99 56
77 16
66 79
18 86
30 78
46 64
37 83
41 7
66 97
4 56
16 2
2 50
66 29
8 59
17 83
55 25
57 58
86 76
68 2
89 94
89 20
45 57
25 52
8 34
26 95
93 59
78 64
39 45
97 51
44 43
74 5
5 37
55 26
71 29
46 57
52 57
48 83
30 22
64 61
32 28
91 9
29 74
29 83
23 54
77 67
38 3
32 8
85 79
6 44
55 24
31 24
21 14
82 91
21 28
60 95
30 100
72 39
27 95
67 30
1 70
21 11
74 95
89 43
11 62
9 83
92 77
74 28
71 59
96 3
79 60
21 34
75 37
74 6
52 98
45 99
11 63
97 20
3 59
2 29
7 90
78 29
31 34
23 97
77 45
52 61
91 64
73 90
27 73
29 60
82 91
14 71
89 88
46 13
49 20
87 48
86 63
98 37
60 51
4 61
11 89
40 39
40 98
59 87
57 22
7 82
28 47
77 28
85 18
34 57
37 28
70 65
84 6
74 37
58 97
50 56
11 71
75 84
9 10
28 75
38 2
22 83
59 7
66 32
27 22
98 60
36 26
86 15
54 13
94 96
43 87
72 50
65 5
77 60
66 2
32 15
53 86
59 39
87 29
90 5
23 74
63 40
81 99
4 52
27 77
52 56
87 62
16 47
64 52
53 4
10 87
61 36
87 91
11 39
25 35
39 92
67 59
58 15
92 42
97 78
37 49
34 10
7 99
68 21
63 24
35 93
63 77
85 29
99 88
24 51
64 48
31 93
12 26
100 56
4 10
95 13
20 83
66 40
50 54
92 52
57 92
73 13
79 34
5 41
25 93
5 75
75 3
18 98
8 77
25 63
79 4
95 61
23 61
90 52
77 51
9 38
44 29
19 39
84 61
72 36
76 7
79 41
34 45
97 59
66 98
62 25
51 92
39 54
80 1
66 70
91 90
51 70
75 90
45 9
47 60
51 16
74 54
66 14
42 18
6 96
39 39
12 61
18 20
84 12
67 21
17 1
29 28
79 14
34 2
28 51
22 22
60 7
84 34
63 42
86 97
54 7
67 91
42 50
23 34
17 4
38 84
64 11
85 91
38 97
31 99
10 20
83 27
50 4
74 31
16 17
68 74
72 21
38 78
55 16
53 27
64 66
77 29
90 3
51 29
50 65
11 93
13 32
40 76
59 73
49 8
82 100
82 62
27 58
11 40
59 59
98 51
35 70
48 29
58 78
39 70
70 51
92 51
45 60
44 99
86 76
61 10
24 95
17 19
23 16
54 86
54 9
25 84
2 73
32 77
69 97
31 5
28 29
82 76
72 62
2 44
64 63
42 4
50 53
50 38
11 82
62 81
64 3
56 39
62 84
4 97
89 32
68 60
58 57
19 43
57 93
47 9
16 49
70 67
26 72
94 41
38 14
33 98
60 13
26 86
9 40
3 24
13 94
75 85
16 59
73 3
49 87
25 81
63 31
9 82
72 93
91 12
12 33
7 63
93 51
72 87
91 23
88 18
14 49
72 19
76 8
74 35
84 41
33 96
20 73
43 91
79 28
22 52
45 99
9 7
48 27
6 41
64 79
15 2
2 55
5 79
81 63
34 51
72 65
77 58
15 3
78 95
5 92
93 78
85 97
88 78
3 45
19 74
6 35
42 89
10 39
57 95
11 94
91 42
71 35
80 72
27 11
8 85
35 52
5 25
91 44
50 32
97 93
2 85
44 32
81 27
70 41
48 63
21 76
92 26
59 95
72 47
46 65
100 51
30 44
81 1
20 29
13 31
80 14
1 11
20 66
16 5
41 70
33 44
7 47
24 93
72 15
21 47
54 75
8 7
37 93
54 62
45 71
16 58
54 72
10 41
49 78
89 28
96 2
70 76
83 46
100 57
85 26
32 77
46 25
82 1
51 8
79 60
13 78
77 62
100 15
1 69
91 18
56 97
17 63
46 70
91 80
42 24
74 12
78 47
20 14
50 69
4 65
30 100
20 55
11 50
1 58
44 86
91 37
6 3
55 82
28 72
76 25
58 1
2 64
22 4
76 9
6 51
56 52
29 38
49 74
8 94
69 16
88 50
29 6
34 81
100 34
26 87
59 46
59 77
73 27
3 15
97 83
81 63
17 66
32 32
65 81
27 23
96 9
24 52
33 26
60 8
7 66
98 49
34 93
60 63
62 90
27 49
29 53
87 9
6 81
65 5
13 49
50 4
62 36
59 67
62 70
81 7
40 65
1 99
71 61
3 81
51 46
35 72
14 6
12 29
75 75
59 88
37 100
1 94
85 79
5 64
98 88
89 68
60 95
21 36
24 80
23 49
50 45
47 8
68 31
51 72
28 98
88 56
27 78
24 28
32 77
8 4
23 22
14 82
90 39
45 45
52 53
9 72
60 7
91 37
78 99
32 35
80 55
76 14
54 30
81 16
42 49
41 85
18 11
95 100
35 70
31 89
84 71
90 97
42 45
54 98
30 81
77 67
61 47
6 80
61 6
48 5
94 24
7 25
25 18
16 67
27 63
100 21
30 50
72 23
28 3
27 90
53 100
86 12
23 3
2 74
61 69
32 41
11 83
19 46
27 5
6 36
85 12
69 13
38 12
53 55
85 14
48 16
30 5
55 7
90 15
18 30
28 84
1 29
34 33
24 74
27 13
8 69
27 19
63 58
46 6
6 99
60 76
87 66
71 70
67 53
46 70
33 17
94 41
74 9
37 50
24 17
17 43
27 73
83 25
13 52
43 85
53 33
57 93
94 63
26 63
68 66
18 45
71 54
29 82
94 98
32 88
89 58
60 75
44 24
84 25
61 74
2 61
98 14
88 34
8 70
28 76
11 87
35 83
56 90
93 4
84 47
23 6
61 74
48 34
12 48
42 10
84 23
24 89
79 100
70 54
20 51
19 35
90 54
5 87
72 71
51 80
47 71
92 22
64 60
2 95
50 21
63 21
2 78
98 36
17 40
47 13
80 75
48 97
22 50
8 6
24 37
54 55
36 33
17 59
32 88
92 86
60 51
87 36
2 69
22 29
62 87
47 90
22 18
7 34
52 71
47 94
25 42
16 30
35 12
61 39
6 41
21 19
62 29
93 78
15 99
69 45
83 58
16 49
100 86
73 54
69 88
48 93
45 5
76 15
43 9
8 37
90 13
41 32
28 50
77 42
38 32
68 29
9 57
70 83
50 67
41 85
16 51
80 35
55 33
100 28
53 37
80 9
41 91
44 80
80 91
48 62
90 58
44 23
43 66
47 27
27 62
44 88
34 70
4 55
29 44
21 77
28 73
29 31
87 37
47 5
60 73
33 62
17 67
100 73
50 65
10 54
72 40
53 67
45 10
19 29
45 63
8 6
13 63
70 76
61 25
10 23
10 9
48 28
56 24
35 11
79 6
66 92
86 53
66 6
15 93
58 34
2 24
62 24
79 24
34 57
37 49
7 13
63 57
26 99
83 62
3 99
96 13
20 97
33 44
19 56
58 6
77 80
4 14
64 31
48 16
87 83
40 66
25 10
32 15
83 55
83 81
23 71
25 12
4 25
69 52
90 26
47 15
81 78
76 97
40 88
2 3
78 92
25 49
44 85
98 8
34 66
83 30
12 36
50 83
28 43
51 62
76 77
84 46
73 10
92 26
28 92
27 62
74 96
56 29
49 95
18 81
33 94
21 30
38 29
3 94
65 56
70 33
9 56
21 83
46 91
64 22
5 35
94 54
27 96
89 55
7 59
17 6
55 95
34 80
66 19
63 16
64 83
78 80
83 81
28 1
74 27
80 7
66 14
62 52
66 82
65 9
44 82
21 63
29 19
54 32
71 1
10 49
57 31
85 51
94 15
19 32
24 29
89 29
26 85
7 46
95 36
85 82
43 89
93 78
79 13
66 62
56 10
49 26
6 67
61 89
22 10
40 14
32 77
1 28
3 60
48 89
7 70
5 10
56 51
86 74
79 64
1 5
1 98
32 48
42 23
97 45
83 59
62 14
47 88
34 9
44 91
29 59
70 7
37 78
100 84
21 45
88 44
25 76
31 56
64 97
18 95
35 11
16 59
85 15
20 46
88 11
49 38
80 4
45 51
91 69
26 3
70 98
63 70
91 5
85 4
36 26
46 29
6 63
20 50
94 62
45 86
20 96
6 88
71 91
71 6
49 62
15 11
89 66
52 67
36 20
41 84
20 80
95 30
56 55
61 67
73 62
55 46
77 99
30 24
21 46
90 70
12 67
54 6
12 88
100 26
73 21
70 81
13 63
87 80
22 45
30 43
32 47
85 32
8 20
82 100
26 24
53 13
19 30
27 87
59 21
24 99
64 83
36 71
51 96
83 41
45 15
81 53
60 26
4 99
37 88
93 58
59 88
95 100
68 7
40 66
19 79
43 65
20 16
80 60
94 50
14 66
10 68
74 47
34 82
4 12
88 13
61 9
3 59
1 49
93 43
60 56
23 98
68 56
6 59
84 86
80 1
98 71
37 63
21 2
99 59
56 53
79 79
47 96
48 54
34 36
8 36
49 93
73 58
69 65
74 70
97 2
44 52
37 56
53 3
81 14
26 72
39 17
97 61
39 37
61 36
28 14
80 53
93 41
60 77
8 31
75 49
93 93
32 57
96 70
41 18
82 70
3 95
46 54
81 71
16 70
10 57
87 98
21 43
11 61
100 42
67 87
22 46
56 76
82 90
73 64
54 57
29 35
68 15
46 59
8 87
19 44
78 85
94 28
40 12
25 87
95 20
7 87
5 72
66 17
46 89
35 63
35 38
7 37
65 68
11 55
20 3
84 90
26 77
35 80
22 91
67 30
45 17
67 61
89 56
65 81
2 1
57 71
29 30
36 4
20 54
12 99
6 92
63 19
95 95
68 4
94 86
4 58
27 29
95 88
73 43
46 11
83 28
43 82
2 91
35 15
10 17
28 65
100 49
42 32
6 9
5 35
42 4
89 90
33 16
95 96
37 36
3 28
48 38
69 88
84 61
23 84
6 12
31 32
44 18
40 46
11 53
62 71
65 36
61 89
71 60
96 24
6 87
27 45
63 78
97 11
23 75
47 57
15 32
37 87
63 88
14 43
86 51
48 13
83 79
83 81
55 93
54 72
50 41
67 69
40 5
36 93
54 21
52 39
13 3
34 100
91 33
100 21
38 52
83 71
84 21
80 68
81 84
100 30
56 85
54 36
91 82
75 92
68 41
76 90
86 73
88 30
26 72
99 76
75 42
65 55
73 8
68 63
97 95
1 24
65 48
33 73
76 75
79 93
48 93
56 98
43 19
43 26
19 45
28 37
47 9
29 94
97 53
15 77
90 87
38 38
36 55
62 35
76 9
100 25
87 59
36 32
21 27
31 45
4 17
8 59
80 84
62 32
14 94
2 49
2 16
67 83
67 76
81 19
33 74
61 40
62 22
58 56
7 52
22 60
71 73
11 58
47 36
50 50
22 10
25 78
25 39
55 28
50 1
94 91
80 59
63 96
18 59
7 91
15 7
50 18
20 1
63 88
49 40
88 82
33 2
95 35
35 83
19 65
64 13
69 48
60 21
30 97
22 28
16 45
89 53
26 17
69 15
35 6
73 37
11 7
68 58
52 73
39 97
32 66
5 82
95 100
93 65
14 48
78 14
55 9
4 39
2 8
100 8
98 45
8 48
52 44
62 89
5 99
1 1
65 37
59 77
69 45
43 43
76 96
51 59
95 34
80 13
59 63
94 78
82 93
66 76
72 65
72 93
62 48
1 67
82 92
85 9
93 84
68 79
53 69
54 78
71 76
30 51
19 66
4 96
1 86
84 72
80 52
100 92
67 13
70 39
62 47
96 3
85 67
69 5
76 23
92 40
84 81
24 73
94 40
16 89
8 44
51 26
39 51
39 8
85 9
16 86
38 26
70 46
58 77
28 77
22 71
46 71
54 19
6 21
12 70
36 70
30 43
68 19
92 54
51 49
81 64
2 22
9 55
34 1
64 86
42 27
40 82
53 63
78 41
5 56
60 77
9 66
40 51
67 17
88 79
39 85
19 46
11 76
14 12
39 53
39 79
18 49
27 68
69 43
23 39
73 62
66 49
29 48
42 91
47 23
64 88
7 31
83 74
55 2
34 16
2 88
81 67
99 5
38 75
77 55
14 71
30 83
8 15
100 91
7 56
69 13
83 61
57 46
14 41
75 93
30 21
61 5
90 69
25 34
29 73
52 18
94 47
34 6
22 37
14 37
28 63
22 64
79 10
28 17
21 71
2 54
70 35
93 9
46 34
29 3
31 47
93 11
86 89
16 42
10 56
81 9
85 2
98 1
44 28
70 24
37 25
72 22
8 32
63 13
46 17
34 3
75 86
92 32
3 75
40 42
45 17
72 95
85 88
95 64
62 49
21 57
93 26
53 52
99 12
63 21
14 59
95 40
6 45
27 77
73 72
25 12
100 79
20 40
13 41
75 16
96 8
66 40
29 32
1 10
54 41
47 7
38 14
80 33
69 13
4 18
70 99
88 2
76 31
76 31
66 37
94 4
26 51
91 68
88 42
59 61
43 71
1 88
75 97
41 56
53 59
92 35
68 55
76 85
85 62
41 76
92 62
50 62
51 73
74 19
15 41
60 60
34 75
46 27
8 51
98 69
56 93
97 85
88 60
24 61
1 47
47 89
92 65
35 63
88 83
20 40
55 20
26 65
71 51
4 41
73 9
55 45
92 51
62 54
73 67
40 97
50 19
24 79
35 77
56 6
74 15
93 4
38 87
97 36
68 15
19 51
60 75
72 15
41 95
57 82
72 92
8 80
82 5
97 52
21 98
36 91
12 12
52 64
22 12
21 17
73 100
13 63
96 54
2 80
74 83
90 44
36 29
2 28
26 81
40 16
74 70
27 79
73 43
71 18
78 96
75 5
45 8
98 10
16 30
48 56
5 41
10 89
32 39
38 84
67 89
29 34
43 90
54 4
25 50
70 90
90 95
36 91
2 46
90 45
79 36
4 95
21 52
73 79
81 15
2 87
28 22
59 80
98 78
42 19
42 67
40 83
59 44
39 70
40 54
83 22
47 49
50 14
26 91
61 84
37 18
11 52
17 19
47 63
35 73
84 89
17 38
64 52
96 23
70 55
21 54
18 68
37 6
18 14
6 20
83 60
76 72
36 72
74 4
75 56
3 17
21 47
34 77
19 47
67 66
11 51
21 87
96 30
27 3
66 60
78 80
100 20
50 7
55 87
51 8
76 95
76 7
37 45
33 50
73 67
2 38
87 75
98 30
48 17
20 78
42 28
4 86
57 97
14 90
77 94
58 9
73 7
68 16
34 86
42 81
19 6
84 30
49 62
10 95
72 61
15 50
62 28
2 36
75 94
68 12
43 64
13 2
61 99
39 70
83 83
38 37
77 80
34 27
97 17
67 33
42 55
62 41
21 43
8 48
66 72
96 75
79 34
39 36
17 94
39 19
30 84
17 95
26 52
24 81
69 39
11 7
70 31
16 64
26 89
1 18
45 78
56 23
63 98
50 35
88 28
24 33
82 64
40 100
97 42
37 19
50 73
53 87
35 51
23 27
28 78
49 52
49 77
67 56
91 62
33 42
28 10
83 9
72 58
19 82
17 22
8 28
99 1
75 14
13 40
56 11
43 43
81 30
29 17
37 1
35 63
18 59
19 1
11 74
37 39
48 5
92 82
24 90
8 22
66 12
97 90
33 74
57 55
24 63
67 86
72 2
47 12
19 44
61 46
42 86
13 26
9 91
96 70
97 36
55 46
38 76
96 18
36 25
89 59
94 30
5 4
47 92
73 85
23 14
69 12
38 14
41 21
98 85
31 89
49 3
55 2
14 13
29 58
25 93
33 81
39 55
26 77
24 45
64 57
29 38
36 10
28 44
74 26
74 28
72 10
3 75
43 43
20 21
69 94
21 43
40 3
60 82
49 32
12 35
87 28
55 96
33 18
86 51
85 47
77 17
39 63
46 36
15 16
28 29
77 99
96 67
33 50
44 47
31 12
16 25
56 40
60 14
13 81
99 72
66 98
100 16
100 40
56 59
43 57
40 46
18 30
80 42
48 42
56 44
87 84
48 53
70 87
28 35
47 75
92 46
26 93
16 87
38 76
26 57
10 6
100 65
96 27
52 43
63 55
42 63
43 41
43 41
3 81
61 77
41 37
52 18
62 23
77 54
47 12
11 17
83 3
35 78
26 50
24 68
40 23
51 82
23 13
31 59
2 50
71 94
64 16
49 47
42 62
58 83
35 23
79 49
3 61
92 29
13 73
33 66
43 30
4 89
77 17
32 9
25 49
54 34
96 80
10 89
66 1
87 6
31 97
92 64
55 62
46 84
44 16
65 96
2 91
84 44
21 13
87 18
60 20
34 66
34 98
5 63
49 75
31 71
9 69
8 99
92 38
69 30
93 2
22 100
72 29
25 40
59 66
87 91
35 38
70 73
21 98
50 42
33 73
89 64
14 26
6 91
6 71
49 51
83 22
30 88
58 13
54 77
19 32
63 62
39 50
58 8
13 55
87 93
71 37
60 38
46 20
38 14
31 57
68 57
24 69
7 9
82 22
8 3
82 95
39 39
53 49
67 68
83 84
53 63
1 29
46 89
46 78
54 79
10 83
42 37
49 19
51 99
29 84
63 78
53 89
61 91
91 56
99 4
68 3
6 37
97 74
1 85
46 64
13 8
54 12
53 71
14 18
96 13
41 10
28 98
55 6
75 95
89 10
62 91
57 12
92 88
5 78
64 64
86 50
70 44
34 31
55 84
53 7
100 37
86 38
13 38
25 46
8 10
93 77
32 2
13 14
71 100
49 70
47 43
89 16
15 41
94 77
93 61
91 79
53 73
46 100
9 57
75 79
52 39
31 74
67 79
46 86
78 1
14 80
11 92
92 97
28 62
46 66
67 17
27 31
81 61
72 93
83 96
64 75
30 51
47 35
65 100
82 3
11 25
19 83
35 51
93 14
58 7
50 12
95 41
80 87
88 27
66 90
87 51
81 86
11 27
45 51
76 64
1 16
55 30
38 68
65 25
23 63
54 87
73 41
91 2
36 47
6 65
21 31
4 75
20 15
83 36
64 78
18 83
43 26
86 80
9 54
6 40
81 38
43 42
60 89
96 38
93 34
97 72
18 96
36 23
89 16
22 12
23 70
47 47
23 71
70 69
65 76
88 63
98 29
89 23
76 6
10 27
46 21
96 85
83 80
17 6
28 29
6 73
100 77
44 100
84 22
72 25
27 67
89 83
49 94
100 76
67 53
15 22
37 28
68 96
2 70
88 12
98 33
58 27
36 96
3 21
85 62
20 8
61 70
99 95
63 24
53 5
69 65
25 42
89 1
79 20
24 22
72 10
61 74
90 21
76 91
17 55
99 99
82 52
26 16
19 98
96 68
36 55
89 70
9 98
97 86
2 4
94 48
86 83
13 85
26 93
90 94
50 93
26 55
3 32
4 22
95 74
24 9
12 49
25 42
74 55
20 29
47 19
72 30
24 51
69 23
69 40
1 4
38 78
95 20
76 13
68 53
39 72
25 48
87 20
4 35
31 56
24 60
88 82
32 17
81 17
44 14
2 68
40 24
17 49
4 59
3 50
56 1
8 62
28 74
8 65
72 17
96 29
61 10
3 38
56 78
62 98
3 57
49 89
91 81
75 77
22 36
61 38
9 30
18 93
65 89
65 97
40 38
69 68
39 64
37 24
24 37
29 58
56 32
18 2
32 62
85 16
26 50
3 61
93 48
48 94
87 71
54 86
40 99
73 10
83 52
11 9
31 43
37 25
1 32
47 73
76 62
44 98
46 44
91 47
40 80
75 46
78 53
12 76
95 38
27 90
60 82
99 5
58 48
77 47
96 10
92 32
47 4
79 20
91 7
6 56
5 89
68 32
42 52
21 6
92 9
53 29
41 7
91 72
44 91
16 82
58 60
97 61
35 5
6 98
48 93
42 9
34 13
66 19
25 15
95 68
79 38
25 4
94 16
63 35
21 20
45 14
52 70
30 52
14 9
90 64
76 48
20 3
11 80
79 95
90 4
31 58
56 23
90 52
25 80
62 52
83 2
28 6
77 96
58 11
85 4
82 98
92 45
36 45
80 96
73 70
35 56
82 70
46 73
99 75
84 49
43 50
68 30
16 15
19 64
37 27
61 15
80 99
63 77
54 62
72 16
40 5
52 67
56 15
52 17
21 67
98 8
81 2
26 42
42 59
37 8
16 64
77 60
36 60
12 44
13 72
70 34
58 89
1 72
50 92
28 2
19 5
82 62
16 80
84 3
72 81
42 59
8 52
51 45
32 65
55 58
58 22
47 8
20 76
21 91
16 85
87 83
94 86
44 79
31 33
27 98
42 49
23 44
80 44
55 76
68 39
39 86
24 72
37 70
7 19
26 97
91 19
35 91
65 31
10 5
75 79
83 16
32 84
100 14
25 50
19 56
78 26
22 67
92 93
75 87
82 12
62 13
38 1
17 69
59 40
28 9
33 90
68 90
65 50
99 9
70 84
68 87
1 58
69 86
43 29
65 17
36 64
19 61
84 50
40 16
44 38
24 65
41 67
49 18
41 71
100 19
40 22
66 97
25 8
9 57
22 48
16 38
12 2
14 93
41 11
4 68
56 74
91 54
16 4
42 85
80 73
57 16
90 11
64 16
16 39
51 73
15 14
65 88
87 28
91 37
41 18
37 78
83 89
60 34
75 27
41 73
90 72
24 18
12 26
26 61
40 61
4 32
95 16
38 35
86 56
3 55
39 3
40 47
64 52
21 58
92 46
85 82
24 20
39 95
35 87
6 57
81 65
28 88
40 9
95 8
75 83
68 96
26 44
90 18
32 42
65 40
27 70
37 10
96 90
99 99
88 22
30 91
74 55
5 27
75 46
88 57
50 72
92 68
33 93
78 7
88 61
21 73
88 98
63 84
8 63
40 97
93 30
28 82
19 94
68 64
76 85
68 94
87 23
38 32
14 57
75 47
49 17
75 75
15 70
39 11
52 95
16 12
3 91
12 22
84 23
49 61
74 77
77 6
77 50
47 55
14 12
46 75
4 96
51 50
23 85
86 53
17 74
37 15
69 1
100 9
56 96
78 18
45 98
84 45
36 11
42 30
14 20
48 40
67 70
87 97
64 73
87 72
13 50
92 11
55 54
58 46
100 17
77 15
47 82
28 24
45 84
51 12
37 16
96 39
17 79
23 77
35 24
89 76
60 90
88 89
84 19
93 67
31 72
84 96
59 39
9 95
51 6
35 78
39 48
23 15
77 63
49 48
22 46
60 37
22 77
23 30
54 86
74 44
81 11
79 46
57 81
4 83
33 28
57 60
41 83
87 98
51 45
83 37
35 48
68 97
53 68
91 92
47 56
35 90
61 38
37 43
54 7
13 87
70 16
7 88
25 73
60 95
60 51
6 43
71 68
100 79
65 67
28 20
85 23
93 14
21 66
27 51
60 87
89 35
86 70
82 43
5 87
36 83
83 99
77 61
88 90
15 46
97 81
62 87
64 88
67 71
34 9
85 95
14 30
79 16
100 14
61 31
59 56
83 53
35 97
71 95
92 36
61 2
2 29
4 15
22 44
26 90
23 9
16 2
90 44
12 18
18 29
5 21
6 96
19 42
39 16
27 16
70 99
95 52
81 98
27 35
78 63
4 61
52 26
82 41
93 78
31 85
31 16
70 99
26 25
88 84
5 67
70 81
46 30
26 45
74 24
72 68
23 88
20 46
78 48
78 77
7 93
59 95
15 18
78 39
77 1
6 47
14 83
82 25
11 45
63 71
98 99
1 43
13 91
38 89
24 28
33 60
62 5
88 84
15 40
54 10
11 100
4 93
48 7
88 92
13 38
28 3
1 36
19 38
94 17
84 78
7 99
41 61
31 89
19 82
84 33
87 21
76 40
43 20
90 1
21 44
54 60
58 64
48 96
50 59
59 83
4 70
51 18
54 32
34 83
33 72
83 66
63 13
46 96
47 3
31 10
12 92
19 89
51 68
55 57
70 49
93 96
16 47
63 43
90 62
84 79
7 95
47 74
26 8
74 39
81 89
12 47
60 76
42 75
76 46
90 62
57 53
19 96
100 93
76 76
80 30
57 79
100 93
44 31
56 36
100 95
79 44
2 4
12 26
80 12
88 63
18 59
43 71
15 22
66 27
75 92
10 82
11 11
2 22
36 35
3 69
68 43
98 32
17 29
80 5
24 73
85 79
36 78
94 80
22 24
68 93
16 67
56 14
79 17
74 6
20 50
90 58
16 29
14 62
82 75
30 94
44 17
38 76
42 79
67 19
76 83
25 35
31 34
17 27
5 70
74 51
58 40
29 32
31 42
96 6
95 12
79 62
25 77
19 44
31 11
97 64
67 72
51 30
64 95
44 69
31 30
33 10
51 62
25 100
44 79
13 35
31 58
55 59
34 63
25 96
81 24
18 57
39 95
94 56
77 82
61 83
48 64
74 25
16 94
52 28
49 41
26 21
37 96
19 54
75 22
14 50
46 22
23 32
27 31
56 21
69 42
66 67
69 26
21 20
75 17
17 31
1 76
73 58
53 41
13 42
50 66
57 36
44 3
70 27
58 33
18 88
77 36
18 79
7 79
54 39
5 47
63 37
10 61
1 80
5 72
6 3
24 68
1 39
64 98
69 38
8 69
75 21
71 75
75 10
82 99
36 65
95 90
64 32
73 96
21 84
17 22
46 6
61 38
93 49
52 8
43 90
30 94
23 93
20 98
79 47
34 84
72 88
69 68
77 18
79 59
36 14
17 28
51 51
67 86
34 82
23 33
68 60
1 29
83 100
86 43
100 46
89 52
9 33
11 43
9 33
81 77
22 90
56 6
43 70
89 21
17 7
30 8
55 63
12 56
32 84
96 12
14 69
3 93
91 20
95 63
99 8
8 88
47 57
12 88
78 14
85 94
4 43
7 38
88 98
67 76
13 29
42 58
96 32
68 46
27 85
22 71
69 45
48 79
13 72
75 94
48 66
57 37
33 21
54 2
50 31
23 64
89 99
90 41
74 99
44 66
85 7
71 64
3 77
2 36
78 34
48 41
46 34
87 48
23 75
73 32
66 61
20 70
94 47
54 79
87 89
18 29
25 37
44 11
31 41
35 17
85 30
9 49
42 88
55 22
3 82
3 89
10 17
39 8
3 69
37 8
30 7
4 79
66 36
41 9
51 72
33 64
77 52
24 52
79 23
55 44
74 14
95 80
60 20
60 77
100 50
18 39
6 41
42 4
10 79
9 60
9 78
9 83
5 9
60 53
9 83
62 73
54 56
52 76
46 39
20 17
7 58
40 33
26 92
86 70
23 47
47 71
13 31
5 27
83 59
58 69
23 5
60 53
36 25
5 65
86 40
91 22
98 35
68 56
100 33
99 18
13 22
51 28
71 76
18 54
77 18
8 40
11 84
53 65
47 10
11 28
35 50
87 99
35 21
33 56
64 31
35 17
92 86
34 16
84 64
69 18
94 6
47 37
6 5
27 8
40 44
89 93
86 79
80 16
95 94
51 74
100 20
7 95
84 52
30 55
100 84
46 21
78 42
92 89
28 89
29 34
64 12
92 49
91 37
13 90
44 27
40 43
72 96
84 91
67 38
36 23
89 24
54 80
33 74
30 5
9 54
58 80
93 64
75 13
8 83
1 70
83 100
8 10
48 85
71 15
69 25
34 63
89 55
5 48
18 25
72 18
60 40
98 64
81 78
54 22
18 41
1 38
9 26
88 12
66 35
32 90
69 5
13 5
40 95
54 18
56 40
45 46
89 88
53 1
94 75
91 11
44 12
9 83
39 10
96 47
64 99
46 29
54 92
52 34
83 34
67 58
8 53
4 52
62 51
45 91
9 92
14 50
59 37
15 74
96 52
83 42
28 12
68 40
96 73
67 25
63 63
51 34
82 44
58 99
11 95
44 99
56 56
23 28
8 10
18 83
26 74
18 6
100 82
17 82
93 31
91 47
38 92
26 42
16 4
83 35
69 18
22 64
35 55
17 73
30 26
79 26
19 38
84 72
64 55
18 53
26 93
13 67
90 99
44 54
99 89
65 9
75 69
61 56
51 19
81 15
88 42
66 9
58 74
71 32
14 4
46 53
10 73
43 69
37 42
88 64
38 36
11 38
64 92
32 11
22 75
6 82
89 67
67 83
33 72
16 75
4 58
8 49
40 1
3 4
98 36
52 48
99 87
4 77
16 71
39 60
98 8
26 82
19 96
88 29
32 59
95 17
16 27
61 10
41 36
86 87
8 51
42 10
87 33
34 26
59 82
34 74
2 46
59 91
3 82
29 86
81 51
2 9
99 45
6 45
33 53
85 42
63 91
19 83
44 33
92 85
8 14
39 52
18 6
64 26
14 98
37 28
68 86
68 80
74 33
96 22
74 87
67 52
61 76
30 48
36 61
35 26
23 81
4 77
12 35
58 73
16 63
50 59
46 24
37 11
67 20
31 85
87 62
59 55
75 14
72 16
73 81
10 57
70 49
52 35
31 13
55 53
49 7
45 12
71 64
49 74
9 88
24 77
97 38
21 31
86 8
39 54
84 80
11 14
85 64
68 20
94 38
34 8
91 15
47 91
49 55
43 26
55 87
23 83
15 88
62 51
31 95
93 40
29 19
75 16
3 66
68 56
30 42
27 89
86 31
45 72
63 54
87 16
45 87
17 98
57 19
78 20
20 1
46 57
51 2
16 12
22 26
80 30
68 5
66 44
56 57
52 43
43 64
74 95
55 20
54 79
84 52
47 32
80 1
12 29
3 99
32 95
65 61
78 87
16 95
4 33
43 65
86 86
78 44
5 69
61 90
75 25
55 28
86 63
53 16
63 64
73 12
15 63
76 60
53 92
45 65
47 85
11 48
67 73
88 48
86 65
38 96
69 88
18 91
100 71
32 45
27 88
90 43
76 94
100 76
51 10
34 19
69 37
1 99
18 26
98 37
44 93
79 86
33 6
15 53
9 80
45 17
95 21
26 82
47 14
61 97
88 1
2 39
66 60
47 53
65 58
61 50
86 89
72 22
54 46
64 71
84 44
60 10
62 9
92 68
95 23
34 72
37 85
26 29
34 13
45 20
92 53
96 7
12 54
81 42
8 18
20 8
82 56
90 40
48 23
39 33
3 99
72 29
13 27
17 23
46 43
89 8
85 46
70 28
80 51
93 21
9 61
51 60
100 69
29 22
56 65
53 37
5 51
38 54
75 20
9 57
46 48
36 60
86 61
51 38
72 3
42 47
19 73
59 99
29 91
52 50
27 98
42 49
78 59
99 7
27 79
65 85
91 50
23 54
52 63
67 16
73 47
73 72
33 56
88 72
89 43
81 80
46 86
79 99
19 54
35 17
11 98
18 5
87 2
2 28
1 63
15 55
87 41
20 29
63 74
58 7
71 20
52 14
70 87
34 48
4 95
92 97
48 8
44 94
53 81
45 8
96 53
67 36
12 60
80 7
83 54
23 62
3 5
9 18
81 40
6 76
28 40
7 71
3 30
43 53
42 67
57 84
92 56
46 79
2 17
69 83
15 45
41 19
27 68
45 39
46 51
68 80
1 96
93 33
46 39
78 25
3 47
33 85
21 84
89 63
51 34
8 18
23 11
9 70
66 46
4 40
16 76
54 30
76 68
86 40
66 6
21 70
18 4
95 84
64 17
26 18
67 90
34 79
2 80
80 100
27 58
19 86
79 35
12 88
34 56
78 31
14 5
32 39
45 11
63 10
33 68
58 4
20 9
75 67
45 57
91 72
39 82
6 38
80 32
75 48
2 58
27 79
37 81
76 60
12 1
37 35
72 47
59 95
60 5
39 4
40 16
46 98
56 9
1 84
23 17
59 53
78 86
66 6
7 33
82 55
13 75
19 63
96 72
87 33
54 5
56 64
33 43
23 29
86 54
85 56
43 91
29 11
26 35
25 48
8 77
57 74
55 3
94 84
48 68
41 12
30 73
2 60
45 75
98 46
32 56
99 74
74 57
1 75
84 73
43 53
72 96
5 79
99 30
19 10
85 71
67 70
69 73
52 77
82 20
22 65
68 61
68 91
68 60
81 95
63 3
20 42
54 5
13 97
94 86
30 23
58 45
17 13
15 56
91 76
42 84
23 59
64 7
72 6
23 26
1 84
8 49
44 66
31 58
12 39
32 4
2 68
88 46
43 51
45 63
83 39
64 8
21 35
86 73
26 24
51 66
93 68
6 67
20 49
42 35
97 57
35 21
75 73
84 1
24 76
9 79
41 79
99 19
50 53
12 53
42 45
29 26
70 90
83 42
70 57
27 49
96 79
52 19
11 37
76 48
21 44
36 17
11 27
61 79
4 68
37 78
12 52
62 77
65 98
4 23
9 29
53 76
86 9
80 2
22 84
89 12
81 92
13 41
17 34
43 66
32 20
20 20
39 80
88 61
72 28
68 1
63 67
28 64
57 5
98 75
39 54
20 12
59 4
80 23
15 20
2 90
7 22
23 22
98 88
6 8
14 28
36 89
63 18
88 77
38 62
31 84
55 84
52 13
96 88
19 34
88 90
13 34
8 40
99 68
59 67
15 8
68 52
65 78
80 39
15 13
27 5
14 14
36 58
35 59
94 83
56 39
17 75
70 89
47 35
85 83
11 77
78 15
62 44
95 93
38 25
61 63
65 88
99 86
32 67
19 84
89 37
100 63
86 34
29 92
68 42
55 53
73 10
99 31
48 5
25 22
8 90
85 18
19 50
6 4
44 84
70 77
78 11
20 65
69 85
25 10
84 77
45 65
97 95
80 5
7 100
73 41
45 95
24 62
6 7
79 30
59 54
9 51
84 80
31 32
80 40
97 41
77 34
99 52
61 18
15 32
43 67
28 80
67 26
60 19
60 25
92 68
62 93
97 12
14 6
85 38
59 36
38 53
26 37
5 84
51 33
85 66
46 47
45 80
76 29
86 15
73 87
60 58
58 70
69 53
39 92
38 83
25 74
62 93
46 97
19 50
86 55
54 76
17 30
49 77
72 65
62 28
64 51
59 57
35 10
96 51
40 5
69 72
15 22
90 30
22 96
83 60
91 85
61 68
56 41
84 33
53 6
52 39
51 85
93 10
25 54
84 19
17 73
17 83
89 24
50 99
69 12
32 24
93 90
54 44
99 67
71 34
50 48
86 69
30 26
72 25
37 74
42 22
46 49
13 72
64 79
78 20
13 9
60 35
83 49
78 83
100 14
30 98
82 26
3 19
50 75
55 66
64 57
4 63
10 90
80 49
56 37
8 18
45 87
91 96
79 90
76 71
17 90
86 27
91 3
46 91
87 20
3 87
64 31
53 70
11 10
93 5
84 98
54 5
5 71
17 46
21 7
31 70
42 79
87 54
48 78
69 85
4 21
87 19
100 85
59 10
59 52
2 39
22 22
8 20
60 14
7 61
24 47
85 88
66 92
36 87
12 66
74 57
21 82
11 85
86 45
41 23
100 25
10 36
54 27
19 1
71 45
68 26
42 34
61 98
13 31
91 15
95 43
27 18
30 5
78 1
35 92
64 85
92 38
85 80
63 78
84 78
83 35
48 18
12 69
42 50
66 76
3 9
36 83
13 76
33 74
97 72
50 5
30 33
35 7
9 26
90 73
81 62
23 68
10 76
48 24
2 10
35 20
63 21
84 51
2 22
19 31
62 90
90 41
1 29
61 8
45 73
79 84
37 56
32 2
82 85
67 64
27 85
56 72
20 95
36 84
38 40
46 56
24 65
94 35
65 48
42 62
43 34
20 93
37 63
96 57
67 40
63 31
30 84
66 22
14 19
61 57
68 85
93 38
69 45
77 86
63 13
21 58
61 70
91 49
6 42
72 15
38 73
35 20
38 86
78 12
86 68
87 5
56 54
18 1
3 54
35 99
39 28
36 61
52 94
7 9
32 70
76 9
1 36
71 37
51 64
70 76
63 46
99 57
34 11
58 89
23 66
9 98
40 84
79 68
80 18
77 93
56 81
21 36
71 74
20 25
68 54
79 72
85 22
22 89
19 80
40 84
73 72
92 61
45 33
12 42
55 32
84 72
99 3
89 66
21 47
52 44
96 41
71 98
46 1
44 70
97 45
66 72
73 43
37 45
35 68
16 42
98 65
24 27
2 71
45 94
30 40
75 57
23 25
97 92
75 10
61 41
57 80
55 58
35 20
53 45
11 18
87 70
100 3
45 83
65 9
71 2
2 62
7 67
3 79
51 56
25 96
40 98
83 64
74 55
16 13
15 43
8 97
92 90
98 22
74 45
46 75
2 77
43 58
65 56
17 54
79 1
82 92
27 70
22 51
40 66
37 27
2 12
76 52
25 39
77 20
11 97
50 29
88 99
50 63
37 89
29 43
75 31
80 21
57 22
18 8
5 57
9 89
3 43
34 33
54 95
24 67
67 37
41 84
13 2
80 6
71 40
38 99
6 94
59 28
16 74
100 95
24 22
63 28
41 50
17 14
10 86
36 23
65 16
11 1
10 81
81 90
82 75
48 5
28 25
83 96
32 96
54 21
20 54
45 6
45 23
74 90
67 24
59 9
34 38
65 55
96 61
45 94
59 22
97 23
61 36
99 45
97 49
39 21
49 98
95 15
74 13
86 25
87 8
67 13
17 58
21 63
36 27
30 77
80 48
86 60
67 7
39 46
45 47
34 93
64 50
98 21
26 58
98 68
7 69
8 87
29 90
9 68
86 22
10 32
85 31
5 19
96 2
6 53
63 75
95 73
97 54
24 10
16 78
82 11
44 64
97 96
43 84
9 13
11 13
4 54
5 17
9 82
51 84
4 99
74 40
6 69
65 65
12 45
22 91
86 31
50 35
79 56
92 64
1 53
23 27
14 45
15 81
22 18
5 25
82 16
82 5
48 39
92 13
3 58
29 14
70 60
25 72
54 83
96 14
34 16
34 98
58 69
21 75
7 49
88 10
85 23
99 35
69 17
8 83
31 70
33 33
58 21
94 80
78 55
43 99
2 63
98 88
31 94
11 37
51 1
51 77
10 79
80 85
60 70
70 5
18 24
94 12
85 16
38 22
16 46
94 47
18 54
53 48
63 16
33 1
48 17
100 12
89 24
90 93
71 13
34 22
88 97
76 12
31 68
93 65
76 64
58 83
36 80
21 54
71 6
97 69
6 87
65 78
68 63
77 97
8 52
100 43
76 32
59 23
67 62
57 40
33 84
44 93
9 20
66 19
43 27
79 22
10 43
98 27
46 50
5 21
61 20
86 10
86 54
95 70
43 57
22 96
92 70
12 63
42 89
17 38
14 14
32 25
64 45
57 76
19 71
84 47
79 82
68 19
34 40
19 50
78 21
71 93
23 90
82 78
78 87
45 31
1 26
48 28
15 37
66 48
47 19
37 4
67 73
95 13
31 45
57 8
25 73
82 7
11 38
20 48
55 50
59 82
47 10
36 91
83 38
3 17
76 61
45 76
43 38
67 50
20 49
43 87
6 82
85 42
12 37
65 4
8 68
98 24
70 77
31 38
35 71
86 35
9 98
89 86
45 79
92 72
28 42
94 68
3 52
98 37
75 11
19 94
91 41
14 68
8 86
5 11
36 77
18 96
58 61
52 11
88 41
29 99
17 81
71 90
33 60
30 4
21 47
4 74
47 62
21 19
100 78
86 80
62 87
82 42
7 71
82 37
8 30
69 74
82 54
8 89
32 12
91 56
75 99
21 75
84 66
38 89
92 81
25 82
32 8
33 96
52 20
79 100
61 44
71 89
39 42
29 8
91 30
1 8
99 27
79 70
87 78
100 89
44 64
31 60
38 19
62 11
58 46
67 95
76 92
12 35
46 77
67 100
43 21
67 61
38 59
36 9
54 71
92 82
87 42
67 3
3 52
94 29
95 24
91 67
92 50
36 66
4 53
1 5
52 15
92 56
88 35
9 36
23 98
8 100
90 61
4 44
98 62
30 91
96 12
93 53
65 90
7 88
92 28
39 71
96 59
59 32
33 39
60 21
9 19
89 94
27 90
8 99
79 85
41 41
75 89
13 96
40 90
19 75
62 11
85 54
17 52
72 50
83 14
31 22
62 24
21 43
12 40
75 90
39 18
78 53
18 36
19 84
71 35
45 44
40 33
84 28
31 55
32 49
52 15
36 68
2 44
7 98
88 35
83 73
54 5
33 15
80 55
89 81
71 72
33 28
41 51
58 68
37 15
69 83
12 69
13 9
63 2
29 90
65 46
46 33
35 2
3 72
8 55
76 10
55 72
67 40
92 20
14 4
24 18
7 53
5 2
60 50
100 79
12 95
15 68
12 59
6 82
90 67
28 25
4 50
63 99
7 88
46 10
69 31
95 14
53 4
92 23
3 13
27 100
35 63
6 4
39 88
94 18
50 79
35 26
54 21
16 33
35 63
38 54
49 28
61 75
60 20
61 82
61 73
53 75
63 38
45 80
25 26
96 93
4 13
35 96
11 97
12 63
96 98
33 87
41 18
4 73
11 94
40 58
3 89
99 36
25 22
32 23
15 73
81 55
49 92
8 6
94 94
25 100
34 62
67 40
84 46
24 98
38 15
15 64
71 9
5 57
23 6
13 57
93 86
55 86
71 76
22 67
32 99
27 1
95 9
65 68
37 73
64 76
72 14
70 41
35 19
9 64
54 40
36 9
18 34
98 15
53 44
61 80
32 9
16 79
98 38
80 57
90 100
80 42
68 99
81 25
68 60
88 70
10 91
59 34
94 40
8 96
14 60
64 14
64 72
91 60
34 29
31 71
62 35
93 37
48 6
8 33
30 42
49 48
95 81
60 15
91 14
84 97
96 63
19 80
66 94
27 15
34 57
67 33
56 73
6 81
34 32
69 31
84 33
73 91
29 79
81 57
77 42
53 96
1 53
36 55
98 42
8 44
22 53
72 39
63 29
61 80
85 19
52 67
33 16
88 99
27 56
60 73
100 88
13 5
94 39
59 6
42 76
99 54
68 31
41 73
95 79
48 22
92 13
40 32
69 66
80 85
36 93
56 82
89 92
94 79
69 88
54 55
14 100
2 47
17 72
95 92
73 7
63 25
22 69
86 44
15 90
100 92
49 50
95 53
87 13
52 59
90 52
51 100
91 16
60 82
100 98
56 50
79 5
93 90
34 82
56 94
4 34
16 17
74 76
84 80
39 3
33 7
26 22
31 96
26 5
81 66
75 60
24 25
11 41
83 2
36 56
1 57
91 63
3 49
69 88
33 54
3 8
11 97
53 27
58 39
2 19
7 54
12 37
84 82
30 62
64 22
63 10
58 23
23 47
14 14
80 87
41 14
37 29
43 9
76 13
96 16
71 17
16 97
94 47
22 76
72 1
23 93
65 4
62 41
66 78
8 57
84 7
38 74
94 58
84 55
71 2
10 13
75 34
21 22
16 8
8 56
55 27
1 72
67 35
1 85
22 5
75 41
63 66
75 55
89 64
74 77
41 30
79 9
22 64
54 96
53 84
94 50
90 15
19 97
35 50
83 19
30 26
7 66
50 55
31 78
35 32
76 76
64 47
34 6
38 13
29 44
98 62
49 8
27 35
41 90
87 71
22 46
89 65
68 13
28 20
85 17
54 44
55 81
13 61
51 58
21 30
75 26
93 83
97 5
44 60
13 69
36 71
24 10
87 5
46 70
21 51
62 9
18 49
45 40
30 14
14 20
2 85
18 47
6 11
77 86
39 84
22 7
30 64
13 92
72 4
61 14
49 94
82 55
4 12
46 34
30 83
6 3
2 98
46 37
17 96
4 1
13 99
58 93
23 100
11 56
4 24
30 49
37 35
48 76
64 68
63 38
64 93
13 45
50 74
29 51
13 21
23 75
51 15
20 65
16 93
87 10
96 100
72 99
31 80
92 58
89 52
3 41
21 5
90 92
6 31
37 18
6 74
5 20
33 67
62 5
72 93
61 1
58 76
79 31
51 19
55 65
70 28
19 71
90 74
82 68
78 24
97 8
47 71
85 72
42 79
34 34
19 96
29 68
40 2
25 56
79 9
13 77
8 61
84 30
61 56
52 34
99 49
54 61
100 83
49 58
15 64
18 94
39 7
22 13
41 75
28 45
63 64
83 89
25 32
72 94
66 22
48 65
17 8
9 24
52 11
99 74
48 81
69 50
21 55
7 85
15 76
36 92
77 96
69 41
70 27
24 43
81 16
71 60
62 61
1 32
45 93
93 6
7 4
71 47
57 30
47 89
64 8
31 33
68 79
79 49
32 17
55 49
44 25
75 13
81 47
22 29
34 5
60 97
84 47
31 62
37 70
94 51
76 16
18 26
8 28
82 21
53 82
32 58
77 33
7 8
21 73
28 12
2 79
78 17
28 40
53 99
49 93
88 67
31 60
58 97
88 54
35 30
78 20
65 4
79 31
60 44
14 11
17 81
90 38
26 15
19 75
79 92
41 14
43 45
55 48
10 37
27 3
56 27
29 4
72 83
20 91
51 16
20 20
1 71
61 36
51 27
11 72
54 18
40 82
27 32
61 72
6 82
2 81
26 78
37 90
24 7
24 18
11 65
17 42
28 61
91 68
45 8
48 15
23 34
85 39
39 94
57 39
59 33
73 28
34 46
33 97
58 62
89 9
42 28
19 9
68 87
70 9
34 7
16 13
9 84
15 60
65 68
69 20
31 13
90 93
70 76
6 89
64 13
10 16
25 74
34 34
56 18
50 87
22 81
53 16
37 6
85 73
93 79
55 51
92 24
73 67
98 7
33 56
71 39
16 78
49 18
54 5
32 65
39 46
39 49
20 11
85 65
42 61
43 68
55 35
51 13
28 48
56 99
82 97
18 17
48 2
54 44
100 95
92 42
11 22
79 32
90 55
35 14
66 79
33 49
2 52
44 60
44 53
25 50
36 7
73 27
31 70
97 92
83 49
100 2
41 26
54 93
47 75
48 63
16 32
66 64
3 61
57 89
54 49
96 51
38 55
58 53
50 45
12 1
16 65
11 79
11 65
10 93
94 80
56 2
43 40
76 9
59 37
47 57
35 7
82 28
74 61
18 93
24 73
31 56
88 15
31 51
73 87
100 52
87 44
37 84
98 84
87 26
30 13
48 68
40 90
37 75
97 10
18 16
30 35
46 22
32 28
96 81
29 17
74 51
22 19
97 57
14 1
54 61
83 59
71 17
43 100
87 22
22 74
87 49
45 4
5 77
21 47
17 12
4 92
91 97
17 88
75 32
5 48
83 21
58 93
92 1
46 31
88 29
72 14
69 19
70 44
75 5
44 1
33 51
37 17
92 18
12 86
2 63
81 86
28 10
13 51
83 92
15 38
81 28
34 71
90 36
87 82
29 92
82 3
48 86
37 58
30 6
22 93
24 4
11 3
43 4
31 80
73 22
71 27
72 94
57 30
9 69
70 100
57 58
82 65
52 80
63 5
82 97
52 25
63 51
17 16
3 33
33 9
81 63
39 68
10 39
2 65
94 83
80 21
44 47
72 40
97 28
20 6
92 54
39 1
10 50
67 29
69 48
23 92
79 25
62 25
25 52
19 89
11 59
68 43
40 41
85 47
8 2
34 39
60 90
12 65
70 73
65 23
25 85
17 39
40 74
77 10
32 28
46 98
88 41
42 69
1 59
54 31
92 13
15 13
58 66
53 63
80 27
76 35
37 48
2 68
6 28
21 88
89 53
41 55
35 36
65 34
56 54
23 13
76 90
100 96
69 56
71 81
69 67
43 33
24 8
86 22
44 12
52 30
4 37
5 14
86 38
54 34
86 6
91 26
58 91
16 68
23 10
58 9
66 60
11 65
23 62
67 98
36 48
47 94
72 96
62 93
94 57
55 23
51 64
30 98
1 35
49 67
34 59
23 76
86 53
68 85
25 22
68 27
81 40
4 58
96 40
56 35
15 53
82 25
68 18
8 27
17 14
49 41
92 23
33 69
19 80
18 71
5 25
22 61
6 99
11 64
39 73
74 12
35 92
40 83
85 19
1 73
94 43
4 87
65 7
79 4
64 89
46 17
51 35
31 34
77 86
86 91
57 34
19 55
88 75
99 29
34 94
62 24
99 31
11 56
43 6
78 89
77 97
35 3
48 37
52 70
95 15
4 56
61 69
29 23
69 77
66 64
14 70
42 61
13 89
9 69
23 51
26 55
27 60
27 43
90 94
77 41
1 16
58 30
97 4
77 54
36 20
94 11
40 96
41 48
12 26
52 37
11 79
68 58
44 47
47 1
43 61
37 48
49 87
89 69
18 100
67 82
43 53
98 67
22 17
94 49
89 42
76 76
57 41
4 21
71 9
90 89
86 55
74 55
7 90
26 22
45 8
81 82
31 17
47 59
59 14
17 21
8 48
91 14
79 39
36 39
4 38
42 11
86 63
55 99
19 8
22 21
77 98
85 74
99 39
51 1
49 99
97 48
27 2
98 85
52 24
82 54
97 34
44 46
8 89
49 38
82 64
63 81
4 45
42 58
33 94
31 4
43 73
29 22
89 23
95 3
77 79
76 54
85 35
2 59
37 75
39 39
25 82
18 41
11 52
36 77
75 20
16 93
91 19
5 13
25 80
20 95
95 87
47 50
32 32
92 32
40 32
24 57
100 41
7 99
21 60
41 1
75 85
90 88
38 52
32 15
20 77
36 74
46 9
14 96
45 11
19 97
82 6
53 8
69 53
74 63
90 59
48 11
57 55
24 6
72 31
2 49
37 92
57 17
66 35
62 82
36 55
95 92
19 61
22 48
77 56
13 57
86 49
5 67
34 10
26 96
82 70
50 93
41 37
48 21
78 95
71 21
89 49
12 10
47 24
47 7
35 26
32 81
24 57
7 71
38 13
62 20
2 87
85 72
27 32
84 41
48 62
89 100
48 76
49 92
46 12
46 91
50 2
77 99
59 45
53 45
63 74
67 63
9 22
76 59
23 34
59 30
94 42
42 61
3 13
10 5
30 19
17 93
96 14
56 95
52 12
69 28
1 38
23 40
78 75
40 23
51 86
24 88
17 28
34 46
13 88
79 40
14 16
53 33
39 6
57 83
59 28
93 73
97 78
91 35
19 98
95 44
74 19
33 11
54 58
59 64
43 16
50 34
1 95
82 52
40 76
6 73
86 49
80 30
37 76
77 73
21 3
24 75
16 69
51 71
74 50
38 23
23 63
37 50
18 6
85 14
94 92
35 100
97 53
6 44
26 24
67 6
34 69
37 90
68 56
51 45
76 29
57 97
38 11
20 42
11 85
100 33
52 19
80 34
33 11
99 69
36 22
94 57
30 57
31 50
79 17
57 40
13 12
40 3
44 47
14 26
5 13
76 74
33 83
100 23
48 5
92 30
84 64
13 90
8 55
75 66
100 39
17 28
28 47
30 19
98 66
87 100
1 97
82 19
47 6
87 50
49 58
100 62
55 80
7 30
13 37
51 96
21 39
62 67
8 7
44 75
34 16
52 69
23 30
42 97
22 79
22 65
57 11
32 44
33 15
20 87
2 54
38 75
98 66
52 53
51 8
66 77
57 45
17 75
77 21
39 15
67 29
74 75
73 100
54 71
94 16
29 100
21 81
42 55
88 63
93 25
20 31
29 96
34 68
67 40
73 30
68 66
54 94
93 9
30 31
47 76
15 68
14 87
74 78
23 21
28 75
66 2
52 20
77 29
89 9
67 80
83 51
42 71
32 72
32 29
31 53
56 50
19 66
62 22
77 47
1 1
18 10
75 94
15 35
75 29
11 15
4 44
61 89
24 83
56 1
60 62
40 85
98 46
79 82
47 23
62 17
8 54
88 82
61 69
34 51
22 80
88 31
46 98
4 50
70 77
57 95
34 16
88 20
98 12
35 3
90 27
36 91
10 19
85 13
55 76
28 83
6 6
27 19
61 99
51 52
28 13
98 86
62 62
83 45
48 87
88 59
87 65
89 99
59 67
96 50
67 30
68 45
40 44
86 40
42 76
28 77
39 73
82 93
53 67
36 9
83 34
18 51
99 68
62 91
81 70
44 1
30 72
52 31
65 15
48 25
45 83
73 39
100 13
67 22
59 11
21 75
32 73
37 75
33 45
52 59
84 83
65 46
89 21
37 89
36 6
87 63
48 99
1 81
8 14
84 17
85 62
41 73
56 11
27 44
69 84
20 36
9 14
13 29
72 66
47 70
100 58
37 69
84 47
28 15
53 13
10 49
3 73
9 73
25 34
1 47
7 63
35 31
95 22
6 69
19 9
97 52
73 11
80 11
2 74
42 15
71 37
16 55
26 11
84 30
76 35
44 56
95 80
79 85
16 45
76 72
25 4
68 28
66 37
11 34
63 74
71 19
54 84
37 33
67 60
24 69
70 51
49 11
11 54
63 80
51 88
42 11
78 97
64 29
69 64
16 96
83 4
21 37
20 89
51 55
47 86
28 59
100 20
25 13
84 55
38 82
91 29
11 71
86 25
5 71
98 8
54 77
47 4
31 30
3 20
95 72
39 42
27 78
6 91
40 24
42 35
87 91
74 6
38 51
91 27
17 38
46 25
56 20
78 53
15 3
95 5
6 61
68 63
9 28
19 53
46 28
33 31
2 34
87 70
20 86
28 61
38 6
91 58
54 61
29 61
36 15
45 59
93 5
12 94
16 41
2 1
52 30
56 35
11 12
9 19
69 55
75 39
83 25
89 18
39 34
42 50
70 84
30 96
64 10
12 67
11 76
1 5
7 58
14 42
61 47
32 99
33 48
93 5
44 14
37 96
15 23
37 8
82 80
88 56
48 72
84 41
33 62
23 40
84 97
20 57
84 18
19 5
54 100
36 67
12 29
37 49
67 7
80 12
6 40
20 52
44 63
82 69
12 23
54 35
34 16
33 4
3 61
12 87
15 71
36 83
46 50
94 42
17 49
82 96
36 77
95 10
21 43
84 28
48 83
73 29
24 18
70 24
51 20
20 1
22 23
80 90
77 5
49 15
19 47
27 2
12 58
44 72
34 33
39 100
77 55
96 45
97 87
5 65
61 7
35 49
85 67
61 18
83 85
40 90
73 62
68 30
59 60
43 79
32 30
2 37
99 49
74 54
99 85
67 28
2 6
18 81
10 43
74 45
16 29
95 81
100 90
58 78
95 90
90 36
31 60
12 47
75 43
54 5
31 29
29 57
47 79
85 98
47 55
59 93
73 25
77 54
98 10
19 75
93 69
94 42
74 71
43 83
5 52
100 29
63 54
60 11
34 75
55 19
35 38
20 31
27 53
25 93
34 59
11 40
78 28
39 29
39 65
47 61
66 58
37 68
42 100
61 97
9 44
40 100
78 28
90 98
79 61
11 90
50 9
6 39
71 47
82 6
12 13
21 66
69 83
61 19
30 83
19 1
4 47
91 66
79 99
96 90
99 11
22 21
86 27
86 86
15 78
65 27
55 21
95 29
10 52
40 27
24 98
18 11
96 92
35 4
27 28
4 64
88 47
13 11
88 86
26 42
75 91
64 64
28 26
76 29
89 82
82 36
52 31
95 56
36 22
78 68
53 51
16 47
85 21
12 26
26 75
91 78
99 54
56 49
60 75
62 10
6 31
77 90
4 41
73 70
13 93
16 39
93 18
74 16
11 98
54 62
85 79
21 81
43 56
51 74
69 91
79 42
58 72
10 96
4 76
49 64
35 31
51 84
91 99
17 17
1 44
84 77
66 26
68 25
98 98
31 54
23 16
36 87
50 51
36 86
51 70
27 84
73 65
37 66
69 94
60 65
4 80
35 25
70 80
37 78
98 82
50 34
38 37
44 3
50 59
93 57
96 13
48 61
68 100
29 82
92 80
45 62
1 20
87 7
86 92
44 35
95 13
80 23
17 35
34 43
43 26
88 52
37 11
27 82
36 55
22 66
92 66
47 81
43 39
93 72
33 92
97 60
9 85
14 32
66 66
95 35
60 48
16 10
81 100
24 38
12 16
89 42
1 24
12 51
36 55
97 45
32 51
95 92
13 35
67 51
40 33
93 64
46 32
60 37
95 62
40 54
90 16
36 81
3 93
39 58
87 10
97 54
81 49
10 79
20 55
32 51
83 85
3 62
23 2
7 8
50 59
7 4
25 9
79 38
62 28
34 3
86 32
31 53
22 87
56 67
14 24
54 48
78 34
77 58
59 98
52 77
11 3
3 49
42 6
61 60
42 16
59 97
33 13
20 34
12 50
80 40
51 79
65 55
77 49
3 83
20 64
22 41
8 98
35 55
16 82
26 79
27 94
68 21
11 86
5 1
40 63
78 53
11 30
45 1
59 67
70 26
21 82
66 62
8 58
81 72
95 12
81 8
87 72
83 20
44 24
36 27
8 31
17 69
70 36
66 1
5 71
35 72
57 89
70 100
24 90
13 64
88 52
28 63
72 17
81 83
1 55
13 79
61 43
26 86
54 25
79 36
86 64
65 17
8 70
78 49
12 19
61 8
11 35
95 43
66 43
95 14
18 27
61 40
2 80
93 43
1 38
42 40
54 50
57 83
73 56
92 33
65 29
34 21
76 45
61 59
76 25
62 58
26 96
73 11
87 53
38 76
87 16
71 96
65 83
25 42
13 20
91 50
66 52
22 66
50 72
33 90
83 44
32 62
61 73
16 51
57 38
38 30
10 92
79 72
22 91
76 94
29 6
36 45
78 85
6 10
46 91
22 54
14 7
95 86
81 97
65 36
43 47
74 26
84 62
90 15
35 45
19 36
51 45
50 31
39 67
26 36
24 72
11 4
20 28
43 57
10 36
95 71
7 12
56 85
28 92
96 13
91 65
4 92
43 54
59 38
84 59
43 18
49 74
60 98
30 5
24 10
65 91
9 43
56 58
70 32
2 4
13 78
99 8
15 50
20 100
25 92
18 56
72 70
92 37
83 17
40 93
52 23
7 21
12 29
19 80
24 18
72 89
21 84
54 11
97 17
97 12
95 79
83 87
37 9
57 99
91 19
71 54
47 77
28 7
41 76
48 91
99 74
29 59
64 21
25 6
63 64
75 53
3 52
83 53
84 9
56 31
31 38
51 59
29 83
99 42
16 32
5 41
5 71
58 12
82 100
17 82
22 45
24 2
34 43
78 52
31 15
12 36
74 56
62 29
88 1
28 90
83 41
97 43
81 61
83 4
50 49
32 25
37 81
96 5
44 71
18 22
48 36
84 13
94 81
52 11
11 88
33 72
26 15
59 34
39 8
91 29
80 5
46 48
82 99
18 23
97 7
90 85
24 57
4 10
4 35
98 81
1 78
32 53
31 29
2 3
51 72
34 32
89 24
84 37
6 46
49 88
59 18
64 23
7 40
10 17
56 97
14 98
58 5
25 2
32 74
16 47
35 95
83 84
44 79
23 29
5 97
44 51
26 61
98 6
9 80
13 39
94 68
84 11
10 75
26 72
94 72
63 56
32 35
38 81
27 1
61 57
13 38
45 54
94 24
53 100
18 88
68 77
34 63
2 13
24 52
47 49
14 92
14 39
30 51
89 3
51 19
98 47
18 65
73 83
51 56
74 85
42 73
1 78
28 47
20 33
25 32
80 9
73 88
11 45
57 46
29 49
29 23
12 40
37 82
31 55
97 18
50 11
91 44
89 24
95 6
68 74
96 41
5 57
27 98
44 1
64 9
41 19
81 47
55 71
86 87
72 21
14 39
31 81
60 91
96 54
93 27
86 99
89 5
70 21
33 15
5 47
5 46
25 98
64 22
6 89
86 32
27 11
45 21
23 95
74 22
45 91
46 5
98 67
20 62
70 53
74 65
96 92
49 93
18 6
14 94
85 64
36 13
77 19
93 93
2 62
88 6
35 75
30 90
96 57
50 78
25 18
99 87
20 95
27 9
22 60
26 37
84 61
52 33
34 56
76 26
8 47
74 92
19 47
23 25
54 34
33 98
47 90
62 89
14 15
51 46
8 89
63 26
36 1
82 47
86 88
49 81
16 98
27 88
15 86
69 14
54 22
94 16
50 54
73 14
45 23
54 61
22 28
11 27
79 47
88 92
9 14
6 39
82 48
59 75
64 88
66 85
58 72
96 53
22 4
26 84
75 2
92 49
87 27
50 65
1 83
23 92
85 10
92 59
21 95
4 12
61 72
71 76
72 80
8 72
79 67
85 47
49 48
60 45
25 46
1 25
91 87
48 71
15 21
47 67
25 75
57 14
88 86
74 96
19 25
11 21
4 10
70 11
70 27
80 21
65 36
28 68
39 64
9 23
77 83
11 28
24 90
48 55
47 1
99 83
3 53
31 35
11 25
1 45
59 57
83 81
60 2
41 10
37 24
55 2
98 54
72 93
94 14
60 54
67 84
90 86
89 65
41 36
11 55
99 99
1 54
28 70
90 32
1 19
75 65
91 53
24 29
12 74
90 11
63 68
68 31
8 96
50 9
7 91
87 41
54 4
50 17
57 31
15 30
23 67
83 84
7 76
47 25
45 38
53 62
33 2
76 51
1 85
46 13
50 62
53 77
79 27
75 96
73 23
17 71
97 16
83 48
65 54
34 92
11 94
41 76
41 74
41 2
81 88
65 48
83 9
74 41
53 62
36 75
98 90
51 59
96 36
64 47
77 68
76 37
81 26
81 24
47 20
4 6
4 4
88 68
68 46
70 67
51 36
12 93
92 69
76 100
52 90
31 60
7 87
11 67
93 1
23 48
66 96
87 29
37 65
6 85
95 75
11 1
49 67
10 21
10 1
96 59
8 25
30 42
98 39
21 5
37 10
57 89
29 30
60 69
20 97
19 75
79 84
25 53
81 55
97 47
37 75
66 66
66 96
3 27
30 85
76 12
1 32
48 88
93 54
49 81
65 11
11 83
13 71
63 46
94 77
56 38
27 79
27 87
49 64
26 49
91 71
11 70
12 32
40 24
67 34
42 84
49 25
43 33
46 25
49 47
10 17
93 1
60 74
9 94
22 37
75 58
99 10
98 46
72 20
87 100
87 62
44 26
48 33
49 4
72 18
22 17
29 13
82 74
6 74
95 32
75 65
33 10
6 32
11 95
90 28
21 44
33 64
7 64
86 5
29 55
47 58
11 38
29 35
36 15
95 45
10 78
18 76
59 89
67 65
82 59
67 4
12 23
45 17
22 90
81 85
67 20
12 56
57 27
33 76
59 83
64 55
60 14
44 55
66 62
23 99
95 60
27 53
98 80
2 31
49 25
70 44
48 100
61 15
52 99
2 97
65 47
50 52
3 71
47 3
72 30
77 84
58 82
8 19
95 50
41 93
96 73
66 66
61 99
67 17
23 84
41 47
1 77
18 9
77 2
18 81
10 33
66 25
8 67
13 84
61 4
22 32
96 82
50 10
19 17
65 77
49 75
32 76
17 98
24 23
75 33
27 8
13 82
46 36
3 79
36 63
4 79
95 36
90 5
23 36
46 8
7 27
30 5
65 55
16 55
28 35
77 34
2 11
10 13
15 25
39 27
24 16
95 26
39 5
77 55
18 75
95 26
97 39
5 5
24 10
66 1
65 87
44 36
74 76
67 8
46 50
8 42
37 78
42 67
42 76
97 70
73 83
83 1
60 83
12 31
22 55
6 38
35 7
91 41
77 82
66 65
89 98
76 96
77 77
35 9
98 16
59 76
23 81
43 87
7 79
65 56
79 100
53 73
71 29
64 10
93 6
71 56
79 64
72 68
55 45
95 45
97 78
52 93
84 1
16 8
34 11
16 24
70 88
27 55
74 20
14 25
73 85
67 54
45 41
18 78
61 25
68 100
81 3
42 43
20 1
84 42
55 76
70 72
17 26
4 10
61 86
59 73
76 5
47 19
27 85
47 62
95 12
67 81
28 20
30 39
51 47
4 20
90 57
73 1
5 14
55 65
10 16
73 35
2 81
28 56
35 2
72 45
71 87
66 14
76 59
18 70
24 96
23 29
5 27
70 96
1 45
20 88
70 90
83 86
33 65
23 27
11 99
45 79
76 39
59 56
3 64
44 49
17 83
2 10
77 100
40 94
76 12
19 10
95 79
13 56
9 35
92 50
82 48
67 33
37 56
43 23
73 26
10 53
64 1
32 34
28 57
80 92
57 82
81 47
72 44
19 93
12 16
2 8
28 29
57 20
49 93
23 52
13 46
52 54
49 71
23 33
12 60
59 72
51 51
69 77
47 70
90 23
84 17
13 82
23 18
13 42
31 33
3 51
36 96
49 19
52 80
43 38
75 81
86 98
42 75
56 12
6 52
73 39
87 80
63 31
15 18
20 23
52 93
58 74
47 17
39 5
99 34
65 84
65 7
72 59
4 61
28 100
24 50
15 14
74 29
68 86
66 38
40 39
84 95
57 2
44 11
8 79
40 69
56 68
93 28
23 1
44 58
75 40
13 67
14 86
65 56
2 32
97 7
24 26
5 98
82 59
4 17
8 3
38 37
29 35
8 15
79 69
64 9
27 98
19 15
87 21
60 27
82 3
6 94
71 79
26 91
84 94
19 59
57 13
21 61
64 75
88 42
56 26
69 35
78 99
88 16
95 78
81 8
63 83
81 76
75 8
16 67
77 58
7 63
67 49
55 81
60 75
46 54
88 26
78 61
48 47
49 70
38 67
5 60
53 83
31 25
81 2
15 67
49 18
55 34
41 18
67 52
38 90
67 49
80 62
88 40
87 7
86 1
42 38
34 71
14 43
90 71
53 85
5 54
13 77
84 70
80 77
95 14
31 34
77 51
8 73
69 61
80 54
34 3
22 44
85 90
63 30
50 10
41 45
20 52
60 95
56 55
48 99
83 49
39 16
52 10
34 23
58 11
88 50
6 94
33 46
24 61
84 14
64 61
2 53
48 78
62 16
40 61
60 25
28 63
87 10
95 47
68 13
98 97
95 70
13 78
25 86
95 83
84 26
96 46
87 56
26 53
20 96
58 79
63 89
84 98
14 38
40 60
23 54
65 74
81 9
2 91
32 90
35 25
91 61
92 1
58 17
75 56
21 30
84 87
27 18
86 45
25 33
9 4
56 14
68 50
37 7
41 25
36 61
84 39
94 18
9 31
92 94
78 16
8 45
80 75
3 62
5 9
10 91
39 94
52 83
76 88
38 21
30 76
40 79
34 11
24 1
100 64
79 50
33 41
96 48
71 59
35 11
42 7
58 73
84 1
49 3
85 96
67 19
87 89
86 58
44 53
11 49
77 42
39 70
100 99
41 51
45 76
38 44
79 6
16 64
56 6
46 38
23 99
18 62
84 27
30 8
30 69
59 99
86 35
61 6
59 53
31 11
100 27
49 70
79 100
30 35
72 20
44 54
64 96
24 21
33 65
83 70
81 20
73 55
84 71
11 30
3 14
47 67
89 74
29 11
63 89
84 12
49 95
40 15
6 77
21 93
30 89
67 10
62 51
78 16
85 11
27 26
3 65
89 45
8 51
3 8
29 72
45 41
90 57
39 79
97 95
45 18
90 68
54 51
19 21
62 86
76 26
83 35
20 36
17 72
14 15
58 68
79 59
23 91
44 62
41 98
30 51
53 80
8 77
20 63
9 42
85 38
45 9
52 19
36 69
45 25
7 77
91 46
64 38
52 58
45 10
65 12
23 54
70 26
3 74
58 4
90 38
13 37
30 48
98 31
92 75
45 96
58 52
64 82
65 79
93 93
72 70
27 99
63 67
75 67
97 77
8 95
3 61
88 78
63 70
5 75
58 65
72 61
8 11
43 67
6 36
16 17
99 84
98 79
64 36
59 30
58 28
96 25
23 47
10 73
91 6
68 78
85 98
67 82
31 94
48 77
81 7
18 8
51 28
57 2
96 76
94 31
99 2
61 38
81 8
97 96
69 35
55 66
94 79
23 97
70 4
41 57
74 48
11 68
78 74
57 25
78 14
68 9
50 48
96 23
62 97
20 68
32 66
58 17
95 81
46 80
73 9
74 36
36 52
76 76
58 66
3 48
61 43
90 15
74 91
13 75
61 48
20 79
