500 10000
107 404
426 64
442 397
490 360
357 103
325 247
151 357
291 72
170 218
251 130
92 452
347 384
411 483
159 89
370 448
473 219
71 440
427 36
498 195
67 55
196 373
500 116
383 300
366 178
306 59
253 117
324 177
263 176
150 48
196 170
102 384
474 445
89 119
240 100
269 451
328 125
296 370
473 392
500 264
47 351
216 485
452 470
248 337
366 70
466 460
268 454
392 272
113 203
357 136
120 263
470 140
306 193
275 483
112 216
33 217
344 46
297 22
420 470
475 269
462 262
224 174
215 38
408 148
242 124
457 417
25 329
422 133
443 401
264 25
384 268
497 333
171 56
208 405
207 217
183 61
451 100
280 435
264 42
164 475
188 17
307 135
140 467
47 206
451 186
167 474
79 286
178 20
464 401
358 45
332 72
201 96
187 142
5 395
210 59
247 52
220 496
5 71
377 261
277 262
321 302
244 1
192 338
333 74
80 111
138 167
189 448
37 111
459 237
220 72
333 238
487 457
487 213
176 474
101 443
212 11
378 297
177 88
139 459
375 106
298 425
36 340
344 93
408 31
381 400
176 54
186 249
482 331
422 224
232 484
338 429
114 359
453 128
398 220
280 264
180 372
85 356
185 369
368 373
91 251
427 426
355 341
65 98
192 263
263 161
379 233
250 343
457 434
178 298
50 393
300 326
77 224
269 74
367 26
481 257
141 167
226 13
68 396
353 294
150 135
42 401
367 374
442 263
368 343
393 186
149 259
315 81
179 360
75 167
220 24
206 31
459 115
332 320
94 390
288 441
474 485
232 105
313 293
24 332
190 373
65 455
96 255
62 497
381 106
271 107
63 256
399 71
4 417
148 336
479 327
203 24
9 178
264 16
260 298
218 368
324 263
432 390
354 180
270 346
458 201
284 120
159 135
189 63
56 371
353 450
73 295
187 186
76 433
108 326
453 198
153 477
124 412
258 462
320 123
191 2
492 204
286 189
471 175
255 135
81 200
130 401
106 112
17 159
330 113
453 271
306 2
9 419
49 115
75 419
210 26
409 138
161 373
272 365
430 381
394 87
165 284
166 118
436 127
50 38
468 29
494 1
131 79
355 26
219 302
452 382
38 267
174 12
143 305
269 24
306 101
186 438
187 435
117 204
142 107
443 403
176 363
442 340
305 456
461 269
485 254
85 232
374 44
160 358
216 95
322 430
224 155
86 53
277 242
232 51
352 17
106 317
189 7
233 314
442 114
36 208
318 478
472 42
25 262
118 442
20 107
36 207
205 181
211 166
376 14
341 35
49 279
26 108
419 417
180 457
122 348
228 49
286 438
466 59
131 473
496 275
30 394
308 337
267 303
183 387
139 341
487 479
387 173
324 78
382 210
206 182
333 203
78 249
266 65
69 61
307 30
147 226
478 60
150 359
79 140
288 417
470 224
24 190
272 422
188 337
101 391
130 282
356 60
267 12
125 346
264 237
181 312
256 316
445 234
218 72
55 216
445 359
78 330
137 451
149 151
346 490
82 150
245 333
60 139
146 132
217 226
285 301
495 231
324 279
275 451
425 386
266 354
415 76
99 243
237 479
368 121
445 207
245 370
327 22
105 174
407 171
293 101
146 127
221 213
315 443
145 242
265 177
471 254
341 7
214 181
388 484
58 51
11 33
137 112
201 280
496 167
89 498
266 74
19 181
25 392
58 9
393 271
443 177
327 156
291 450
70 240
236 294
85 319
11 388
191 171
82 340
442 419
64 8
93 86
248 364
49 489
288 202
434 181
104 382
492 107
14 242
353 268
124 441
131 89
68 26
283 237
271 182
325 212
357 252
238 482
344 497
85 102
205 122
497 86
85 297
463 409
199 309
380 493
444 281
195 60
29 204
25 201
478 172
451 126
36 148
333 304
241 230
401 333
394 291
174 487
86 26
289 353
341 385
13 265
490 229
137 156
292 132
22 192
206 343
496 41
482 266
359 368
212 448
448 478
212 395
440 145
447 487
79 81
270 421
465 434
5 384
270 122
138 53
437 496
414 429
308 498
304 210
290 296
223 86
143 224
428 344
163 322
284 363
189 351
184 50
112 40
461 477
171 492
318 481
255 433
479 242
322 320
143 387
5 390
207 158
256 85
295 464
272 485
115 79
447 168
380 331
121 9
292 322
178 323
419 359
76 155
160 264
476 42
312 342
242 44
409 76
240 281
100 480
273 183
447 444
305 460
312 122
75 408
468 308
309 154
204 232
131 429
411 270
242 287
424 223
219 437
30 311
152 12
59 24
366 278
371 440
102 193
383 397
4 373
290 147
364 77
301 467
463 282
475 65
498 157
275 304
214 81
258 269
154 51
378 256
376 31
453 336
419 144
200 362
117 445
125 251
280 158
360 299
481 443
31 228
138 377
20 178
208 294
351 31
213 118
9 332
259 111
268 147
66 337
360 257
88 52
316 299
346 316
139 32
21 217
491 377
174 317
284 116
430 395
119 56
375 354
426 23
76 48
391 127
422 270
490 69
219 331
35 9
150 456
44 410
99 156
304 217
326 123
225 19
351 287
120 46
41 329
223 396
83 244
38 210
300 50
455 167
171 7
145 89
163 444
449 141
346 204
175 5
422 103
165 96
374 39
423 285
89 357
447 153
387 151
182 269
323 279
378 12
383 327
485 179
433 183
471 140
108 268
464 391
468 177
118 263
239 194
369 300
380 326
58 369
89 284
271 474
410 251
29 327
420 140
448 283
210 452
403 147
54 75
232 340
100 37
235 57
60 35
311 477
489 237
128 467
263 287
214 124
212 44
287 21
126 87
15 422
423 19
457 497
285 393
22 89
340 345
127 356
102 421
145 68
165 315
103 148
25 392
395 447
243 489
136 363
76 499
272 201
128 114
48 165
115 193
281 384
280 348
172 269
118 327
458 405
321 323
319 219
371 216
484 357
500 15
193 127
428 263
275 497
396 122
222 234
478 273
301 84
19 21
235 358
443 161
309 244
435 459
49 345
46 200
167 13
253 497
25 152
108 326
481 187
338 47
498 452
93 431
404 37
248 242
300 168
164 72
160 127
312 201
489 213
27 316
73 79
24 276
307 374
195 165
437 327
104 240
175 30
302 428
354 157
67 224
234 139
164 499
439 410
313 273
329 434
7 259
99 243
128 390
407 25
64 186
139 271
277 232
128 147
389 109
161 6
95 7
353 35
447 215
336 249
212 201
397 386
19 86
251 77
249 379
209 214
215 204
73 143
107 62
174 36
422 424
123 303
360 458
446 240
374 262
252 93
466 222
21 203
15 130
77 244
464 421
239 142
41 234
498 427
89 369
351 168
295 384
17 173
219 421
201 341
296 183
217 499
210 323
295 295
74 141
442 238
109 4
345 290
17 442
437 375
130 418
312 52
311 227
485 251
131 363
271 178
360 287
215 412
356 255
150 3
24 46
441 157
345 329
423 296
173 188
387 170
416 112
202 250
113 256
220 199
222 123
119 359
127 256
455 342
103 206
290 44
311 94
422 359
23 479
279 248
477 392
452 476
310 405
417 107
258 482
315 95
211 123
304 353
14 48
492 109
91 244
334 496
310 227
66 412
172 199
5 127
99 366
74 379
278 266
177 431
286 424
381 221
228 474
454 348
365 128
415 426
394 82
259 245
489 70
254 91
36 202
312 498
32 104
357 274
205 468
184 167
109 316
42 390
286 241
208 121
298 286
351 183
348 456
303 34
429 328
396 389
414 343
81 408
470 461
63 471
35 17
321 374
3 114
310 63
195 67
375 255
115 402
458 443
365 269
177 302
147 484
164 368
389 99
355 485
417 299
335 9
441 484
343 391
285 268
53 207
206 33
189 30
56 30
6 44
491 252
289 334
149 382
484 388
375 257
142 155
201 51
85 258
114 205
496 7
391 76
142 480
475 325
356 363
243 186
352 412
358 344
408 315
17 194
221 226
79 100
155 262
134 425
310 72
173 92
210 106
121 172
316 322
483 438
176 400
401 105
500 98
113 418
38 445
109 214
200 39
158 368
181 309
3 413
292 90
43 346
147 107
97 2
14 59
458 287
23 225
61 135
281 212
89 272
1 358
443 345
288 34
246 336
248 175
158 474
444 473
20 480
154 20
218 62
489 247
346 327
42 405
428 79
263 266
438 410
411 428
235 359
218 86
272 148
112 246
310 424
203 328
130 258
393 23
330 284
92 212
327 70
393 140
478 8
477 380
75 494
350 44
30 72
287 177
310 368
93 440
156 62
78 90
69 241
428 4
308 76
153 351
196 255
267 403
443 380
162 300
453 399
366 389
307 209
48 358
51 80
127 4
329 457
435 197
337 97
68 90
219 443
117 372
358 222
66 499
423 435
355 23
358 306
315 355
11 50
107 406
49 66
491 92
214 277
435 8
433 142
219 402
241 342
46 68
252 130
301 111
58 311
476 479
419 356
195 298
203 15
196 86
98 15
291 109
211 214
340 277
451 240
113 193
443 359
298 460
447 346
462 302
47 146
413 388
374 234
439 380
67 435
306 318
498 119
356 114
168 164
13 261
314 455
311 439
51 486
284 224
15 412
301 64
470 158
88 49
202 386
217 185
477 234
431 195
221 30
58 154
133 493
44 488
459 333
116 33
164 48
50 279
86 175
171 381
365 490
246 233
400 491
244 49
83 428
415 395
447 267
346 355
476 419
150 117
383 388
372 216
104 176
446 384
346 51
274 333
20 130
287 477
141 112
412 418
380 440
267 207
482 226
10 339
393 387
295 350
127 111
257 69
85 3
48 439
465 256
404 297
463 293
40 86
378 373
117 285
318 69
280 490
348 404
203 229
493 286
100 461
248 117
40 283
478 45
350 101
487 284
55 75
396 302
300 77
380 316
17 162
477 471
94 318
228 395
124 88
224 450
360 91
286 80
88 122
16 157
183 143
344 24
166 297
484 399
378 499
318 436
119 280
210 19
141 57
114 326
270 260
412 23
288 378
436 461
335 18
185 299
120 439
251 365
269 81
177 313
3 226
114 335
136 110
14 219
326 206
195 214
494 341
432 176
148 356
81 297
393 359
118 333
305 298
266 347
484 81
42 500
255 390
447 382
475 143
330 81
126 372
484 277
169 318
466 223
306 97
441 448
47 189
494 70
468 213
149 145
274 16
257 293
277 110
95 184
258 489
206 423
153 127
341 33
263 491
475 83
119 347
134 254
278 312
239 433
423 453
263 413
186 271
312 123
196 293
39 112
473 55
319 107
425 436
236 358
20 390
472 480
236 370
6 304
128 149
273 171
236 460
290 86
249 489
184 131
393 195
135 374
114 237
335 412
490 487
490 451
161 36
472 291
57 322
45 88
28 373
222 481
95 324
332 24
95 352
433 304
384 491
271 468
413 44
234 156
321 12
45 2
25 457
348 98
223 376
75 496
378 128
369 379
188 38
83 242
90 324
101 128
454 379
410 312
7 44
235 357
82 256
210 426
88 7
126 174
219 12
42 43
22 449
252 55
415 383
459 137
315 268
422 268
347 454
206 75
379 286
242 97
136 361
437 387
343 420
225 38
213 238
480 147
247 348
53 173
127 217
264 6
360 316
73 377
311 352
82 286
472 385
209 258
208 126
55 50
227 353
295 249
152 280
467 100
343 409
195 295
332 392
68 321
326 497
451 76
352 282
56 104
304 285
436 242
387 157
295 358
441 30
185 411
5 350
353 196
281 268
62 486
17 208
301 397
394 428
403 5
260 413
290 388
200 189
401 291
96 97
363 107
201 272
260 224
156 62
435 194
439 119
351 228
91 342
131 160
273 258
370 269
476 297
99 478
322 52
383 28
428 115
47 492
126 419
467 247
478 23
87 161
356 203
4 152
481 461
384 353
263 183
378 67
369 42
139 146
238 375
260 473
272 398
474 421
477 117
438 195
290 201
324 456
390 337
431 185
77 362
303 125
276 96
25 70
298 376
414 66
109 19
161 200
116 250
453 290
489 67
202 103
178 410
273 42
194 150
422 48
487 234
357 244
57 143
306 176
447 286
13 198
115 237
376 152
417 365
418 343
465 429
199 27
442 240
436 110
111 467
396 174
445 410
181 270
185 176
401 151
243 465
171 135
49 213
140 96
249 277
216 470
241 129
2 163
271 465
36 449
124 265
146 399
194 463
185 58
434 186
149 7
241 135
242 149
364 465
162 1
111 220
375 26
126 154
88 245
498 260
183 243
190 138
176 331
177 356
141 411
141 292
213 319
238 390
243 146
339 335
98 24
340 453
330 475
12 361
367 260
129 269
421 4
91 217
480 369
126 18
312 201
336 426
140 326
467 254
327 322
86 235
206 360
61 74
277 31
145 178
14 274
215 210
140 327
317 455
70 302
243 277
478 24
337 361
411 29
293 323
322 280
95 72
157 355
483 105
290 32
91 397
367 318
390 448
102 207
130 314
452 82
83 417
154 390
361 180
317 390
200 343
96 273
266 244
213 124
271 149
436 494
18 434
434 382
175 165
354 88
244 250
86 129
211 250
454 119
429 322
77 125
71 362
356 104
90 207
106 477
193 95
294 13
423 195
172 90
142 460
464 413
440 235
153 342
256 123
314 258
291 488
237 156
101 33
296 68
237 31
196 70
460 384
46 201
387 311
10 26
119 285
459 486
114 313
498 459
417 99
447 53
369 299
252 344
304 349
114 316
491 276
275 473
113 271
425 215
236 44
186 421
90 109
388 490
232 110
80 91
247 43
375 100
199 475
469 347
184 135
79 370
351 325
459 31
301 392
262 218
205 386
247 329
198 235
172 66
18 484
153 87
374 132
199 212
81 227
325 173
394 366
280 285
108 255
342 341
408 314
243 365
182 119
313 332
376 196
102 322
126 4
432 480
483 234
324 74
83 239
178 104
359 74
171 405
46 101
499 274
124 130
467 61
447 470
180 28
106 105
344 204
299 199
225 288
129 403
81 221
207 283
336 220
248 491
218 86
97 115
53 321
256 237
454 471
241 102
496 83
216 187
499 110
70 331
413 232
350 89
464 142
136 346
372 273
194 181
147 170
229 216
267 450
229 79
411 277
142 71
83 270
224 225
421 133
194 133
226 481
395 44
463 105
412 439
342 186
470 429
392 340
162 385
386 154
370 467
354 75
334 114
377 272
333 158
124 455
309 245
89 117
428 64
165 284
170 197
136 188
62 73
28 272
299 234
457 37
411 161
7 324
123 1
38 62
322 493
370 277
57 98
481 444
104 327
189 332
77 498
237 252
61 433
61 483
474 201
466 407
94 175
192 321
487 266
165 19
349 34
346 55
97 50
381 83
363 436
64 159
322 291
496 255
169 470
286 226
157 59
42 128
97 109
498 150
80 16
16 200
26 478
168 298
422 105
244 429
469 452
379 321
6 137
114 334
115 394
483 220
182 368
159 364
457 27
413 180
193 137
145 488
317 434
453 230
287 106
32 496
251 264
471 200
334 57
212 9
392 429
380 80
367 89
153 211
234 299
339 370
187 122
450 384
149 103
57 86
417 261
346 285
277 272
365 416
75 494
374 455
95 167
216 200
99 67
53 497
138 318
251 18
387 437
10 8
426 313
419 456
374 285
392 267
443 398
9 86
357 42
26 195
44 124
480 270
488 491
300 436
107 328
243 434
9 139
407 397
344 496
237 493
431 228
54 472
176 142
166 82
453 395
132 451
66 449
204 308
452 24
447 117
291 253
18 220
342 27
335 484
268 48
162 353
464 19
412 91
72 358
447 9
63 442
315 281
386 294
412 325
396 160
295 126
147 158
18 393
460 431
318 416
178 192
472 485
104 323
249 495
425 434
436 386
62 153
71 331
315 433
245 480
161 90
352 217
188 230
362 7
356 178
141 496
378 312
30 145
212 289
144 251
124 242
65 56
133 473
363 138
369 80
398 458
393 396
56 257
200 431
489 202
91 133
332 267
239 440
211 122
348 363
280 244
237 354
484 345
92 48
375 394
76 215
61 304
327 173
119 257
92 60
455 261
50 207
256 208
100 408
147 301
392 283
458 449
261 352
434 318
42 131
101 223
362 255
68 418
275 25
34 358
334 267
469 87
269 86
120 351
60 419
454 493
167 247
234 17
8 393
41 251
227 369
47 455
315 41
434 243
75 302
493 376
338 161
84 118
452 493
345 285
95 385
315 104
269 201
161 461
404 426
57 196
432 280
445 301
62 329
54 250
190 396
74 441
29 447
229 91
42 309
467 20
163 419
294 402
95 189
423 319
24 396
420 286
360 445
158 117
101 191
409 322
280 237
199 447
452 219
492 395
311 113
58 404
343 223
288 123
404 64
446 324
120 245
356 312
302 325
372 113
119 424
231 6
134 299
356 249
479 152
394 315
217 257
314 250
125 46
302 333
266 135
41 141
398 342
196 330
444 73
447 114
261 273
18 140
267 308
164 199
496 61
130 152
123 377
464 161
294 423
218 430
183 154
308 191
447 205
254 19
304 303
216 274
368 495
96 262
256 473
30 131
311 401
465 188
7 241
211 309
82 224
384 269
9 288
3 271
265 398
237 243
219 123
119 309
306 294
398 31
58 424
282 33
402 8
190 431
312 108
209 19
452 388
426 425
86 468
379 222
410 409
127 217
270 225
311 7
122 114
331 484
134 371
411 147
496 115
227 188
488 97
172 75
389 280
465 418
471 253
436 374
420 202
142 153
289 236
255 201
294 400
390 320
317 9
96 360
14 333
266 488
491 276
193 326
197 372
285 495
485 254
384 36
203 206
63 340
423 296
107 187
95 498
222 450
400 42
123 388
117 379
370 112
257 161
462 306
153 315
448 442
135 412
484 73
433 283
326 277
65 255
443 469
407 237
67 67
224 172
391 383
184 40
95 270
20 252
302 3
431 223
185 313
5 11
241 170
160 482
331 94
213 191
104 124
225 488
476 178
331 431
53 127
217 433
454 249
12 82
194 175
406 218
361 341
437 328
413 5
95 288
266 216
386 294
90 394
453 476
146 2
403 219
263 411
199 91
463 447
409 234
408 500
475 198
120 201
14 253
489 44
490 243
61 319
471 203
413 238
360 144
93 324
444 92
141 98
341 407
445 362
340 70
435 41
253 62
307 397
397 493
40 144
473 307
30 256
371 162
167 375
359 445
145 337
397 398
56 146
452 139
343 134
58 459
364 380
471 262
132 298
359 125
155 7
491 415
240 260
385 107
375 47
361 172
319 178
198 407
311 154
109 259
85 360
444 357
358 262
469 117
427 167
473 274
496 96
26 388
432 164
437 297
47 437
406 66
114 435
375 40
344 371
10 63
136 424
231 131
119 352
134 181
282 446
218 7
136 424
70 162
461 475
183 112
97 96
21 254
3 194
354 71
386 493
183 321
189 114
465 281
126 144
452 368
415 227
11 316
264 376
457 68
27 394
372 86
192 264
157 364
289 423
284 165
151 356
229 66
45 427
272 492
191 295
85 428
22 453
285 91
500 354
423 420
439 401
294 392
360 498
138 61
481 2
275 314
54 317
7 328
449 479
302 62
73 500
166 217
334 215
323 127
304 128
430 441
484 109
342 288
290 266
443 180
15 31
192 196
409 423
475 335
453 122
80 17
372 97
480 293
119 106
384 162
415 46
445 405
492 98
266 465
100 135
222 86
90 21
38 296
331 361
288 219
449 92
347 9
251 333
200 484
164 86
150 472
236 376
256 112
403 317
263 406
334 262
425 414
285 57
118 318
453 31
390 464
361 339
237 104
200 346
16 228
422 411
35 439
448 218
356 49
26 43
56 38
371 121
62 458
165 50
10 257
90 296
500 260
438 361
8 78
56 100
450 159
487 430
459 438
417 144
318 366
74 213
370 94
481 274
341 162
271 74
222 42
380 232
309 335
98 250
242 26
459 244
172 108
117 114
391 275
52 195
125 212
18 420
101 86
435 168
184 419
62 96
305 290
264 317
378 36
4 25
199 235
262 176
33 277
118 328
137 268
408 19
3 440
293 330
461 110
496 441
20 249
106 74
133 351
261 211
89 459
208 415
226 28
18 404
347 157
309 265
101 72
349 492
274 296
125 366
187 277
145 242
412 62
439 26
342 98
498 17
114 307
185 202
28 81
324 221
41 300
317 235
411 248
324 129
350 357
447 245
316 234
474 71
28 385
460 324
180 301
480 422
307 165
160 294
9 150
308 395
475 128
448 50
327 434
287 109
466 409
297 183
363 489
27 469
172 113
322 270
404 195
121 96
447 381
233 490
51 250
199 432
413 272
292 241
463 353
284 474
203 378
397 78
344 414
225 453
214 102
315 435
247 139
18 374
110 296
315 417
288 359
17 272
95 280
360 225
164 219
118 412
404 370
42 118
415 329
62 28
331 77
41 374
312 367
92 84
168 366
386 315
150 157
371 221
488 395
169 382
196 9
124 5
349 94
216 395
151 211
17 292
331 276
339 5
60 148
306 204
187 91
48 369
404 107
349 288
95 488
305 426
96 12
223 469
227 117
226 433
430 296
372 282
240 468
199 370
338 422
326 342
251 444
114 384
82 88
198 96
482 291
277 385
410 234
378 432
247 224
168 320
9 364
304 131
187 476
126 46
222 398
12 472
249 138
482 2
265 204
488 82
160 63
23 157
5 184
480 261
378 320
127 155
450 251
88 225
89 444
144 183
226 281
140 331
148 271
183 336
444 123
115 125
121 23
371 106
447 454
391 142
73 488
353 209
35 435
157 140
493 74
467 486
91 495
465 444
70 333
24 365
17 475
4 223
213 119
499 49
138 274
63 113
48 424
394 457
189 437
373 307
238 101
64 248
286 281
256 322
156 356
429 355
393 149
316 406
273 85
61 287
368 357
320 431
419 420
51 56
373 180
228 367
434 304
82 283
488 155
72 47
211 28
419 72
201 401
121 338
176 431
355 452
73 217
377 298
11 3
165 269
211 253
238 409
309 132
62 257
399 402
329 126
132 283
201 374
498 452
353 306
121 369
225 351
486 34
117 188
373 18
126 54
103 162
237 147
111 142
414 153
219 375
440 335
290 455
175 488
363 419
232 179
285 275
446 70
444 363
85 8
90 125
464 319
298 497
104 144
443 162
362 158
40 107
166 293
236 89
98 151
458 283
82 206
252 418
249 305
244 406
405 90
414 58
373 324
165 33
254 178
256 265
390 463
95 310
12 465
317 211
74 169
164 167
73 183
396 433
280 133
310 438
74 29
388 19
49 461
14 294
224 235
392 90
411 169
93 413
25 261
158 217
447 61
475 500
345 302
305 420
450 463
185 170
126 301
147 327
411 485
171 304
239 196
300 475
299 303
100 495
371 411
333 70
354 139
154 152
333 41
317 88
121 433
168 252
143 268
297 441
291 415
53 73
122 60
112 342
263 385
304 451
243 108
175 211
426 317
46 21
338 448
252 207
176 171
235 141
428 443
165 414
467 356
74 466
285 218
453 118
473 161
272 256
330 472
1 152
493 95
436 44
201 236
56 101
22 244
91 284
61 13
221 493
476 500
299 94
451 467
397 4
292 7
27 84
480 149
223 314
359 304
371 417
216 7
215 450
160 237
126 311
129 85
136 266
71 469
220 114
33 319
188 96
104 200
111 102
412 307
148 259
310 3
274 159
158 127
377 92
261 410
301 357
404 408
366 362
129 20
276 278
437 133
330 406
489 132
467 183
59 267
320 108
29 69
436 215
297 59
316 374
446 141
78 346
335 356
466 446
500 296
119 447
226 353
146 124
213 24
271 52
497 368
489 161
334 147
41 99
486 461
133 494
79 408
431 109
407 106
430 271
333 233
200 272
213 145
211 188
309 230
121 390
466 127
225 10
333 105
439 323
61 388
294 442
65 180
62 459
249 426
478 26
219 205
345 18
207 237
163 237
337 422
225 307
18 107
197 266
7 84
433 23
458 279
14 259
383 424
119 27
356 191
277 499
435 76
42 362
307 248
242 463
264 396
394 378
153 213
76 415
455 454
145 68
495 52
71 232
284 270
384 93
346 373
94 18
471 398
35 45
302 250
107 232
174 149
77 310
160 278
430 487
22 311
246 29
115 103
13 253
409 356
158 456
390 402
390 270
51 273
328 308
166 40
477 217
357 364
460 249
64 84
419 376
226 342
479 237
100 291
373 126
180 334
71 139
287 58
2 342
250 33
185 234
61 176
254 359
342 93
484 6
461 232
146 139
284 402
194 476
35 465
419 372
153 357
180 321
39 384
483 171
488 137
71 173
209 199
462 374
437 2
401 167
125 392
481 223
301 395
36 402
58 222
194 336
218 85
416 27
141 355
495 249
161 500
53 78
127 398
373 200
274 341
348 200
183 472
119 354
145 24
351 298
451 345
450 224
379 255
276 174
327 151
167 173
219 264
190 271
395 271
270 116
68 122
264 180
487 68
93 476
119 10
121 390
145 305
408 337
31 366
153 96
268 425
242 56
273 65
341 349
316 312
325 294
67 493
223 382
411 166
276 219
224 191
148 74
203 147
119 312
468 96
131 203
276 103
269 262
150 303
167 496
237 308
427 214
352 40
498 58
310 391
257 401
459 329
413 479
174 40
476 228
323 139
131 49
344 162
235 246
292 148
34 33
287 194
115 122
94 52
133 149
212 334
350 445
398 408
412 221
9 194
8 424
41 316
234 268
207 98
259 404
259 32
92 142
388 95
148 486
368 168
61 383
336 237
3 205
220 75
163 185
419 128
376 16
82 163
348 382
325 294
458 130
483 484
241 106
58 326
484 448
169 102
296 396
163 489
325 214
206 459
500 438
481 5
464 424
70 312
395 10
194 330
295 25
43 301
31 277
96 77
406 334
195 426
199 259
122 352
285 429
294 26
475 419
499 178
300 409
76 50
4 190
337 14
115 450
373 158
76 261
5 409
382 351
152 336
329 202
90 164
139 384
181 150
194 262
495 348
153 71
265 87
173 429
375 122
210 114
412 33
427 455
162 214
311 438
425 387
124 411
194 291
132 52
413 465
34 59
148 389
180 210
135 63
200 110
137 3
375 48
285 61
427 246
479 305
295 426
205 310
94 473
155 297
70 135
31 46
33 432
432 11
492 222
237 197
393 58
319 213
480 400
452 221
100 241
235 250
280 485
63 4
73 450
147 226
195 149
252 276
465 348
364 74
437 222
177 399
278 461
262 453
118 289
67 360
145 324
145 310
272 424
119 341
44 209
265 312
16 193
328 489
280 357
68 223
280 431
103 243
413 19
188 11
380 290
88 246
399 332
444 179
284 495
492 229
214 460
496 334
239 480
109 95
471 254
261 30
6 172
337 142
367 243
213 263
442 63
401 465
234 483
65 336
12 272
265 295
146 69
170 286
163 490
257 185
19 445
81 349
397 194
379 296
66 221
337 405
132 447
200 326
338 275
179 84
364 187
308 41
8 481
202 486
349 1
69 133
326 263
272 209
449 170
223 386
159 121
197 289
89 205
70 351
407 211
259 112
244 143
6 226
66 498
87 449
473 262
445 87
85 420
141 305
492 391
54 398
165 229
308 332
385 384
383 10
331 146
444 478
383 398
154 388
458 135
201 493
98 242
326 348
10 372
393 130
254 212
251 90
228 53
125 9
364 103
351 251
343 416
85 239
284 447
155 389
136 13
199 433
289 234
193 337
201 101
156 417
258 330
25 420
264 20
62 363
303 460
315 158
247 84
481 486
169 103
121 219
37 29
218 423
137 452
8 136
371 308
330 178
339 336
274 390
111 145
214 407
284 427
312 471
86 130
37 350
25 373
184 62
361 497
48 265
289 52
434 460
192 107
118 120
88 121
69 129
419 360
143 419
204 169
52 193
168 179
220 230
31 212
137 357
108 439
228 57
209 404
420 81
338 323
359 463
403 392
81 106
162 12
35 81
267 19
346 427
406 330
325 263
15 437
373 399
275 143
207 248
368 259
92 293
172 142
42 21
468 202
150 177
412 299
200 322
98 414
92 294
340 344
98 52
243 379
384 199
256 424
309 326
486 390
284 178
457 92
370 360
163 199
358 277
261 378
139 372
189 186
113 148
290 374
32 150
209 24
301 342
12 498
211 252
339 100
69 331
440 170
477 169
301 350
40 351
100 375
252 68
264 65
326 169
16 268
84 451
376 472
352 140
328 440
177 7
380 297
106 179
173 19
237 322
405 404
25 201
475 104
446 77
437 207
376 227
382 199
30 71
208 409
78 73
251 252
154 14
206 152
161 493
238 161
444 358
22 434
73 115
143 468
51 410
475 108
226 330
240 378
243 223
235 4
247 160
105 49
38 319
153 296
120 202
381 358
340 167
169 182
398 358
120 122
123 182
134 263
34 268
352 415
499 316
200 340
57 442
224 282
257 365
466 33
88 448
121 467
235 376
2 436
268 320
435 233
275 337
68 461
201 335
65 329
98 297
45 398
364 385
239 224
174 61
494 97
78 394
414 78
336 413
400 93
349 389
246 138
109 375
347 98
372 158
217 106
294 500
411 265
341 307
105 91
197 56
437 174
426 327
300 220
397 268
406 258
12 315
363 154
127 181
286 459
376 85
432 309
457 492
136 22
207 423
475 392
84 7
398 33
403 250
435 72
393 441
330 247
490 478
481 360
2 139
424 176
168 223
174 337
58 77
308 102
231 354
171 38
417 30
394 9
254 194
244 354
419 448
494 440
330 186
406 14
359 87
212 341
101 232
130 456
490 181
184 329
389 497
336 190
127 88
312 146
178 433
116 243
457 118
188 238
495 463
175 431
356 170
204 402
393 315
332 485
329 13
114 105
356 297
473 118
62 133
24 331
307 417
476 191
230 443
396 358
381 303
245 363
349 379
145 434
115 484
247 61
78 492
346 127
388 357
182 67
392 458
194 313
408 172
286 208
219 453
55 73
115 500
458 402
436 385
293 263
211 374
168 377
333 432
4 280
211 446
15 359
88 200
439 387
192 314
76 422
190 421
63 465
291 416
75 4
354 162
300 375
10 53
209 41
96 465
409 180
330 106
102 52
66 329
333 462
188 158
349 368
223 17
128 104
168 234
132 439
164 185
269 346
172 298
353 175
314 258
323 140
42 383
410 335
365 233
98 40
36 27
221 116
66 121
215 459
242 335
499 60
491 8
225 434
59 380
292 310
331 402
209 115
324 500
297 236
107 138
441 363
1 481
360 8
293 48
25 38
334 415
87 12
202 26
53 107
288 281
278 454
492 116
472 3
479 301
379 241
268 12
182 343
45 497
422 448
381 4
161 353
114 202
230 410
84 115
236 491
477 405
405 182
178 162
211 42
103 203
125 168
285 397
121 333
287 68
331 396
494 235
190 268
430 298
91 274
485 254
187 439
206 325
455 472
287 234
206 486
454 346
188 258
308 479
105 410
378 443
484 101
422 395
98 161
69 213
302 447
139 26
336 146
93 195
423 334
332 310
275 323
227 42
473 215
485 26
49 43
347 364
372 373
369 41
63 313
248 315
57 447
232 205
125 207
340 482
217 59
111 274
475 176
199 23
240 293
394 218
317 17
400 221
24 279
215 261
432 319
42 444
16 471
67 494
306 138
209 31
279 3
295 428
15 482
145 297
405 273
75 108
370 469
193 280
38 103
175 333
205 380
59 177
486 498
319 386
467 204
91 64
198 292
166 437
297 388
399 47
83 336
462 419
491 368
340 461
225 311
429 88
492 86
135 424
72 151
459 52
357 157
44 172
314 172
33 490
345 126
156 352
95 423
180 363
455 99
105 85
156 153
164 35
335 259
6 471
347 259
324 327
175 386
449 284
311 401
409 180
345 315
349 345
384 188
142 415
464 135
74 213
400 238
138 441
421 451
174 64
353 37
20 172
364 142
404 320
318 345
304 44
369 418
106 239
46 223
496 114
412 202
448 138
119 309
112 473
284 101
480 155
23 460
292 402
383 468
457 356
70 300
123 263
260 441
68 23
41 274
493 180
147 103
458 482
359 259
327 32
34 215
185 198
299 151
239 67
113 415
238 93
418 146
20 343
353 421
464 308
495 264
61 342
110 32
112 142
179 143
445 137
37 130
35 432
229 92
149 431
308 154
71 414
265 119
296 415
289 176
432 174
420 89
401 227
332 217
276 319
58 118
211 478
476 448
95 381
361 140
388 195
413 286
1 116
79 321
296 379
466 393
83 329
61 29
360 376
240 12
231 431
425 270
62 157
177 79
350 425
228 179
472 496
300 437
180 323
408 422
271 261
202 160
323 411
331 93
409 218
185 160
364 333
359 269
147 417
322 303
95 272
355 16
14 322
277 305
369 488
87 251
246 134
430 168
51 233
319 58
473 5
244 153
112 123
433 275
89 335
429 80
179 40
164 211
331 28
416 18
325 250
329 189
333 142
455 222
81 319
415 206
495 339
386 401
96 217
123 351
492 105
94 307
282 120
275 218
497 256
167 222
373 218
211 26
463 369
31 478
381 60
337 173
144 119
115 18
184 350
439 244
160 336
230 461
255 34
475 230
453 269
364 401
388 314
6 354
24 242
225 297
468 75
155 416
115 218
149 403
230 467
350 368
102 264
415 275
121 321
214 157
362 5
289 82
204 414
273 72
175 34
142 359
71 273
55 399
175 71
240 227
102 84
390 165
78 217
490 244
328 385
14 245
302 17
356 267
382 337
121 416
74 499
315 163
111 93
328 445
71 331
307 74
51 240
420 47
186 87
23 177
290 306
288 264
302 306
394 338
339 49
21 274
94 299
334 32
232 145
318 231
494 243
152 421
415 209
72 325
262 362
310 58
83 452
382 117
413 467
409 44
140 57
234 210
6 164
214 363
390 253
104 14
161 17
464 57
432 476
250 64
293 146
350 230
411 229
74 299
288 130
392 270
406 345
274 153
331 373
158 2
74 121
71 474
331 28
400 326
40 455
431 77
188 273
462 426
144 298
153 151
226 272
296 245
96 427
475 33
301 451
107 488
183 453
308 161
233 190
382 494
33 13
304 97
48 360
326 22
358 223
308 206
148 229
100 65
260 396
301 380
294 441
307 149
255 453
114 83
135 365
209 401
267 472
495 350
412 312
159 8
38 383
330 414
479 343
283 98
217 211
81 483
481 402
305 272
6 402
170 333
177 409
59 291
324 131
167 233
264 174
326 323
308 238
209 499
481 172
382 355
66 427
474 329
116 209
247 223
331 305
4 115
110 415
359 414
339 437
72 143
138 69
111 250
79 310
325 385
155 189
11 156
188 265
455 172
368 384
156 68
150 402
218 443
319 219
129 44
365 33
53 365
60 494
324 481
348 158
231 258
150 496
51 196
345 474
63 428
458 36
491 7
207 165
200 129
32 312
41 150
298 489
145 45
192 272
165 479
444 198
480 174
338 209
2 419
482 477
145 468
294 257
134 449
30 485
302 435
280 195
330 445
355 401
63 408
333 298
161 228
129 308
385 384
185 151
169 83
456 311
150 17
447 413
347 309
107 39
412 484
36 143
273 378
457 28
478 463
285 273
286 141
232 53
79 362
37 400
292 163
275 93
269 27
146 141
174 90
136 4
260 64
400 125
453 101
166 323
417 305
79 175
24 316
50 414
42 489
131 200
486 197
402 277
26 435
126 129
301 466
457 78
131 459
447 485
360 36
201 222
252 19
300 363
76 364
10 29
490 463
475 385
293 343
91 179
303 66
355 287
106 157
258 372
333 235
195 115
36 77
343 403
228 264
422 265
101 392
166 182
305 270
461 205
184 215
418 279
33 197
109 276
364 500
127 315
392 431
402 168
68 438
381 142
64 208
482 339
366 35
326 162
189 162
168 476
411 406
45 159
64 340
1 58
494 294
54 297
392 399
278 146
291 266
452 328
279 284
37 4
195 143
387 310
444 392
89 308
385 88
135 194
133 341
398 154
226 378
361 145
216 328
358 364
19 393
263 475
422 300
9 254
55 146
247 194
400 169
277 179
274 236
101 179
316 418
208 97
34 160
333 210
438 392
436 324
129 332
297 201
328 490
63 136
94 152
283 459
23 470
207 180
145 71
80 246
208 78
357 130
184 471
246 106
191 110
405 392
215 77
175 364
304 286
383 32
443 461
299 442
482 413
79 18
122 479
26 370
241 299
425 473
288 62
73 279
456 87
416 78
358 61
270 206
139 293
118 459
339 78
489 356
313 290
107 5
354 444
122 21
479 434
100 491
90 283
59 241
398 318
386 25
199 315
425 273
281 489
76 318
97 37
382 427
372 259
154 261
394 321
63 68
87 437
401 55
173 27
14 120
331 43
219 417
146 381
256 403
16 174
336 182
404 389
192 223
98 486
125 177
315 491
481 407
478 139
233 393
248 66
435 100
338 340
381 62
479 400
455 428
402 242
392 76
151 301
289 421
34 329
451 440
50 192
389 134
303 141
202 80
481 280
222 164
150 173
302 118
222 310
402 436
194 104
385 301
18 179
11 12
90 246
221 223
384 203
408 323
377 124
186 227
473 232
77 126
229 321
407 422
270 150
367 304
442 255
144 211
466 388
441 467
19 90
251 98
476 48
343 469
465 471
331 274
272 381
267 91
84 479
24 297
395 238
145 188
372 15
419 229
272 210
409 483
181 363
447 306
31 284
406 432
300 21
167 334
222 448
451 174
222 83
437 115
231 413
295 295
102 201
405 352
336 500
102 18
435 455
383 483
408 220
342 440
308 374
221 465
15 339
67 496
271 173
270 58
287 165
94 425
76 407
296 178
87 179
460 326
424 426
114 431
109 271
281 64
339 292
355 253
279 474
38 389
215 111
245 53
422 361
347 88
278 85
48 203
112 108
255 105
359 30
333 250
73 408
183 25
87 417
299 274
239 239
323 485
378 420
485 210
441 482
471 439
72 462
480 229
356 417
125 451
398 115
137 326
473 500
392 280
453 418
434 241
224 487
185 416
413 282
181 447
132 350
98 280
423 234
274 25
405 256
174 309
266 81
253 37
168 348
449 283
248 467
97 288
376 432
462 320
486 161
93 287
401 136
333 22
221 321
68 152
350 466
317 377
456 210
387 20
207 86
219 325
5 330
492 439
14 215
186 144
337 467
302 239
178 91
239 51
110 201
195 442
371 436
201 114
491 160
58 126
442 19
488 110
165 200
403 102
12 302
58 96
429 383
496 471
300 28
150 80
485 99
472 208
407 391
105 255
380 164
108 92
293 72
131 395
282 274
431 206
267 304
91 363
79 121
321 480
427 141
91 101
182 91
106 428
352 420
477 395
182 444
485 490
347 452
319 19
299 114
291 20
392 218
334 47
262 8
33 400
427 59
222 159
211 190
15 41
33 318
498 186
17 87
235 445
281 154
140 191
40 410
450 114
460 368
149 88
189 459
359 120
44 172
482 409
426 260
431 142
473 303
383 186
496 131
215 442
302 433
112 274
231 132
254 223
15 447
274 310
415 64
70 119
255 133
237 296
178 352
462 265
236 222
367 11
89 430
387 278
48 99
463 302
81 204
66 468
361 238
64 119
329 230
50 299
412 30
341 238
471 9
69 200
223 498
426 383
246 298
335 174
453 137
34 466
333 235
214 391
452 447
312 465
363 267
360 283
95 11
244 154
417 274
53 294
18 430
252 407
495 353
293 220
109 309
375 324
157 287
19 233
173 482
298 413
443 380
373 209
279 192
483 135
203 440
363 308
38 271
325 476
57 450
38 475
303 370
34 368
242 212
286 348
420 92
211 62
18 189
288 187
116 208
65 27
391 288
260 273
479 36
42 281
389 433
95 394
386 82
26 120
328 57
478 447
453 59
314 37
416 79
155 319
313 151
181 44
66 125
91 97
83 276
139 481
86 325
144 441
32 92
462 227
281 443
431 104
474 115
450 147
46 484
173 2
153 472
329 256
269 158
212 363
439 379
233 428
42 303
40 449
437 284
110 285
114 257
443 364
63 21
127 383
65 114
149 393
336 434
138 383
87 120
370 134
155 362
263 300
126 127
305 381
315 346
463 238
151 23
288 405
226 24
96 9
102 223
216 22
341 149
338 305
70 473
415 417
152 80
26 147
431 260
306 28
167 211
389 457
262 327
410 447
66 382
38 132
307 31
386 70
483 144
10 171
176 233
416 41
178 219
439 166
5 47
42 30
200 61
437 130
321 464
316 10
338 16
422 401
463 6
33 168
50 457
449 490
478 68
38 68
20 124
335 190
344 283
211 291
112 477
117 453
285 81
93 454
82 27
150 37
69 366
45 363
234 48
368 303
158 224
486 326
438 329
370 280
324 208
350 378
386 67
104 91
466 310
13 387
168 280
391 289
68 434
248 171
27 341
87 13
464 105
31 241
473 110
282 198
443 299
143 439
62 372
310 394
336 87
274 451
90 55
120 295
92 256
225 453
244 395
43 421
481 115
205 199
98 496
36 59
486 71
392 337
186 324
293 247
245 421
492 238
412 468
26 7
224 381
71 233
129 322
51 234
388 237
63 316
161 287
81 3
318 200
137 453
143 304
376 42
108 117
282 232
367 237
456 34
271 75
409 460
412 403
463 224
416 119
219 437
112 235
228 83
312 171
48 172
433 334
7 76
466 339
221 239
296 282
266 199
54 76
288 234
371 111
393 442
64 44
397 55
324 180
15 416
253 419
34 140
233 324
160 236
246 458
356 80
149 485
193 397
99 127
278 76
46 173
464 35
104 450
279 153
14 78
324 247
255 128
239 109
488 413
114 84
41 155
213 463
247 4
197 56
201 1
131 153
377 305
356 150
464 444
377 368
312 337
466 122
280 9
283 27
190 59
190 265
194 78
351 129
352 19
295 22
15 65
203 173
324 28
185 430
211 385
269 470
386 432
463 101
443 233
461 94
482 265
46 254
219 22
98 424
27 368
412 2
381 181
164 210
264 90
497 116
90 157
206 252
459 22
480 125
256 438
123 223
476 42
156 26
365 101
454 135
422 3
430 416
33 251
54 331
178 289
467 11
190 113
83 230
108 463
208 44
195 214
197 442
128 214
188 396
366 184
184 194
373 158
307 240
415 202
474 98
168 163
216 104
31 83
244 228
491 497
175 13
220 103
378 424
117 339
170 6
267 494
282 436
385 12
468 275
47 404
395 68
259 104
213 447
136 56
326 139
331 241
176 58
111 258
122 202
397 488
152 448
219 127
322 388
121 264
176 310
166 327
406 124
316 158
73 159
126 410
113 55
60 458
39 74
426 325
41 253
203 12
29 447
4 344
162 214
172 333
434 454
488 294
446 307
19 440
343 452
95 278
459 362
405 112
100 435
165 384
349 445
303 269
96 132
402 271
193 451
144 333
422 95
135 361
98 491
33 293
416 380
212 455
480 474
463 364
234 447
477 17
467 111
453 323
51 314
435 458
350 338
413 144
244 117
207 332
440 131
475 107
491 72
454 280
276 480
441 39
399 306
88 83
231 465
199 57
383 199
13 386
119 392
42 351
322 211
301 6
191 353
348 113
282 116
98 177
154 177
204 3
89 320
481 442
331 340
393 382
250 322
103 201
215 310
182 469
358 11
386 416
388 292
208 358
1 96
192 487
73 419
394 199
446 111
255 269
76 283
86 1
353 307
145 445
354 265
301 477
139 291
58 207
256 189
366 352
486 372
121 277
121 422
279 125
75 329
191 225
19 193
310 258
368 417
409 183
260 23
484 301
112 283
33 261
158 92
486 75
210 49
228 364
227 280
135 314
246 189
229 341
193 123
225 235
234 178
72 252
133 153
239 232
102 98
381 319
47 233
235 460
75 472
49 47
135 463
312 206
63 498
67 1
299 378
396 93
66 54
150 95
461 328
432 137
478 180
292 146
349 245
198 81
199 19
76 189
21 53
74 355
20 231
347 359
335 269
367 490
12 125
108 327
189 327
59 74
247 238
151 403
5 176
87 232
445 117
213 293
54 317
178 39
5 310
183 157
109 24
198 316
101 275
128 284
360 128
189 121
178 289
208 179
64 489
246 145
206 169
404 484
356 111
483 246
194 373
22 62
494 175
282 469
461 188
449 333
445 206
113 254
449 333
411 380
156 191
381 127
442 93
468 265
289 353
476 186
160 76
365 222
471 222
155 205
386 234
76 283
203 474
147 150
411 434
263 18
300 398
228 391
449 332
22 35
79 394
312 484
94 16
419 367
68 6
353 120
222 245
120 234
10 194
194 159
228 158
473 84
457 64
324 338
190 374
47 25
166 328
410 357
495 187
188 38
199 319
208 59
291 244
354 348
43 372
268 248
293 345
472 62
180 140
218 59
255 57
425 380
483 11
79 465
278 460
1 1
248 59
445 26
6 488
145 489
55 40
463 298
343 346
353 99
170 246
129 308
482 367
40 396
66 457
405 384
245 417
284 226
433 370
130 92
80 444
325 296
484 247
350 143
98 395
54 292
289 94
205 359
283 318
152 482
244 462
187 275
334 217
80 51
222 301
117 456
260 354
205 388
416 205
233 152
214 177
28 27
154 212
371 246
273 230
73 119
380 296
234 178
473 194
29 214
180 476
357 277
383 262
327 191
162 272
87 242
466 38
51 67
375 261
404 326
83 153
439 281
173 43
118 221
309 186
258 174
297 211
200 277
74 389
477 214
60 367
350 499
23 41
140 262
300 299
232 408
405 306
115 63
220 132
193 197
104 415
454 414
328 306
319 67
119 366
202 125
106 431
72 493
166 65
297 411
346 340
260 470
25 292
331 37
249 246
466 398
91 346
21 84
365 186
429 184
191 434
382 137
204 19
495 72
384 390
129 262
379 90
224 342
307 407
344 120
27 31
313 201
301 395
320 420
243 45
132 283
245 464
187 164
28 229
286 75
405 463
435 84
487 57
382 228
153 282
197 316
331 229
294 216
310 362
38 202
464 421
278 452
214 284
270 286
349 383
130 111
445 435
25 446
241 335
454 362
155 293
428 10
231 214
14 299
152 240
34 25
496 345
430 458
227 232
414 395
275 22
67 279
76 100
142 191
440 481
32 401
408 117
252 357
61 338
292 123
187 63
60 282
190 232
290 47
480 13
460 216
212 62
328 41
185 247
374 366
496 463
59 274
192 365
423 96
469 267
333 321
48 431
461 144
2 269
100 186
318 289
280 156
54 360
270 205
381 484
461 304
360 86
321 229
174 350
273 35
90 324
370 331
275 190
44 394
260 126
243 493
47 60
132 5
213 160
103 96
117 271
486 101
112 142
7 387
267 12
9 357
407 416
391 272
103 283
16 386
463 66
86 462
38 309
180 414
418 258
430 151
138 102
53 135
176 422
458 236
343 18
286 222
420 30
99 295
368 52
149 55
286 156
190 142
365 415
323 2
17 20
277 157
498 174
379 429
174 188
77 312
131 58
139 466
132 488
399 345
400 294
271 476
428 226
101 277
382 344
69 412
232 265
290 307
107 66
446 147
290 245
435 471
411 194
488 296
264 275
460 331
223 17
339 193
145 352
63 58
61 367
305 94
275 249
321 356
116 344
243 252
73 244
89 25
133 264
484 449
393 423
259 35
353 58
453 419
160 396
355 184
106 194
202 42
226 387
490 145
438 464
212 88
246 190
155 260
74 149
321 429
5 132
198 424
92 347
478 106
474 258
438 20
377 134
66 200
177 277
325 356
105 244
237 334
12 149
358 453
316 46
425 202
296 103
429 159
288 256
332 463
436 58
172 391
183 39
393 343
60 240
336 441
131 44
59 202
38 342
145 283
107 177
164 279
407 474
445 445
140 164
379 420
320 238
363 387
416 190
257 176
39 245
190 346
171 311
337 450
268 181
33 500
429 214
234 129
429 238
415 128
212 47
172 392
38 415
200 381
2 11
182 412
181 50
394 427
374 492
111 85
91 422
137 300
381 496
295 28
175 179
37 214
300 30
350 79
128 56
471 151
55 458
435 128
172 475
466 354
493 32
381 97
181 126
382 56
9 463
479 114
386 71
213 357
192 158
166 377
19 15
402 253
351 123
328 370
384 368
346 78
459 444
381 101
238 429
247 75
476 213
490 84
95 486
69 270
439 413
306 387
235 246
178 170
278 137
207 417
133 420
346 325
281 431
266 365
387 182
152 197
390 170
488 23
157 466
293 155
61 467
333 472
9 424
291 92
156 402
189 17
385 218
406 97
429 106
394 172
371 218
457 189
317 112
107 55
114 308
303 324
39 42
445 490
225 95
470 267
369 137
86 404
126 346
238 82
350 452
337 127
375 20
171 10
395 456
364 74
232 63
317 466
443 163
32 97
27 298
330 99
457 275
328 386
189 147
145 475
218 492
280 304
97 281
112 475
208 55
5 471
455 262
81 223
466 430
113 1
439 304
430 275
85 40
366 336
192 158
247 162
217 474
330 114
52 294
334 118
334 11
489 36
115 10
154 94
489 386
499 386
12 340
486 227
451 80
244 396
361 151
371 187
259 455
268 293
361 470
98 245
335 88
27 261
253 486
184 395
80 490
82 74
268 124
74 475
366 19
335 61
431 467
19 357
131 198
468 133
363 429
204 447
129 75
252 470
227 77
97 134
158 26
124 443
480 465
29 23
14 11
442 81
240 269
314 31
283 159
211 473
345 217
370 332
312 77
129 141
3 68
365 50
445 308
66 170
96 110
254 147
226 340
295 9
126 157
54 37
194 79
113 413
162 487
322 225
343 246
453 329
99 256
290 52
298 11
306 451
343 392
421 50
185 153
23 172
248 139
493 360
321 158
76 250
479 467
489 89
291 256
183 36
84 478
88 240
260 197
250 458
109 317
266 466
15 264
333 367
273 313
29 382
64 284
41 61
133 84
181 452
139 139
307 106
124 198
387 483
106 207
270 464
151 157
287 438
199 477
134 118
85 368
224 235
181 468
378 34
361 373
419 443
234 225
391 252
180 262
156 453
126 486
493 474
79 437
46 138
80 297
304 224
246 154
323 222
74 488
187 388
140 224
125 283
450 374
238 342
228 375
24 325
99 9
253 435
326 392
314 5
53 242
276 324
410 483
283 188
476 472
350 411
175 96
35 454
322 386
213 356
217 465
311 402
134 289
116 266
304 469
127 48
38 225
485 6
438 464
175 236
382 411
198 362
100 73
388 67
5 388
474 410
21 459
245 190
102 94
417 210
152 395
415 390
276 370
200 466
266 216
5 445
267 63
225 165
266 57
359 475
420 126
167 123
408 71
278 407
95 99
162 264
107 449
21 82
186 316
94 318
420 472
45 392
20 439
90 186
496 198
446 418
209 405
9 467
443 257
228 75
147 398
44 290
415 228
4 413
352 462
297 232
358 488
366 454
308 248
416 228
490 16
388 428
29 222
108 175
373 234
186 412
417 315
256 464
210 247
457 257
36 266
404 170
331 488
52 162
226 186
312 359
75 389
390 137
205 43
303 365
411 177
29 227
198 158
38 196
51 458
88 257
447 325
187 297
175 181
218 22
82 251
110 382
337 344
494 356
41 298
350 51
458 231
283 299
431 424
111 350
133 39
383 404
264 171
107 474
315 328
464 121
367 360
97 137
247 441
22 462
372 417
410 481
166 233
336 330
309 467
488 305
108 100
319 178
308 185
248 155
210 257
478 93
458 193
42 103
371 327
337 366
493 272
92 477
269 429
306 403
460 99
217 57
161 32
353 342
307 461
133 419
351 336
474 424
450 171
379 166
133 221
83 254
140 95
23 330
365 434
325 227
95 11
282 387
58 236
228 37
393 2
114 183
219 377
165 423
494 275
280 112
6 299
368 311
107 421
342 112
230 436
232 342
266 239
142 158
64 442
191 49
154 455
305 290
115 34
387 153
499 369
286 198
127 245
365 309
374 366
315 54
216 99
170 159
459 178
344 37
126 217
483 414
461 159
177 319
50 36
365 89
80 39
101 49
59 226
402 115
249 240
317 390
231 125
389 291
59 451
94 148
34 387
72 472
120 18
198 262
312 56
403 183
292 271
416 34
58 199
9 80
8 40
247 452
218 422
235 145
469 404
248 86
39 208
307 242
216 292
76 224
84 115
182 67
399 488
486 485
334 453
89 413
26 243
183 327
14 470
90 193
25 308
206 374
104 213
441 197
126 1
214 265
240 7
325 41
151 35
120 250
165 332
472 350
197 289
261 181
458 428
310 73
75 209
433 144
474 92
360 129
462 42
293 160
495 381
283 395
463 35
243 388
315 184
375 304
18 74
109 315
89 73
482 301
141 78
22 115
268 109
302 116
41 198
224 212
379 51
304 101
471 113
43 417
343 67
420 499
34 245
494 86
110 388
159 417
370 464
272 323
372 418
484 199
252 269
170 63
20 125
117 341
202 245
441 76
358 286
173 152
495 135
264 161
315 381
435 20
497 45
474 64
314 43
410 181
337 187
475 169
126 170
260 358
272 298
152 260
24 241
68 486
483 284
26 22
206 470
244 89
407 285
420 143
44 292
195 403
70 143
490 128
472 263
349 285
254 150
380 265
392 50
163 192
206 335
401 238
322 380
311 360
283 122
131 258
37 11
38 57
302 156
351 243
394 415
81 299
318 423
49 290
260 215
234 72
491 272
204 410
66 417
269 159
162 74
94 224
411 498
312 139
423 353
156 424
499 48
103 465
87 381
355 392
368 465
462 40
224 37
387 175
310 27
317 303
315 202
370 156
334 135
215 125
106 316
422 3
461 449
349 25
23 291
401 87
55 140
256 213
411 20
46 33
22 265
190 459
44 376
492 31
16 496
158 277
97 224
88 41
300 192
171 408
55 82
319 324
129 231
356 133
387 410
382 439
10 170
233 9
126 463
317 461
76 481
157 42
333 146
415 93
47 203
308 175
246 390
268 45
276 146
238 270
51 447
383 295
277 272
422 104
15 322
69 273
243 233
485 277
29 447
26 284
147 49
446 471
240 428
363 448
466 366
287 443
411 118
495 60
124 278
70 437
205 146
254 237
76 105
3 394
450 401
167 328
462 498
4 491
442 268
363 56
67 201
172 437
247 41
250 286
51 186
70 366
31 363
461 219
303 256
70 205
477 360
177 370
114 123
154 332
292 464
477 157
194 174
409 156
127 432
234 69
439 273
150 1
20 475
142 50
325 27
289 74
297 2
470 243
126 287
409 252
477 193
250 311
102 42
428 131
329 158
355 366
280 268
134 225
228 13
14 34
265 493
458 101
120 81
14 53
144 350
153 435
19 317
286 20
362 200
226 288
259 352
251 18
204 284
136 330
188 203
38 283
472 143
487 11
308 210
34 497
144 349
395 218
450 1
85 182
272 385
161 167
485 161
124 148
487 206
48 202
45 400
245 257
314 245
314 376
348 293
232 150
250 167
411 131
410 402
58 169
252 68
348 177
161 421
327 296
174 88
257 89
6 108
268 238
29 491
496 400
16 108
83 362
259 111
31 438
326 467
266 358
96 313
272 402
300 244
295 143
310 103
245 316
355 426
386 215
63 181
180 391
386 486
198 290
452 313
195 412
190 338
144 439
459 226
237 379
303 69
336 406
226 394
211 301
352 359
17 64
428 227
266 337
450 281
107 11
410 432
245 337
322 230
32 382
236 92
252 156
179 234
296 70
351 20
484 171
346 235
277 243
465 228
46 444
279 137
371 354
378 488
111 182
32 394
51 213
74 293
160 469
403 466
482 495
425 110
413 477
118 22
457 214
138 109
384 135
448 359
241 359
61 175
27 389
21 30
130 244
458 484
479 37
45 270
153 406
140 466
498 38
208 12
382 320
271 52
152 400
395 14
230 85
267 145
388 88
145 478
111 461
148 4
12 73
331 14
234 436
133 316
147 175
231 281
227 188
314 86
143 481
103 435
106 271
30 376
43 485
479 340
146 424
172 127
453 217
492 451
78 148
410 196
197 403
467 440
194 62
178 316
369 217
293 199
419 260
135 133
437 1
436 472
131 252
33 209
324 61
237 95
53 423
121 422
171 225
430 167
415 391
267 24
238 353
341 148
50 488
462 6
57 245
331 275
252 224
328 158
346 381
236 40
259 181
111 206
110 407
98 345
103 186
347 148
122 132
197 397
206 77
87 375
478 262
10 490
215 267
122 358
356 151
69 150
42 133
90 30
295 458
233 184
210 445
71 287
138 53
259 262
76 470
78 154
80 417
212 291
241 65
198 31
381 94
178 218
464 364
368 277
482 412
451 466
104 414
372 450
163 281
79 197
461 322
55 369
124 54
488 348
264 218
27 17
493 395
406 484
355 166
488 46
158 357
41 77
16 482
355 330
471 399
497 267
489 161
246 496
453 162
440 59
475 68
183 366
259 120
93 197
274 227
172 12
290 154
450 229
297 399
310 242
368 424
145 152
210 123
302 320
427 46
98 57
387 62
188 290
337 188
282 14
316 300
267 304
328 426
130 245
56 143
6 199
244 261
284 402
120 90
265 223
130 279
282 479
85 413
362 376
459 430
101 188
299 105
411 325
313 204
254 481
476 425
106 487
84 24
497 43
224 321
153 104
482 296
77 472
389 175
494 155
321 431
426 417
9 441
357 335
81 7
85 110
277 91
424 234
396 10
70 478
77 177
359 332
276 82
68 437
254 207
260 492
221 442
163 469
249 87
258 347
87 278
264 487
447 352
28 277
316 283
22 373
365 91
306 232
126 121
213 79
411 465
40 209
26 81
229 19
6 63
140 365
12 240
454 277
37 62
157 456
87 288
51 384
112 425
192 198
62 433
124 42
489 366
80 348
356 456
417 127
224 209
363 182
246 180
23 407
220 491
4 214
397 300
263 191
110 267
417 351
44 21
104 94
285 278
316 5
75 146
417 410
483 14
197 325
58 91
327 293
370 165
325 111
461 240
276 245
202 242
119 151
101 164
234 360
410 446
500 486
144 259
161 275
271 133
10 205
106 212
347 156
349 286
12 364
223 351
168 165
5 51
263 410
390 228
22 174
226 322
437 439
444 157
229 460
444 172
295 236
311 296
361 15
122 5
350 208
375 16
48 23
487 379
143 246
454 187
125 296
361 58
8 286
22 51
26 41
85 404
101 56
123 4
1 180
246 299
433 65
228 140
137 428
274 190
176 300
216 137
472 22
27 244
382 461
61 278
360 424
424 430
63 295
343 182
32 94
331 442
320 391
341 462
84 385
44 54
174 359
449 392
379 265
25 59
206 233
299 271
93 131
483 370
296 139
180 320
86 212
296 175
39 404
303 476
214 430
446 67
68 23
199 171
68 403
58 382
229 34
440 486
114 169
370 24
197 288
126 351
45 6
67 495
238 131
492 447
225 51
258 451
95 390
263 131
138 85
336 276
67 134
133 128
222 259
57 289
29 398
43 493
23 107
371 245
268 22
290 149
356 282
340 262
62 20
126 428
415 34
312 443
156 389
263 317
359 181
232 29
380 383
14 408
275 42
146 481
73 449
106 108
401 140
141 395
458 65
138 376
18 42
400 48
308 466
201 362
181 172
130 498
89 479
80 222
475 175
391 211
119 478
160 259
59 313
377 365
238 488
262 217
259 198
237 320
310 398
336 318
46 256
375 445
133 293
298 341
162 273
149 335
366 336
415 269
234 28
484 178
301 297
408 76
352 414
144 479
336 282
461 198
295 20
482 282
103 1
130 55
307 6
104 332
31 142
296 397
275 165
81 106
466 477
299 259
401 259
31 166
189 23
144 206
175 347
470 95
96 111
4 192
109 258
437 372
195 119
306 335
323 468
345 426
51 115
249 476
196 400
306 495
497 407
106 118
329 229
300 222
134 255
102 80
379 283
493 456
321 224
220 347
67 78
473 97
90 311
170 182
391 375
146 265
77 204
360 244
167 479
390 20
88 409
165 255
113 430
276 256
457 216
184 480
448 123
151 462
395 269
225 499
244 296
152 65
407 275
188 155
444 426
11 193
490 389
464 296
425 369
45 183
44 232
339 149
255 327
29 131
184 244
461 188
5 431
246 177
41 316
410 32
92 140
176 103
324 472
2 28
485 380
228 389
268 92
50 259
226 350
394 337
425 368
64 88
18 415
489 270
369 308
248 158
136 12
80 112
338 104
39 5
375 349
94 221
34 268
448 316
217 349
376 109
385 488
396 416
359 70
462 469
318 441
19 180
91 436
181 173
374 21
249 481
133 320
381 88
91 9
53 478
222 270
240 449
330 384
39 417
212 210
84 68
417 421
236 52
175 299
184 52
161 332
282 86
230 347
465 265
381 56
443 96
10 121
282 377
333 76
484 327
35 300
366 216
452 461
150 97
414 444
321 79
417 277
389 415
117 376
193 371
19 379
170 167
385 37
198 371
294 437
90 298
168 315
296 466
211 301
438 119
308 471
38 392
57 265
93 286
315 425
103 32
400 259
67 22
32 253
184 29
302 323
124 138
15 338
279 87
417 130
341 113
224 264
482 210
355 218
107 163
487 267
161 409
299 459
488 101
75 409
204 172
168 334
431 62
492 25
61 319
223 266
490 484
250 68
209 283
309 62
70 33
93 227
278 402
191 431
215 271
33 97
150 231
133 368
52 140
335 486
248 239
159 7
431 409
121 191
461 71
345 220
16 204
288 256
120 442
260 189
322 469
327 476
110 236
82 278
269 239
339 147
59 138
262 496
369 493
162 327
351 399
319 130
146 222
233 370
11 181
101 336
99 359
89 20
84 153
77 193
403 258
154 149
283 150
232 225
59 257
11 92
110 302
198 174
133 326
61 370
316 479
469 127
276 458
34 165
292 175
470 136
98 185
142 170
470 230
245 45
19 13
408 115
465 424
71 457
235 246
261 479
397 365
433 276
102 12
332 321
376 256
241 169
207 358
131 406
439 97
37 257
15 366
231 116
358 187
221 3
41 337
148 282
316 192
26 172
431 386
27 213
135 435
467 376
51 96
490 136
9 135
416 450
382 475
477 257
11 135
433 121
369 472
387 438
114 443
209 449
196 144
330 472
280 491
106 182
215 111
349 103
470 30
441 47
231 465
173 225
121 494
116 178
87 95
78 136
111 392
73 229
176 286
205 81
103 490
420 108
144 421
489 415
18 189
112 420
100 365
491 10
71 477
356 384
289 373
278 34
385 167
157 268
72 456
260 72
31 299
247 99
425 84
34 319
322 43
99 76
336 95
344 214
415 169
26 93
408 243
154 341
262 266
197 221
368 458
410 100
338 437
432 459
497 387
18 129
110 487
352 452
45 242
162 418
382 414
192 361
143 495
79 473
390 365
276 486
256 163
242 346
193 289
435 133
352 344
117 317
478 126
324 219
296 308
12 414
498 481
160 251
5 66
146 393
130 102
326 206
142 100
119 425
337 138
496 127
261 224
241 210
344 92
261 409
153 280
107 416
312 233
22 188
65 325
60 304
321 27
413 88
256 179
16 439
21 71
127 486
438 71
201 92
240 401
417 9
220 414
98 127
185 5
215 192
6 170
76 264
413 467
335 45
278 188
178 390
39 264
304 50
431 92
435 354
126 135
147 395
410 92
228 341
272 330
459 87
348 63
463 488
13 449
104 477
309 361
296 173
190 249
281 307
121 495
303 213
241 468
156 379
143 220
444 495
272 247
484 497
156 156
404 394
63 52
57 372
121 39
441 169
319 311
39 409
33 167
132 220
128 462
284 484
29 478
432 127
303 16
342 60
10 246
321 80
81 184
99 272
318 16
279 15
114 76
91 193
69 283
84 313
143 162
241 400
172 171
355 73
127 455
494 119
8 164
83 141
127 420
410 40
74 21
87 323
487 408
157 240
82 240
36 371
6 114
22 300
14 407
433 97
281 344
114 18
452 278
461 17
42 108
429 330
286 444
159 95
172 1
456 97
131 378
327 435
196 439
473 246
341 332
449 44
278 35
73 445
168 47
168 454
117 37
494 437
280 288
218 248
463 452
437 338
155 224
227 20
246 418
414 372
30 260
375 196
154 483
371 82
186 386
332 322
21 28
96 162
468 101
385 299
108 387
367 43
414 462
397 266
330 498
215 106
36 369
415 210
429 296
29 148
179 380
417 487
311 98
272 432
37 451
386 153
492 375
360 193
69 329
364 350
363 479
243 474
229 234
326 391
258 377
60 429
213 369
87 372
279 154
460 317
309 157
287 266
184 346
460 236
69 464
129 244
341 113
427 336
58 489
17 157
177 314
464 431
75 466
420 340
7 144
470 412
214 487
178 376
13 499
1 423
160 323
320 105
247 70
166 261
25 256
494 167
153 236
283 248
95 101
275 110
484 284
303 388
457 67
209 91
328 436
83 347
462 82
245 182
191 134
318 95
301 378
455 265
356 73
422 142
364 319
162 497
118 431
214 464
257 97
74 191
226 420
180 36
387 108
160 102
23 420
26 433
22 441
304 177
267 221
215 225
257 205
176 477
63 84
171 437
124 13
395 96
327 297
119 416
295 438
367 238
92 262
296 318
273 261
208 363
496 339
8 193
456 68
104 98
19 395
309 111
46 83
307 82
477 144
89 228
303 287
493 92
185 223
252 325
350 221
96 483
206 189
140 190
74 167
217 351
297 382
435 421
27 415
101 365
425 333
145 109
480 282
168 261
209 69
375 464
77 14
458 204
379 78
145 56
9 235
341 10
301 194
82 17
195 414
263 379
78 140
91 187
146 113
224 139
131 441
218 388
227 166
272 111
288 264
201 495
79 302
70 419
109 265
221 256
211 460
3 4
391 348
56 126
167 98
282 36
277 52
78 10
348 113
113 292
220 453
179 479
182 435
382 162
359 176
309 243
344 241
395 456
404 131
369 230
160 187
112 498
442 52
228 161
389 288
416 48
11 233
251 199
58 12
40 438
269 435
307 110
304 319
207 409
367 210
6 466
54 418
138 265
336 367
199 337
488 466
422 58
384 443
54 55
315 259
24 26
341 8
259 387
375 176
241 355
77 451
394 204
303 113
245 229
151 211
409 50
286 443
293 324
32 41
59 308
413 62
215 90
419 1
383 318
111 96
321 250
223 244
17 348
340 326
232 396
39 394
453 285
42 478
395 267
212 206
159 405
408 389
3 18
350 30
175 248
379 463
137 99
30 76
424 342
487 399
146 155
405 396
408 265
257 295
284 42
353 272
168 199
118 241
194 281
387 280
138 412
292 47
187 404
452 323
246 183
139 228
411 260
109 322
308 482
149 261
286 25
430 423
116 326
419 500
164 182
261 65
16 25
233 374
143 355
143 468
429 492
358 266
325 443
244 442
259 123
413 236
329 108
354 301
227 154
434 489
253 277
96 94
277 303
333 244
444 218
208 305
37 412
242 65
468 70
253 58
5 334
452 427
312 55
466 473
209 16
279 452
83 443
221 411
179 480
283 389
140 223
91 1
255 56
220 28
429 396
207 347
141 141
213 249
9 80
292 469
431 191
373 43
98 347
467 127
36 185
187 325
307 312
412 294
472 85
342 367
276 239
431 218
203 64
169 42
205 226
243 50
49 213
333 125
478 116
414 427
280 428
371 471
88 464
3 138
44 36
269 356
170 90
235 99
283 178
79 104
211 31
81 353
20 169
374 306
417 342
49 58
7 292
194 354
359 31
438 486
500 368
80 73
451 241
324 398
92 91
480 140
37 130
181 218
34 88
417 469
254 309
122 246
194 66
434 424
183 331
274 444
265 212
394 25
111 196
50 9
18 468
178 359
275 199
192 67
116 25
298 463
241 289
452 295
328 334
376 494
384 55
351 237
209 464
260 328
178 22
202 342
16 277
304 254
98 44
284 384
277 240
331 478
419 490
234 193
61 12
434 127
275 483
404 495
157 334
52 48
435 497
27 296
4 8
493 479
37 127
48 329
175 46
9 66
355 36
188 141
235 22
231 85
379 418
386 336
217 166
343 430
23 320
68 465
134 266
21 118
162 405
35 70
472 90
389 102
77 3
94 451
375 425
46 259
10 448
275 325
393 436
149 129
71 53
160 214
114 91
116 162
418 256
194 418
452 64
400 83
224 263
11 330
491 367
43 293
108 499
198 299
360 473
115 192
384 421
448 277
30 24
145 272
474 90
340 68
485 10
335 68
133 394
105 414
297 237
69 311
197 460
221 119
344 268
434 164
353 316
362 369
281 281
27 159
440 273
28 334
338 129
297 67
267 331
434 50
181 365
394 85
27 365
53 375
344 148
371 333
60 461
208 28
474 210
359 143
408 367
124 216
208 324
424 146
299 478
298 242
130 485
443 427
322 265
31 430
25 128
391 71
458 40
133 61
278 425
256 11
349 8
185 212
241 227
328 9
352 488
94 58
403 97
157 313
441 420
493 268
175 452
151 267
448 493
275 353
478 340
71 249
474 345
361 353
173 137
93 431
212 232
16 244
282 348
126 80
479 438
170 397
419 435
115 9
320 376
456 235
239 268
304 66
24 413
149 344
479 133
1 29
419 463
385 324
204 199
12 433
250 52
71 208
136 199
401 300
96 488
229 39
257 424
72 5
247 157
297 472
81 163
484 447
191 255
241 63
40 201
28 340
418 396
341 189
197 186
45 177
396 191
380 137
422 243
163 157
54 210
433 49
350 296
43 485
239 22
444 418
120 423
310 107
298 106
41 23
49 454
258 275
158 94
454 39
290 152
432 80
21 3
182 109
479 66
19 440
420 393
29 167
187 113
492 151
281 302
443 233
22 192
24 353
485 194
50 377
342 455
234 10
253 94
217 397
159 21
468 105
489 296
365 500
349 45
250 421
91 228
177 237
281 182
497 78
363 88
235 113
340 24
487 354
487 231
31 376
356 31
461 267
93 448
89 377
303 465
38 429
229 452
215 157
201 387
84 114
387 470
417 374
35 80
334 130
210 401
26 359
454 345
257 223
414 193
152 356
266 304
87 63
312 415
391 354
21 448
273 79
131 290
327 216
49 194
93 255
448 202
251 417
314 166
228 248
433 391
381 60
311 35
453 118
20 114
65 113
319 378
372 80
288 94
453 498
200 126
442 174
354 204
240 412
357 168
322 16
434 163
163 61
243 124
188 414
185 489
162 295
335 264
390 37
301 329
468 185
335 211
497 108
58 292
181 280
447 467
287 300
433 133
49 58
85 190
414 144
450 383
161 284
120 428
412 110
191 329
10 356
309 70
293 24
350 279
392 352
387 260
269 164
52 125
331 118
293 410
121 487
476 497
397 407
421 402
51 13
402 222
161 295
324 488
300 91
418 237
179 392
165 207
14 167
272 476
25 28
38 466
111 24
406 133
393 425
335 361
72 417
315 301
22 81
40 485
367 439
246 294
211 162
86 206
218 49
495 161
207 451
124 257
276 77
168 192
115 130
360 423
422 437
7 494
76 42
422 54
129 4
104 112
379 188
86 355
277 490
406 129
180 383
116 9
109 251
2 443
407 157
262 207
374 466
61 325
268 150
257 334
237 291
471 106
331 349
81 13
375 9
32 256
238 85
204 499
380 189
30 488
363 466
6 60
463 467
163 227
175 41
183 469
270 374
107 224
487 412
16 251
230 217
235 128
198 94
360 172
387 213
421 33
63 303
288 434
12 193
275 189
26 362
242 329
369 420
315 272
486 259
50 208
83 61
385 168
170 465
362 425
403 466
264 242
92 67
363 456
487 230
245 277
305 386
365 135
384 394
348 280
124 191
89 343
183 216
101 254
56 278
286 204
62 211
300 455
434 367
179 141
459 21
149 164
344 250
411 51
16 337
146 72
349 111
411 162
365 448
232 433
224 189
245 386
408 264
10 95
60 482
248 153
238 430
331 444
47 391
278 324
354 364
98 249
357 365
366 459
425 440
173 445
344 182
273 304
216 94
459 380
134 472
349 369
98 268
314 77
124 313
64 473
360 52
41 461
196 268
142 353
21 143
344 30
65 126
332 87
260 324
425 86
397 190
419 260
188 379
329 84
202 226
45 256
109 381
292 319
404 142
180 227
76 269
375 187
486 402
364 224
433 173
364 280
324 12
468 330
371 323
50 402
477 170
203 208
188 462
51 185
498 469
22 402
153 373
164 232
345 156
167 183
420 467
89 444
149 359
110 39
146 185
114 47
367 232
239 384
322 258
477 33
11 284
477 89
273 229
131 271
21 311
205 223
103 288
334 367
217 439
326 381
390 493
114 81
386 309
368 432
388 94
445 316
47 455
381 322
449 112
275 492
132 233
125 425
57 66
366 119
149 227
242 357
409 373
364 219
37 10
148 428
491 483
223 152
499 206
417 479
387 288
465 393
321 193
46 76
264 56
125 14
405 104
387 21
390 143
447 482
426 321
65 401
458 242
297 77
105 485
230 498
486 453
372 474
114 116
60 450
337 122
402 23
359 116
212 412
288 300
272 279
122 190
74 404
399 123
264 316
318 437
71 311
281 278
492 190
280 341
403 471
24 160
450 63
348 38
362 301
29 217
318 58
480 119
258 391
299 182
139 73
110 49
121 482
184 484
221 319
373 323
442 398
351 254
469 453
360 431
393 163
318 419
366 476
347 29
182 295
500 441
175 405
72 348
177 400
129 102
411 442
426 244
344 166
172 123
200 152
405 286
409 190
481 389
9 288
138 241
48 183
325 426
21 443
192 417
391 68
236 324
21 71
211 215
99 371
239 252
479 101
13 235
290 225
232 64
500 138
419 446
243 163
313 64
379 122
102 168
114 453
221 39
11 263
94 178
94 315
12 113
254 275
191 149
350 250
80 454
140 406
212 297
222 411
168 89
113 255
124 367
230 494
500 184
148 347
250 177
203 325
461 357
257 416
167 482
107 428
362 64
228 17
221 180
404 193
102 136
131 367
455 161
164 28
79 63
60 61
488 183
51 386
420 440
99 142
143 444
279 449
497 414
9 339
36 431
450 481
11 392
193 30
431 241
370 208
11 276
455 326
255 330
21 498
359 95
289 400
121 396
12 443
42 408
134 324
341 383
468 423
293 460
475 4
324 288
418 170
170 413
65 201
7 419
415 7
238 309
472 65
395 75
354 458
209 199
497 228
18 230
282 96
483 2
253 42
111 275
419 327
483 171
410 194
367 187
65 98
144 30
226 175
321 178
322 95
364 249
490 227
316 99
338 324
31 462
218 95
167 98
197 234
223 352
400 222
494 55
94 307
321 41
419 36
95 249
56 26
2 446
451 444
184 113
35 104
109 310
163 357
469 219
361 123
248 205
496 208
21 377
319 95
262 34
226 373
330 56
491 185
200 282
270 150
392 463
96 184
155 406
32 430
478 286
11 381
235 231
143 96
327 282
109 180
110 325
424 318
107 332
364 15
294 312
431 334
311 37
394 230
341 475
122 137
301 42
478 395
295 403
126 293
493 13
304 243
137 207
173 166
254 99
228 492
364 346
258 475
152 211
406 163
51 259
63 286
305 476
363 410
28 185
434 469
302 166
411 141
63 203
320 217
370 476
261 88
55 303
371 182
308 467
301 294
373 286
287 340
106 57
476 32
259 144
199 232
353 229
182 262
341 229
321 29
466 394
251 291
74 498
138 29
249 173
447 404
151 484
332 97
25 177
58 310
136 412
489 353
152 351
289 231
37 403
335 158
485 493
169 90
193 266
389 175
50 125
313 217
165 235
367 434
98 304
352 185
10 76
2 404
443 105
61 170
235 223
117 428
371 162
89 447
186 102
38 286
399 362
117 195
421 255
266 489
307 52
13 332
235 493
323 292
361 245
398 383
296 96
47 64
241 284
495 377
336 193
239 477
70 422
63 360
206 161
302 233
184 264
131 464
194 436
477 173
206 420
250 180
227 173
500 193
359 221
371 498
103 422
366 245
329 308
116 217
140 314
60 149
239 53
263 372
456 395
28 72
26 285
299 128
43 164
202 29
419 99
232 271
380 20
432 417
303 23
50 352
473 430
109 226
236 351
252 443
132 26
83 317
353 49
372 44
140 494
15 324
366 178
147 183
373 83
75 184
17 55
394 157
210 138
111 402
154 173
500 141
323 434
352 187
387 175
321 267
4 490
410 295
66 304
203 388
456 260
129 350
121 157
406 259
444 84
119 336
237 103
226 116
372 339
27 23
414 361
26 50
227 413
384 128
142 228
77 1
412 276
367 461
482 62
172 366
195 329
407 420
457 483
348 486
217 63
99 326
218 44
265 378
332 49
276 243
134 150
369 458
479 326
323 26
309 101
223 28
400 82
444 97
321 25
221 170
464 143
465 35
422 409
99 87
124 481
76 326
455 239
37 417
485 278
361 63
185 24
40 58
313 318
411 405
387 237
462 414
269 5
157 421
141 51
465 382
257 24
471 188
114 451
48 337
433 150
343 418
178 74
232 66
177 418
87 151
219 407
95 72
282 203
84 89
420 64
422 101
191 493
117 158
182 373
452 52
102 379
361 29
432 292
134 102
75 197
138 283
90 45
83 243
240 265
465 225
16 255
395 232
275 490
66 183
19 296
216 182
498 259
394 451
136 177
252 354
328 485
435 475
18 397
7 305
41 138
337 257
370 318
128 460
431 46
107 244
461 310
269 271
405 20
263 324
303 461
491 70
213 239
340 50
270 96
377 339
148 485
425 107
181 126
295 301
450 114
440 183
152 273
344 322
465 417
341 108
381 107
217 227
324 53
449 88
204 363
107 397
110 169
305 342
270 259
462 218
195 324
411 51
234 103
35 190
136 245
350 234
246 466
266 232
459 193
69 231
286 87
110 334
12 151
114 38
156 92
400 251
485 224
451 2
34 400
78 260
161 314
247 279
80 181
83 265
120 336
256 314
276 37
78 390
463 290
40 49
200 363
447 493
378 173
460 289
80 476
142 83
455 355
344 113
233 259
22 419
71 173
285 334
277 414
301 26
89 29
64 323
498 391
204 389
316 348
426 199
344 250
368 246
202 472
467 158
493 274
21 32
343 245
86 152
474 292
102 372
435 121
303 218
356 190
322 199
166 472
39 356
233 452
318 103
143 395
316 348
39 384
11 436
228 484
269 327
467 405
291 134
146 11
97 238
51 130
297 114
144 32
28 456
315 87
298 39
476 9
233 17
218 258
80 168
317 72
447 292
412 401
295 21
250 368
188 335
226 269
87 493
103 214
212 383
231 103
303 471
94 482
373 366
336 85
23 420
101 188
187 33
141 98
353 481
83 435
237 257
182 238
28 110
245 187
330 119
101 232
140 112
172 475
270 253
102 114
388 5
144 189
381 107
343 64
29 44
499 476
231 94
342 353
168 463
420 360
33 494
38 309
78 3
293 99
90 143
89 470
171 64
12 416
31 230
450 90
334 83
223 391
300 245
335 37
434 449
428 433
397 479
460 408
227 193
457 434
46 18
128 441
370 83
114 138
150 283
451 367
383 474
213 91
121 91
313 39
246 173
115 30
56 38
490 380
128 8
410 414
276 217
249 184
192 25
282 322
320 16
345 337
374 379
263 34
494 338
353 93
267 81
335 134
18 307
394 144
215 78
82 479
418 434
296 379
181 451
19 432
111 41
43 102
29 2
335 387
331 91
408 140
386 265
172 301
50 182
1 415
432 267
324 305
425 212
278 13
164 29
107 126
98 492
362 6
14 201
195 265
462 440
80 9
236 106
389 460
8 340
466 465
63 308
277 166
290 218
337 482
150 421
229 281
316 386
114 127
425 129
264 4
80 137
388 404
405 150
122 227
103 419
376 48
8 244
394 432
372 480
500 345
355 272
343 476
247 321
396 2
475 332
393 242
292 319
36 9
319 124
3 494
85 118
427 445
25 265
273 266
247 449
491 42
282 212
169 220
488 196
489 50
335 362
452 75
396 389
12 277
129 45
77 69
470 356
181 3
252 177
447 433
496 125
209 96
283 91
171 358
299 223
196 78
264 214
472 371
474 15
3 500
287 318
264 440
211 456
301 484
10 491
84 75
161 127
374 212
245 48
111 182
462 312
3 71
219 26
361 380
117 463
458 123
415 349
342 445
95 55
54 17
148 308
213 27
40 397
129 331
159 289
436 203
339 396
158 343
23 396
70 195
429 3
493 381
33 129
395 257
225 200
365 117
419 382
315 91
9 354
404 486
451 264
305 260
185 202
313 99
422 154
473 496
89 176
470 366
412 78
265 359
102 421
366 475
477 61
178 393
128 301
281 74
276 266
303 123
20 489
97 462
308 33
228 260
54 171
114 98
358 95
158 267
232 176
349 257
471 398
311 7
272 217
156 145
415 48
437 333
35 244
436 247
443 274
291 31
114 280
424 286
48 2
203 498
470 398
406 230
292 325
124 260
223 366
496 444
378 163
157 323
294 231
148 114
145 25
42 77
123 183
448 1
59 409
276 311
220 327
234 266
409 252
139 292
253 302
277 217
206 275
240 309
240 65
500 169
311 150
489 139
254 274
357 408
500 187
301 359
369 5
496 451
304 455
221 234
389 85
169 380
6 6
214 413
214 99
309 235
309 230
320 385
71 105
174 345
86 86
339 466
196 471
262 383
327 334
192 142
426 307
7 422
392 491
348 498
45 236
130 495
447 61
417 418
152 152
337 274
330 56
137 158
410 330
253 175
250 457
337 430
331 450
392 231
161 338
313 488
438 64
346 147
3 472
332 497
358 418
166 321
95 318
396 435
478 204
167 308
155 94
218 368
216 52
40 339
388 228
306 101
126 156
295 103
229 62
284 185
444 245
37 3
257 262
308 205
498 4
225 469
177 381
333 40
287 176
348 479
32 436
128 463
130 205
244 338
448 6
451 332
272 134
4 83
43 112
218 424
49 180
336 472
298 372
354 431
43 487
49 268
232 78
217 219
299 147
410 273
334 283
13 272
336 390
59 252
489 412
475 23
243 405
320 142
38 69
36 418
309 314
443 398
214 280
455 367
58 496
470 26
344 286
101 263
391 311
132 80
292 245
86 143
151 422
106 140
15 135
336 160
180 298
280 60
21 302
183 81
114 434
359 373
353 437
480 265
33 251
368 263
399 60
30 471
51 125
85 57
199 491
409 215
113 4
90 483
206 177
456 26
70 270
129 263
452 306
76 30
132 79
474 37
56 44
418 26
123 54
431 79
500 348
481 463
432 120
359 2
490 432
316 320
356 376
399 320
276 184
330 189
260 380
460 491
274 72
393 59
246 151
177 460
497 97
224 3
395 384
430 195
118 210
349 352
191 130
262 265
242 323
216 134
64 230
139 233
385 468
315 163
284 372
133 75
323 56
437 321
461 62
283 96
417 128
498 206
82 308
50 115
64 388
435 84
361 330
17 89
2 371
36 139
245 137
93 218
325 267
223 182
404 116
70 329
410 97
186 185
274 186
144 135
283 211
419 344
488 284
107 42
288 188
256 417
436 327
32 253
216 273
253 328
387 276
449 20
292 88
427 230
469 128
8 94
424 322
102 86
124 478
211 305
450 433
398 452
42 40
468 269
288 396
295 342
70 15
23 100
228 223
57 379
362 350
146 406
97 387
488 398
109 227
356 333
197 447
211 156
311 471
385 348
116 175
317 251
75 368
461 452
210 176
436 47
268 487
66 449
221 491
43 90
390 49
416 358
18 263
385 7
189 8
364 216
472 396
364 345
436 335
478 424
219 325
487 34
4 296
389 302
77 161
292 228
202 200
449 138
145 206
332 139
200 283
318 316
173 111
61 265
489 277
281 5
334 56
134 193
279 250
462 388
68 440
351 350
166 341
129 97
245 10
21 258
25 139
80 369
125 383
226 9
114 318
405 444
254 94
94 157
191 209
200 40
309 409
447 411
168 43
50 136
410 296
227 307
22 187
115 47
272 299
480 275
371 424
131 357
393 413
435 195
70 442
366 445
24 201
62 51
108 294
258 237
32 339
308 388
164 104
428 221
123 247
416 351
213 124
413 364
315 226
109 420
197 484
30 275
166 230
94 303
68 401
335 252
47 227
460 442
274 20
382 439
430 274
317 155
443 476
172 170
326 159
79 308
330 492
408 272
202 107
221 254
11 244
136 237
142 44
117 295
138 114
296 119
103 318
94 329
217 113
323 130
428 77
172 340
408 397
303 126
450 32
63 368
33 33
350 105
178 231
290 76
420 432
348 274
188 258
436 211
413 301
296 38
163 378
195 16
300 18
382 46
457 2
240 129
14 16
123 57
333 195
485 99
23 35
400 320
415 135
284 92
182 319
183 394
164 156
179 206
87 20
133 277
231 49
117 16
436 133
423 132
14 439
332 133
226 193
233 375
290 241
92 438
236 486
352 353
486 61
7 426
215 258
457 335
362 419
297 61
318 369
323 158
496 409
399 47
379 460
451 207
494 98
328 180
99 341
159 242
379 234
37 43
32 293
379 23
212 408
364 210
423 117
20 384
51 300
391 32
132 87
218 50
112 422
405 192
427 273
186 386
396 345
12 132
247 368
46 411
78 184
16 493
65 333
403 381
226 153
412 391
159 235
170 218
268 86
314 348
243 31
258 23
174 207
461 96
436 249
199 491
357 77
378 295
145 232
458 79
52 109
483 187
262 50
472 497
259 97
457 87
165 164
42 310
186 41
496 471
399 431
60 265
305 147
361 143
471 240
427 178
91 193
132 2
169 394
16 216
415 146
326 410
66 69
8 63
154 256
392 346
28 329
436 349
293 217
443 483
73 308
331 230
478 150
485 64
314 218
421 401
118 276
446 5
147 480
215 170
197 5
356 102
437 117
86 205
1 485
218 157
470 208
98 194
454 324
285 248
454 244
311 71
264 228
380 369
85 175
69 402
77 247
284 241
329 381
4 235
251 285
495 42
417 235
144 365
364 495
39 195
292 217
390 187
130 259
10 468
244 482
380 158
421 245
7 64
223 319
218 495
264 247
332 282
19 498
129 218
448 188
281 4
438 88
35 168
98 112
269 93
263 218
9 233
290 229
140 382
357 131
396 260
251 161
190 68
358 50
469 249
413 64
483 62
67 430
426 176
229 159
476 418
78 430
267 497
476 47
296 147
209 62
43 123
109 52
403 330
430 51
88 349
357 13
286 77
283 491
181 22
179 136
241 138
215 373
119 128
448 463
498 125
199 12
18 140
386 130
66 3
97 138
337 128
51 500
169 128
116 442
466 67
16 430
226 447
217 297
198 72
200 35
190 24
317 352
316 421
295 159
237 7
155 469
84 35
383 486
179 354
102 319
136 471
12 322
215 46
135 385
146 41
152 212
473 312
277 344
272 49
225 367
361 338
224 11
438 408
425 292
70 184
73 247
45 59
403 187
98 478
147 483
365 391
54 370
417 384
324 430
468 394
3 280
250 377
363 346
76 324
222 306
439 197
492 418
408 301
84 83
51 476
53 107
154 484
313 198
159 20
176 139
434 187
278 105
37 257
120 339
22 166
427 273
80 108
305 255
238 88
86 78
19 265
148 369
185 125
304 316
326 481
104 253
183 212
279 16
385 192
472 394
50 120
166 190
34 186
10 116
325 1
306 282
410 33
122 99
489 254
32 495
426 106
45 364
87 159
272 257
239 32
373 103
322 76
13 65
441 96
340 21
140 418
457 4
307 127
18 218
54 456
247 180
202 436
277 142
341 454
289 259
161 170
78 148
433 432
60 324
277 247
84 431
264 436
51 158
45 468
350 469
108 461
129 409
276 15
207 287
382 464
480 387
410 216
198 469
355 266
175 352
308 378
273 153
212 48
221 343
184 222
422 215
137 111
457 403
223 44
426 293
23 22
147 174
380 237
279 330
122 254
195 439
261 174
224 115
126 230
22 339
314 460
187 148
360 418
449 260
130 285
235 83
173 370
114 312
49 41
70 232
235 191
421 338
133 107
81 366
210 2
444 436
468 158
166 271
329 53
222 374
453 164
495 364
184 207
142 470
359 126
212 370
147 462
156 125
426 189
331 322
204 189
367 329
83 249
289 101
258 162
383 18
105 342
66 34
43 55
83 297
404 491
444 383
273 458
474 300
452 35
139 373
50 164
83 232
138 131
434 233
277 405
159 160
469 202
494 354
446 240
386 230
258 285
235 5
367 135
153 219
281 123
291 282
259 336
105 189
402 280
287 9
397 145
169 231
173 497
159 197
377 479
500 467
133 329
320 95
360 103
139 357
499 406
496 37
226 386
222 239
270 372
100 295
66 329
247 467
193 358
296 388
152 461
410 407
298 26
35 303
273 456
496 313
290 302
471 462
437 482
147 141
34 150
346 6
253 235
278 390
80 463
387 487
199 76
352 264
314 292
295 467
287 145
288 233
293 117
380 388
269 282
83 320
69 351
497 352
260 289
403 225
221 193
217 7
449 73
418 268
157 394
438 407
109 322
459 236
310 168
451 394
175 406
367 58
374 355
298 30
418 326
163 205
69 152
242 299
478 205
497 365
390 97
57 408
294 206
460 475
137 246
322 466
473 144
123 484
327 274
191 90
139 273
183 180
329 237
288 63
274 200
19 109
484 259
127 387
463 362
88 227
178 90
450 157
481 486
70 254
132 140
331 198
291 229
50 233
436 212
149 84
227 95
316 288
472 161
457 321
63 255
54 58
251 197
479 462
64 189
127 355
210 199
156 343
443 320
455 366
276 44
382 52
439 202
487 402
448 240
488 375
343 89
393 118
87 118
407 427
272 150
315 74
218 249
272 106
25 26
264 220
491 327
79 238
48 296
165 456
444 243
93 263
167 221
267 166
224 411
249 291
320 217
146 183
236 87
31 250
338 184
432 284
194 454
266 395
212 342
207 484
378 200
24 234
111 172
141 421
456 113
138 158
255 423
343 206
301 399
360 382
89 433
112 18
222 42
214 462
395 418
359 9
16 201
439 140
496 291
395 233
128 390
61 262
430 249
471 62
285 60
54 196
62 438
114 22
106 258
396 206
480 242
370 241
483 462
231 101
292 134
204 25
399 432
336 129
357 322
114 408
171 474
412 100
153 8
466 238
66 252
199 171
224 151
155 448
284 499
457 296
364 73
338 71
289 404
296 467
33 25
136 435
306 94
308 441
256 143
254 459
401 298
474 48
44 302
299 169
265 454
290 438
76 144
21 357
461 353
456 305
414 473
63 329
474 263
206 432
322 237
463 174
170 411
448 223
480 178
118 444
156 6
167 468
425 230
130 13
452 250
266 275
156 444
66 322
140 52
170 86
113 297
470 336
437 200
19 331
31 52
132 177
259 472
54 65
375 286
426 476
364 321
12 184
347 472
398 241
80 313
484 150
12 143
335 52
400 453
37 23
13 205
185 357
369 445
340 255
432 243
244 67
393 297
387 433
291 443
243 230
266 233
322 394
474 265
215 196
255 291
131 36
18 422
239 64
360 307
424 390
225 95
471 169
428 285
