1000
49 18 95
91 77 63
52 68 11
27 5 38
33 17 14
100 39 9
53 76 77
32 67 10
35 35 60
82 87 30
61 6 25
93 85 66
32 94 82
0 68 90
57 59 38
9 100 8
28 1 34
72 68 30
91 77 4
87 20 40
97 82 93
21 52 78
6 90 7
46 100 56
12 55 55
78 92 39
53 85 73
19 13 36
72 9 77
42 58 87
53 80 34
22 15 99
86 82 81
98 29 77
66 17 16
41 87 80
12 85 59
5 66 37
100 89 79
17 31 57
75 46 17
87 57 12
15 48 19
76 77 73
72 15 93
74 24 4
75 18 15
98 4 46
43 86 20
35 97 48
99 60 89
54 86 32
42 63 85
81 88 84
100 89 96
82 94 57
56 83 72
0 20 25
47 39 84
1 7 59
100 60 84
47 27 41
47 2 34
44 52 32
82 19 81
45 24 72
19 23 85
83 83 38
70 59 36
46 71 15
62 87 92
27 97 67
65 42 19
90 37 82
76 82 99
35 99 22
100 31 11
28 100 1
17 32 44
36 12 28
99 3 95
16 5 23
13 98 74
14 60 30
100 90 10
30 57 67
23 89 93
18 61 15
4 90 64
33 18 17
6 12 13
30 65 81
16 96 54
74 76 22
54 84 77
83 98 82
42 67 14
72 96 80
58 90 100
79 74 13
8 92 17
4 38 5
85 9 98
30 17 52
75 36 52
91 22 82
51 61 95
62 57 13
50 45 96
13 78 5
48 59 23
94 73 33
53 89 74
93 94 28
10 86 69
65 46 89
27 6 1
61 87 41
82 45 77
84 79 77
86 15 32
67 5 11
78 13 34
73 4 82
61 9 64
12 98 95
80 65 25
65 19 26
65 34 26
36 98 30
49 47 74
100 64 45
52 68 7
50 27 13
98 42 24
4 86 31
35 8 16
4 99 54
2 100 54
62 48 83
76 5 76
78 22 46
71 87 7
14 58 26
93 6 84
84 63 23
77 97 48
44 65 58
46 65 73
38 96 19
20 56 69
3 8 88
91 9 77
68 88 23
52 58 41
45 38 11
6 37 12
19 38 41
79 37 2
65 77 76
9 70 2
89 80 24
21 99 3
35 68 35
69 91 72
31 90 6
75 28 25
84 26 67
62 44 84
59 19 85
91 24 30
36 86 34
1 23 28
9 72 95
11 45 87
92 55 47
42 65 78
17 6 40
90 67 82
6 74 32
50 22 39
1 90 31
2 1 3
38 15 17
6 23 99
22 89 58
20 18 1
63 42 23
20 11 46
87 12 14
67 43 20
60 86 100
55 82 21
1 94 5
38 18 74
87 47 83
18 66 28
70 42 40
41 35 64
5 21 40
63 74 95
34 29 37
2 35 88
1 74 53
73 29 39
77 41 62
85 55 91
50 78 61
93 24 72
86 23 47
52 44 12
81 58 33
90 76 61
99 10 38
42 25 39
68 23 60
2 42 20
31 8 81
25 12 74
66 96 69
84 90 42
37 92 57
45 19 56
35 16 42
82 86 16
54 99 95
0 32 79
30 86 56
17 2 33
23 21 97
100 68 14
10 33 21
55 37 9
40 58 61
69 62 92
4 11 83
100 33 89
29 21 89
29 25 59
61 63 52
70 16 5
60 34 72
76 10 62
10 9 17
65 48 46
79 87 63
6 10 20
41 98 74
97 96 54
43 9 84
16 39 79
29 42 62
39 81 80
54 6 54
91 25 16
93 37 34
85 33 65
73 94 6
64 81 11
19 77 96
78 3 72
57 48 78
22 64 65
5 98 52
5 36 8
2 72 59
79 94 60
34 67 6
85 12 5
72 84 72
1 69 27
34 9 32
80 74 70
60 81 24
0 92 67
41 58 27
62 90 75
67 45 84
6 54 76
8 31 78
20 60 5
43 47 33
87 78 17
20 56 46
8 87 8
16 58 27
5 92 68
51 61 55
21 88 44
55 98 32
19 80 12
62 46 8
99 41 62
90 63 36
86 54 55
73 60 73
25 54 15
49 73 97
30 29 57
95 44 79
46 100 80
83 15 78
75 40 70
100 26 16
100 61 33
69 44 38
40 67 34
22 21 46
36 65 62
93 73 82
67 56 15
45 70 62
73 35 23
100 6 94
26 91 40
29 71 99
4 45 66
79 70 92
4 62 87
85 16 71
55 3 20
61 85 22
23 8 13
38 27 52
59 83 100
78 28 15
68 88 5
90 16 86
18 57 73
34 92 69
99 8 69
38 31 43
8 44 91
93 79 38
3 96 47
99 58 92
51 82 15
11 97 8
5 100 52
53 52 65
98 39 27
49 42 78
69 25 52
61 29 41
57 53 73
24 1 68
78 31 43
75 71 84
31 32 20
35 29 87
48 38 28
55 32 37
43 24 79
74 86 67
56 44 57
25 2 9
79 67 41
82 93 96
20 46 23
13 9 61
99 26 64
97 16 13
70 91 100
66 69 9
12 7 78
70 93 6
75 30 25
34 59 57
7 13 96
27 23 72
93 92 92
82 56 91
0 33 60
82 77 39
90 14 81
2 93 86
24 8 15
25 74 22
17 26 74
49 97 30
78 21 43
67 14 93
71 83 38
95 52 21
28 13 37
7 95 21
97 87 65
9 76 39
55 94 1
75 55 81
16 43 68
59 75 48
30 74 67
39 72 57
3 89 85
73 9 85
87 22 56
81 14 29
6 57 10
62 86 17
31 15 100
44 27 57
96 97 9
29 90 66
84 69 3
18 22 25
71 52 15
53 48 96
47 92 81
85 7 21
3 19 75
71 81 41
0 54 4
9 78 90
6 45 79
13 68 39
24 81 77
17 43 82
95 29 87
66 96 69
55 2 71
8 78 93
50 22 86
77 89 75
69 96 28
8 2 87
19 87 86
84 58 56
84 32 46
67 54 42
32 96 39
11 5 82
22 42 25
95 62 96
75 83 75
58 27 76
71 75 25
38 73 58
0 34 29
52 39 2
39 94 64
75 96 31
59 75 32
75 9 23
33 24 78
14 72 37
90 48 65
42 8 52
11 30 40
75 79 54
4 47 1
37 17 62
14 30 25
4 64 60
98 31 67
86 75 33
40 29 7
54 28 31
94 29 22
7 29 86
4 99 34
76 27 10
39 42 75
16 81 80
7 55 85
90 98 72
37 21 1
46 13 25
90 24 63
42 73 40
34 16 89
18 18 95
8 61 41
45 58 69
85 85 71
97 40 88
59 46 2
18 75 3
53 6 61
81 38 96
68 82 88
24 98 37
45 83 96
8 100 13
43 30 26
7 55 65
18 89 10
11 32 65
41 20 71
3 98 22
52 60 75
98 13 29
84 38 75
100 66 13
36 41 40
39 39 55
80 33 25
19 8 1
87 37 39
21 26 87
100 1 1
1 12 64
82 20 52
78 100 69
46 13 67
47 8 15
76 84 67
40 47 81
98 38 32
24 84 57
8 67 44
27 39 58
73 41 26
13 42 34
75 37 68
34 74 94
65 18 82
77 23 24
97 10 91
100 54 94
82 89 7
56 43 8
25 63 58
43 97 35
23 76 96
81 3 94
59 98 12
57 64 92
30 9 85
8 34 45
4 42 74
5 34 58
37 3 58
49 11 58
13 62 100
31 83 25
23 7 3
63 90 6
81 30 41
12 8 16
48 16 37
45 94 28
65 83 43
56 87 92
34 72 48
7 52 70
44 31 91
17 75 28
47 52 75
74 35 91
56 35 42
99 97 98
16 66 92
17 24 45
74 83 52
23 100 5
97 48 53
0 55 55
10 36 76
87 28 17
0 42 24
25 76 48
45 39 23
80 22 42
97 69 86
23 58 58
60 24 94
86 33 83
45 39 5
5 4 81
94 30 67
60 98 27
43 99 74
84 5 4
88 56 9
38 42 11
76 70 22
38 4 1
4 80 61
60 100 78
99 70 27
45 4 63
62 17 11
100 17 30
6 26 84
88 5 55
77 61 9
36 87 6
32 77 66
48 64 69
100 84 31
86 14 22
53 28 74
25 69 7
53 77 48
49 34 10
19 95 1
0 53 42
91 35 47
25 61 69
10 55 4
6 53 79
67 53 15
20 46 63
34 26 6
32 68 96
32 98 7
89 42 1
49 60 88
22 28 37
63 38 11
2 96 76
47 25 9
77 91 2
45 62 57
16 11 38
23 7 39
83 27 46
21 61 42
8 7 32
31 20 6
20 14 88
77 75 10
70 29 55
17 8 18
49 48 55
80 2 41
87 37 94
22 97 31
96 44 13
46 74 16
51 52 94
77 31 9
73 67 79
1 45 6
91 41 56
95 53 33
22 61 99
52 91 16
41 97 68
35 22 38
37 33 85
87 63 13
81 16 88
33 44 96
25 24 95
74 86 76
74 98 45
100 84 72
32 74 85
21 28 21
31 9 97
54 69 77
67 88 33
95 23 15
14 59 83
85 68 41
61 65 100
49 78 52
21 81 30
34 66 96
96 95 29
84 71 12
87 21 91
36 93 63
32 47 87
5 97 10
82 47 46
85 86 56
4 78 15
15 27 85
43 48 99
16 46 80
37 73 10
28 53 36
93 26 48
99 70 86
65 70 12
83 39 80
91 48 60
92 31 9
55 47 53
33 20 79
91 86 25
77 76 20
2 48 25
71 59 9
48 86 21
33 36 11
47 66 68
39 5 87
97 83 99
97 7 12
71 8 8
60 5 38
23 65 87
94 24 53
61 89 91
53 70 66
52 96 17
69 74 98
97 44 64
21 84 62
72 21 28
55 36 81
1 87 21
34 64 3
1 95 53
32 38 20
83 12 56
93 5 46
92 100 81
44 7 12
70 35 40
30 25 5
96 55 72
95 88 7
43 81 99
85 85 34
66 16 67
83 77 15
2 32 95
11 72 92
70 44 46
33 69 55
37 87 64
78 84 95
82 32 14
67 10 77
31 47 82
91 10 57
49 79 11
41 67 73
50 22 62
38 8 35
25 40 82
59 72 79
74 32 16
85 67 94
11 83 30
83 89 31
46 83 61
29 36 86
7 68 97
15 81 62
76 45 72
27 65 77
13 21 19
83 25 47
10 22 55
1 13 64
29 2 60
94 62 11
18 69 54
94 11 37
68 94 26
67 60 99
10 34 82
22 95 30
0 39 48
12 100 82
28 2 36
61 12 61
100 31 47
3 31 48
19 32 69
4 95 82
2 94 46
64 15 25
68 23 92
9 77 77
37 77 96
96 46 9
34 54 33
77 65 16
29 35 24
94 75 65
75 23 60
17 46 54
19 61 77
46 60 37
15 19 12
43 58 83
93 68 55
33 60 68
33 34 86
27 56 28
6 68 91
19 32 19
52 33 14
10 87 38
13 82 4
38 86 11
7 25 48
67 3 26
44 52 32
74 77 38
80 32 67
52 20 71
99 13 4
100 23 20
34 29 29
31 10 68
4 92 13
28 75 45
93 40 71
100 74 54
48 52 2
38 87 35
85 70 9
37 43 86
94 53 82
73 94 45
63 93 100
55 94 27
93 54 6
13 55 55
47 74 14
75 97 39
23 1 19
92 40 17
40 79 88
21 57 20
57 61 15
56 30 6
20 94 40
63 75 34
23 70 19
52 37 89
88 7 40
54 93 10
1 42 57
94 54 91
5 20 37
23 79 47
77 83 32
14 46 40
98 80 87
13 9 38
11 10 80
27 69 53
98 85 64
0 65 91
73 6 68
36 32 85
82 24 95
12 25 45
21 6 39
7 52 33
43 41 16
35 64 17
2 86 38
100 98 41
6 74 68
9 67 98
85 73 67
79 26 26
2 67 55
55 77 36
100 76 79
94 29 61
28 12 87
62 67 78
14 89 2
70 100 38
15 28 37
24 57 9
38 100 15
41 62 75
67 77 35
59 89 41
61 30 32
34 14 7
41 5 75
5 47 9
32 81 7
16 15 64
24 26 19
34 98 65
61 88 67
2 77 57
76 78 55
99 99 99
23 68 11
51 57 31
73 7 6
32 71 93
83 81 21
31 30 58
94 30 5
84 95 42
34 78 66
15 73 20
49 43 41
58 36 22
90 72 20
16 88 96
91 96 80
17 69 21
56 1 93
67 19 16
38 92 85
64 70 73
61 11 97
54 53 91
55 84 13
50 20 90
82 98 10
12 39 71
84 79 48
77 18 99
63 4 15
54 84 33
38 13 25
56 48 75
82 70 56
20 41 6
7 29 92
46 69 58
56 91 37
87 93 35
3 82 67
81 8 37
29 11 42
82 35 76
36 60 91
16 66 96
25 68 86
99 8 47
73 100 14
85 73 70
26 20 90
67 60 11
32 10 75
95 11 94
37 62 67
46 26 68
5 95 26
55 83 24
94 41 86
98 41 60
1 55 20
64 76 28
84 98 25
19 41 36
8 20 80
16 20 69
38 10 22
89 41 20
33 58 9
68 85 59
42 35 78
13 35 36
98 83 39
45 58 33
79 4 33
61 53 3
37 13 100
17 78 67
20 60 75
37 87 8
50 91 58
6 97 77
72 69 8
25 18 17
24 89 95
3 83 27
77 83 58
21 89 97
31 37 19
85 74 65
12 24 3
78 23 25
85 71 33
26 63 84
99 91 5
70 35 42
25 43 87
89 11 13
60 2 68
8 47 90
31 11 66
79 88 11
70 72 24
58 20 9
18 75 8
83 41 63
22 54 16
78 53 78
24 29 11
66 22 24
64 82 82
14 98 61
70 25 2
37 33 18
53 22 1
100 63 3
91 54 60
33 35 34
36 69 53
