50
13 19195070
42027960 16227252
14853882 71765464
61963363 70126731
79243898 114138248
29169787 28300160
107372769 129504160
4723137 86067781
82142429 82174591
121276696 41283781
108994985 472451
76944916 124937513
84115088 32043155
67840796 36494270
3 73024311
70170900 295190377
392397038 229174606
357319029 60595391
24 161816016
306338309 365381731
424327598 416531604
3553141 363842467
292243182 431520909
329168664 225594959
357710809 382342346
207259156 390470585
91535818 35280523
111238784 235091408
228157016 121497037
79068730 56818217
321041021 319630520
194277208 123742805
335515600 93103064
377969409 429217269
154516505 103562748
3248495 233114763
318297589 424585562
362770028 88383598
320503558 366204539
78103846 286627537
124548872 418250461
98566453 169043862
421706600 18429986
16 2
0 0
0 1
0 2
1 0
1 1
1 2
2 0
2 1
2 2
2 3
3 3
4 3
3 2
4 2
3 1
4 1
1 54293171
129090374 17992950
7 3
8 5
3 6
9 2
4 5
3 2
1 8
2 8
23 5358370
25783697 4468986
68940686 22443596
49449993 58321103
9359185 44343306
18817395 69254687
22353944 16709095
20103609 1996648
45021801 67382437
14626103 69205710
33721422 24434170
12842568 2323165
20633026 43364027
16264900 29030104
66607439 37005294
4348646 2779950
17396385 60297
49431401 29805964
30839973 52950994
22011579 18240012
4545502 57843557
2754784 49405323
20655300 26052180
54227686 6744472
27 121173007
7774227 404295126
173489447 341397624
414417064 19780618
182934823 326960315
111070722 152329054
66563909 279445179
379762340 83430768
188058747 79819707
273920581 287484659
145605517 363157105
116512360 432001292
213713213 338761283
73653785 328484020
433671415 30940014
85665343 302983909
172180577 215635139
23555516 359849532
104136679 34628513
169044174 57005814
244395501 334290921
183124865 223843769
320071942 73316368
420451267 195505398
329259928 386867107
407349256 205597149
247724556 178823917
127879336 368186444
18 1
0 0
0 1
0 2
3 3
3 4
3 5
1 0
1 1
1 2
4 3
4 4
4 5
2 0
2 1
2 2
5 3
5 4
5 5
14 2
0 1
0 2
0 3
1 0
1 1
1 2
1 3
2 0
2 1
2 2
2 3
3 0
3 1
3 2
50 5
3 15
10 16
9 4
6 15
4 8
5 11
0 1
16 10
17 13
15 10
3 1
11 11
13 18
13 11
13 17
8 8
7 15
6 6
2 4
15 3
12 10
18 11
17 6
8 18
17 3
5 4
11 2
6 1
2 9
9 10
3 8
2 1
2 3
7 9
12 2
13 0
8 11
3 4
18 9
16 7
11 18
17 2
8 12
16 12
4 4
0 2
7 13
15 5
0 11
14 1
4 2
0 0
0 2
10 0
10 2
6 96547959
268171635 245309296
103647221 199437780
290318035 167072900
57566771 187619086
333742841 285357753
63183494 359544106
12 175438973
331667261 30716040
290001444 151625689
192914390 434315821
201430937 341794397
307557273 134665035
97282967 61796182
110383874 433041390
164480786 46907184
408579673 191129908
39645414 164547015
126300586 141469469
368314641 265167965
14 1
0 1
0 2
0 3
1 0
1 1
1 2
1 3
2 0
2 1
2 2
2 3
3 0
3 1
3 2
24 71790801
227148942 131014588
22295873 78763997
193288505 72604806
51481029 20369311
48505318 233375079
250831135 129402454
219081538 196453198
10446197 18290416
9690820 253157318
200789026 40028775
171325219 211572324
91683966 152149945
194540633 165480070
157854834 135085799
50451496 158297832
93196272 173005617
237450862 20695231
33207082 143523588
95163295 163911792
55556016 225659815
147043890 43545172
113102188 20211828
231426647 104487563
115573611 16848666
18 1
0 0
0 1
0 2
0 3
0 4
0 5
1 0
1 1
1 2
1 3
1 4
1 5
2 0
2 1
2 2
2 3
2 4
2 5
24 3344937
21289585 26274613
7062274 26646895
48560245 1025877
40975875 11119135
17322804 12187835
26593000 3997900
26371100 38810501
40675593 29236984
42637554 9661348
25533491 41352394
34183254 8478090
8065291 29405575
41097022 47673667
9865294 39088031
13176181 18975489
36334608 333255
70567 46697156
46468509 47108149
45543068 38600997
18836736 35675383
45667202 6881856
157090 16837617
32280162 48816700
48575113 12709361
25 22732507
60577390 4437494
6230423 31330397
51887708 31933995
1825734 26141505
60486128 35249030
43955744 64555321
79082221 12448013
63583240 70873299
32742397 23757754
61237690 62173739
31170681 56348192
44344512 20485848
62709329 28449876
15709283 52233139
15738778 32305843
12136267 7567217
911724 26973594
57211718 66261140
18975257 24607680
77847562 77426846
16161744 18219568
30677162 69812641
79163490 465377
5316132 4993634
41529121 41099507
50 4
11 6
2 4
14 3
12 11
12 0
15 10
6 6
8 7
15 15
14 8
3 7
9 10
11 9
5 11
3 4
8 2
4 15
8 3
14 0
13 8
8 12
6 2
13 3
11 3
13 7
7 8
7 1
5 10
8 0
12 1
8 10
7 15
8 8
0 3
0 11
1 13
1 10
10 2
6 8
7 11
11 15
13 14
0 8
2 13
11 4
2 5
5 5
3 11
1 9
2 10
6 16298770
114376087 120663393
156912339 165078980
11600331 79143407
84711766 55931238
68454794 179701463
44682163 130187049
50 4
9 6
12 8
6 0
0 3
12 11
9 8
0 5
2 3
2 5
2 2
7 1
12 9
0 9
6 1
0 2
10 12
0 1
12 7
12 3
12 1
0 0
11 0
12 10
12 4
12 5
1 1
3 1
4 4
9 4
0 10
3 5
11 11
1 9
11 1
3 4
10 5
10 7
8 9
8 1
7 7
7 6
5 2
5 3
6 9
9 0
12 12
0 6
7 0
1 11
4 10
50 19
8 3
5 8
7 12
7 2
6 4
13 7
10 13
9 4
3 10
3 1
9 0
3 13
0 13
9 1
9 13
12 4
13 4
4 4
4 6
1 5
7 4
13 2
0 7
4 2
3 11
10 8
2 7
5 9
4 5
1 2
3 8
0 8
10 4
6 7
2 8
10 1
9 6
6 10
4 8
6 8
7 6
4 1
8 8
1 10
3 6
1 6
8 10
13 6
8 13
9 10
15 11559273
49987969 29470600
64063113 4336518
71085122 61848358
2159932 22559981
7103992 26818375
3002492 65670172
47620387 6649084
35614398 33393489
40932194 5359823
4707307 14752536
21199699 41630364
43099569 41468543
48743070 67168299
51433385 7946389
358816 72256110
50 20
8 9
5 0
11 0
9 2
4 9
7 7
9 8
10 7
4 6
9 6
5 10
9 3
3 1
4 11
3 6
6 4
8 0
6 1
7 9
7 3
2 8
6 9
7 8
6 7
3 2
6 10
3 7
0 2
8 2
6 11
10 1
6 5
11 9
0 3
3 3
5 9
11 5
1 8
11 6
7 2
7 0
1 1
5 6
8 6
11 11
4 1
5 2
8 1
0 9
4 4
3 29311217
294594482 334209278
411816236 367896238
7167626 265993137
24 14290817
177298630 158362378
160700043 248349761
1361217 107314709
31105407 194337965
74715789 171567611
247995899 61576752
33973634 165249540
115416185 189148023
91829556 192843757
232906885 103773983
231824483 204706246
42012469 183770476
153219011 236423394
151369879 32531844
194008076 238320900
132931631 224478509
136117158 121188459
29697326 901920
128795621 92026980
229221428 84237017
244816268 81027966
4365573 176098776
40683963 99750752
77644842 72827102
19 17491228
94878638 108499216
110396902 176523460
200981036 150697541
188182056 178254957
9111381 75048445
226195889 247520863
277988863 90597425
237507657 5963845
290553050 93965553
33781220 181978780
208728125 207021924
172768315 149569670
34035467 45510060
87083272 128268350
120792386 71198248
215522207 245876199
90017184 111440339
261458020 136733053
143303986 293666186
7 3
1 5
2 3
2 1
5 1
6 3
4 4
4 5
9 9109890
146406236 342122192
17099715 287070459
345023311 376855393
202550948 388340086
149858946 198924886
34790302 140160721
185688842 67676082
131013723 92824218
244634192 337834843
16 1
0 0
0 1
0 2
1 0
1 1
1 2
2 0
2 1
2 2
2 3
3 3
4 3
3 2
4 2
3 1
4 1
4 6606879
5445586 18730251
48324696 30867902
40405780 39597402
50423605 84193003
11 75156021
215892075 64814917
89844142 130081605
257100405 40194985
74949377 215676543
94012568 318384252
107546368 81468232
107073846 198666637
213533195 283001292
297212579 199984039
31271678 111974273
309600941 24025840
13 9509776
11096878 63489342
49060702 55508332
23618998 52252892
3891449 63928292
47467711 13872270
6058434 33984093
1663745 51854366
49756843 34828937
9046444 59272788
54810047 17878647
30774384 18220628
27014896 61833398
21402968 45600085
50 17
5 5
6 9
6 5
3 9
2 0
6 8
7 5
10 1
4 3
2 5
3 5
8 10
1 2
10 3
8 8
9 9
10 0
7 4
3 0
0 0
10 5
4 4
7 2
4 6
2 2
7 1
3 2
9 1
2 1
0 5
5 1
4 1
2 3
8 1
9 8
6 7
8 0
1 9
6 0
8 3
3 3
5 3
9 0
2 4
9 2
10 4
7 7
9 4
1 8
1 6
50 8
2 3
11 15
0 5
0 0
15 5
2 7
11 5
11 11
7 2
2 11
6 11
10 9
6 14
3 16
5 13
16 9
8 0
10 2
15 9
5 4
1 2
7 4
3 13
4 12
3 9
11 1
15 8
1 0
3 10
7 0
1 13
16 16
16 4
15 13
4 7
3 4
14 15
13 13
16 8
9 6
14 10
7 3
9 13
3 6
12 13
12 14
6 9
15 10
0 1
1 9
18 2
0 0
0 1
0 2
0 3
0 4
0 5
1 0
1 1
1 2
1 3
1 4
1 5
2 0
2 1
2 2
2 3
2 4
2 5
28 7010298
20259010 845744
28887952 28986004
1638618 27969512
43477242 54794457
17324934 54103948
46135454 48357062
18166050 54103977
22425308 15872568
1554006 8463319
9075641 43835253
23879253 45583195
19155511 52813269
28573311 36008541
31329856 33816781
28299879 40743296
14062012 26414169
29273006 6968099
11274178 30489222
46660174 3307444
22164714 20591065
52308531 38543916
10298817 12145951
37801155 17437866
52073622 3637010
4880511 11939440
7275249 46476581
44435393 4963060
20003619 21673261
2 1
100 100
200 200
50 6
0 0
11 7
0 11
9 14
2 2
3 3
0 13
6 4
11 8
2 10
11 13
0 8
8 3
9 2
14 8
1 9
14 14
2 9
3 7
2 5
0 4
13 10
9 5
10 5
0 12
3 5
10 14
3 14
10 6
13 7
4 1
2 3
1 13
3 2
12 4
11 6
11 14
9 8
14 12
4 13
4 8
3 8
0 9
1 1
5 3
12 9
6 12
12 11
12 13
8 13
4 1
0 0
0 2
10 0
10 2
22 12831146
55470245 9220616
48539025 76324648
52157672 42587837
7967047 2278982
8587601 27351620
53252894 21691206
37065870 52857632
4064038 53388249
75452122 51130683
5786342 41316092
30489118 83095143
74617234 47597071
43776239 53361689
24567476 59777734
31800666 63782875
41902752 29336853
23327228 17952056
27563990 52830840
40566403 36072460
24175030 77005525
20902550 19145698
48532158 60465340
4 16418107
97072176 57289350
148287917 40727219
8856826 51543479
54036727 62360623
18 2662885
10761913 54603564
58270276 34899706
30447818 6708026
54583964 15135223
16209712 15338642
26458699 36232766
1285395 58402934
5547642 43864784
37205920 39829824
22733015 8004192
39834393 53267719
58403578 58459155
47357703 28917994
8672233 46875606
2366858 31191036
30086327 20491099
54822865 53925836
15073863 39578289
7 6
8 5
3 6
9 2
4 5
3 2
1 8
2 8
1 1
100 100
18 2
0 0
0 1
0 2
3 3
3 4
3 5
1 0
1 1
1 2
4 3
4 4
4 5
2 0
2 1
2 2
5 3
5 4
5 5
4 89843245
247180922 52054762
189472565 201974719
232303868 115080728
182006201 87155761
50 8
11 8
9 15
14 17
2 9
1 7
15 13
16 10
9 12
11 7
7 13
17 10
1 16
7 11
8 7
16 17
15 16
10 7
16 1
10 0
13 17
12 17
3 4
14 15
2 11
6 5
12 4
3 13
1 8
0 8
14 8
2 2
16 6
13 6
3 11
8 0
2 5
4 6
4 9
17 11
5 5
9 2
7 0
17 0
8 8
8 2
0 1
1 6
2 14
4 11
15 1
3 1
100 100
200 200
300 300
